ADXL_X,ADXL_Y,ADXL_Z,ITG_X,ITG_Y,ITG_Z,MMA_X,MMA_Y,MMA_Z
0.0971260666668877,-0.9286371732739288,0.1806087932586481,-11.973565151898784,-42.0480916834732,-26.745948718201067,0.1280206120559032,-0.9113930276969792,0.1576185157993686
0.1038736552315176,-0.927879949435626,0.1866736086526034,-9.598328727103093,-42.02681409114369,-25.021905918612045,0.1294996036441573,-0.9135389561632252,0.1690920040457632
0.1019743382454939,-0.921683639817176,0.1794108902738831,-7.016778830367126,-41.90465471385868,-22.534520623016327,0.1257175749029266,-0.9063128386915004,0.1649533473917422
0.0940313675545401,-0.9056707708170568,0.1940471268795397,-4.974446912515269,-40.81054286143056,-19.3210482422721,0.1148677224474467,-0.8885223000450289,0.1789332708090289
0.0953707130050731,-0.8697003642922765,0.2323468891457902,-3.615112942893748,-39.31256720653881,-15.43658331229276,0.1100385993173196,-0.8608678916893476,0.2005991024447762
0.0909204643225045,-0.8325337550368377,0.2549662866286132,-2.7149062868666007,-37.5983255233343,-11.020316248086804,0.1170502670721126,-0.8306177815672736,0.2283762709303171
0.0969218791311411,-0.8049607628425157,0.2631855993548271,-2.574523110242101,-36.301363934903485,-6.232408805084913,0.1222485498455925,-0.7991707651365066,0.2504016695655756
0.0982881406345376,-0.7895120841612093,0.2859948406363482,-2.7399491246017806,-35.37473889989344,-1.5529763918200592,0.1219397624723848,-0.7781421675050987,0.2611506436430761
0.087927114201448,-0.7929114285982178,0.3177063672158782,-2.7729724403537164,-35.277482415765384,2.527969864546587,0.1096649705102517,-0.7824329578229662,0.2787560217629293
0.0537172096110021,-0.8294517717722948,0.3556173406702204,-0.2832889022932436,-36.02784320259464,6.680792177543651,0.0687745712248563,-0.8250040628087231,0.3212794086750523
-0.0137761804236435,-0.9017790148586275,0.4295821262472525,7.916864755220816,-38.94967825725622,10.36002487249213,0.0180738043468199,-0.8824886117554992,0.4016887921667783
-0.0566953217685783,-0.9684920633882694,0.4647812548656401,17.657307360111535,-46.16393480508842,14.558604698617218,-0.0257586193945087,-0.9450325941477904,0.4315318299019082
-0.083080087875895,-1.0152395136873311,0.3695608583033904,22.714639386335765,-52.89043525976458,18.904848438227607,-0.0558515659331822,-1.008738877800592,0.3489795010150004
-0.0915970061957575,-1.0376551031332353,0.2289539351230935,23.61325548935797,-55.59146408699166,21.13168423134248,-0.0621710963467399,-1.0285518809156322,0.2065279666411181
-0.1061505996478152,-1.0126726036620777,0.123005059593232,22.360882877083693,-56.34993692758898,18.571778375748192,-0.0805635276182692,-1.0069328301388532,0.0850980397093307
-0.1127350743225987,-0.9798889036215404,0.0625306248416466,18.46797566106099,-57.69085201854124,11.517982511524927,-0.0803536302803492,-0.9754458518660044,0.0455022482348222
0.0224472602300005,-0.9840439618467056,0.0221851091889642,8.546865718732645,-57.618219483950845,5.058124680487588,0.0289938162077416,-0.9830020036267636,0.0138353920689966
0.2057930947070498,-1.0068583760240406,0.0158931436726228,-10.80525127693882,-50.35135424896529,-4.310399002954232,0.1944049682852129,-1.0123486940768962,-0.0110550885495295
0.3728625150407436,-1.0976771546481607,0.1193073509165344,-29.63115706944816,-40.33584405777853,-11.409890542784128,0.3599717906062217,-1.0675376321410426,0.0788951535730649
0.552902089642962,-1.2456518172785769,0.2916067879849962,-32.79939685116626,-31.97778127847884,-11.554296471307604,0.5452591228517317,-1.1953023434490102,0.2492097694493113
0.6072177686360465,-1.26525196390722,0.4231883866072701,-25.238468187052007,-24.26496700212963,-17.682073412962517,0.6288249073211953,-1.232541716910614,0.3872864725818951
0.5398010232584245,-1.211155704280945,0.4231536868469093,-20.767153090255444,-18.250801019073275,-25.30615766976697,0.5452581938079273,-1.1849119469618774,0.3924829379924651
0.4203020557657506,-1.2296537535393488,0.3396378178272161,-22.40029521942712,-12.175362590268575,-30.78215959111755,0.4272272122035712,-1.2054185283536236,0.3130193095759978
0.2873731834183896,-1.3126925792230597,0.2531734598856688,-26.442560836044564,-8.553559251270322,-36.49869344673541,0.3209491180332665,-1.2837923760287353,0.2230338237804402
0.1660784879126889,-1.4417758856020155,0.1618538651654012,-26.59066484553367,-4.524890928027712,-39.86657193780336,0.1905577890342755,-1.402299015413886,0.1320437538761562
0.0414494568754715,-1.4661411604345858,0.151459486684309,-20.72578700642628,1.2355685640351828,-44.20300021311174,0.0831809785035446,-1.4401570850501175,0.1213440067932228
0.0559883294373417,-1.4597175065101438,0.1691169107593516,-14.447621977420448,-1.1037160580901717,-43.09279288687422,0.104556324960037,-1.42773466554819,0.1365587430329053
0.2323142857860634,-1.5061273121588248,0.1274768061460936,-12.424204238222307,-6.493584904752447,-47.11279965976847,0.2557392706748307,-1.4528663725543904,0.1137338043248109
0.3819040722207568,-1.438155541681029,0.0630528814860062,-12.929674548292846,-5.788905167619344,-57.66986099161842,0.3857396095414638,-1.4097676351686903,0.0539730456166736
0.4101971561403902,-1.3686198369367717,-0.0589225722686097,-10.591612656682145,3.058181160884332,-53.71365125169522,0.4166849873940404,-1.3388700136712592,-0.074705428722989
0.3664561539794513,-1.3084166317014716,-0.1666486714818131,-3.141588663012969,14.05386157570631,-47.6550614423218,0.3924718355833051,-1.2561966109232243,-0.1895413466027103
0.365904164277709,-1.18360570825873,-0.2276565379565296,11.48345713539292,18.19870695829788,-43.08212576826331,0.3826582789014906,-1.1353626244504744,-0.2627706220503517
0.3463166471221514,-1.048908022114016,-0.2566243164153977,30.98334742016514,22.635961799321784,-33.12282407695732,0.368039924236818,-1.0078608542677834,-0.2818292690279382
0.2249307029058468,-0.8671144520235509,-0.1993352871897046,40.9095211721237,25.07158387183033,-27.54673702062879,0.2623096933377841,-0.8593909672325999,-0.2307076455395718
0.0940858770740045,-0.7393014765259396,-0.1759676197053593,37.71040701223279,19.647409497676897,-24.275791434017584,0.1238530252424358,-0.7420490488171664,-0.2076142021010498
-0.0409263664991037,-0.694694370880016,-0.1962068287756538,30.94868064106895,17.032263743722297,-21.1212443232002,-0.012764695671573,-0.6865806438938349,-0.2125476919155394
-0.1998788881246328,-0.6958494831190581,-0.1613320684215649,21.417027266034086,17.058736374840894,-16.885744007595914,-0.1789018007699993,-0.7074929686450677,-0.189490626592042
-0.3161449253504549,-0.7933834024016848,-0.1161006109010436,9.291164897242451,14.784105766506515,-8.836541875676177,-0.2923964134415387,-0.8069765999784959,-0.1402271823637047
-0.3395273000084456,-0.9526366922007322,-0.0697102109914492,-0.7819948184259954,11.86218896185353,1.0843334328044436,-0.311196259577443,-0.9424191089725245,-0.102732371281935
-0.2939523818682693,-1.1272279507700138,-0.0396840296855503,-6.907274381169771,10.1790602315875,12.514967486224744,-0.2691613113337423,-1.0926246924913818,-0.085854009908942
-0.226377534983857,-1.2283933928372877,-0.0158244091256541,-7.6797932271603395,11.169036487165478,23.475672072371545,-0.1990980567394292,-1.1824042247736832,-0.0451420544946315
-0.1392378927013249,-1.2079775508297637,0.0096290901693115,-0.3305495358781628,11.549959921385687,31.58586974605068,-0.1178945079897361,-1.1718978418986588,-0.0197413670867337
-0.0292714455329916,-1.1426261474383557,-0.0168033949316613,11.163365324452355,11.327630121697204,35.71400500556889,-0.004304731150965,-1.1203033738455623,-0.045947654501071
0.1053278610139736,-1.0661802317052578,-0.0407856646451047,17.218368678101317,13.55164472342902,35.314092934334006,0.1263125749609194,-1.047454291503589,-0.0689955335273916
0.2039888405038147,-0.977269070617852,-0.050383456137995,16.708105635395516,17.359120749537837,31.94133308017144,0.2093732258191147,-0.9626272748224154,-0.0806046611605551
0.2418732250131253,-0.9255019173890028,-0.0483061125124573,11.500761380663567,22.37792112349383,29.609235256841657,0.2568569208823431,-0.914613627666678,-0.0781298389803231
0.2612158932733982,-0.9029330094303551,-0.0100059971505042,5.385206453210309,28.025062434196112,28.46045629445964,0.2846429708649017,-0.885579218888082,-0.0369344172626286
0.2221152126743411,-0.8755129503974155,-0.0020339188285308,2.6410209517860967,32.36191558332035,26.89462901357781,0.2411264549463467,-0.8616867906577059,-0.0168818670436958
0.1516582746507945,-0.8941373154166654,-0.0019442754471685,-1.2540808374164087,34.06769340965152,26.925132598605188,0.1755063949219223,-0.8782517058736191,-0.0244656685679596
0.1040378805560777,-0.9222377289010208,0.0097881862935305,-5.31637276019258,34.04173108890444,27.171377840113767,0.13044094958881,-0.9068640477704228,-0.0140082845176941
0.0596217531087613,-0.9310684248201286,0.0116917978580874,-7.404605281217625,34.14509120991516,26.69570751885016,0.0824717659984633,-0.926897068254636,-0.0033540365800412
0.0259546681206849,-0.9534136641386736,0.0538120570378041,-9.149386422508254,35.02127551059804,26.58002411300216,0.051638405736612,-0.9312580395566064,0.0279691520779337
-0.0065624392068858,-0.9297774791553876,0.0909635085710609,-7.746047302802044,37.213973534892325,26.964694018393068,0.0200414298165129,-0.9078142695764596,0.0646487861883979
-0.0393612407961788,-0.8803242825105626,0.0894438203553865,-5.351887527567168,39.96241444782112,28.07355488493623,-0.0167908979476363,-0.8789274142913892,0.0727801240878735
-0.0488835288677239,-0.847222297271377,0.0935357799906423,-4.166769866117396,41.86690271117986,28.94537395462045,-0.0303827006084331,-0.844321916760699,0.0743625577567206
-0.0405877583574425,-0.8059841679000658,0.0876906663326587,-4.290649714115401,42.859998298221846,30.09156320828864,-0.0258848752467426,-0.8066488793849657,0.0629909220917326
-0.0390378005931025,-0.7855721768106635,0.0751840118642508,-7.640838466098606,44.06968319530098,30.73454165192496,-0.0209924062896203,-0.7865535556706691,0.0562344031310194
-0.045084660974883,-0.7995280957571269,0.089670312850085,-13.271393825698125,46.094344807660704,29.68166787339857,-0.0277750026034305,-0.8013054440308321,0.069506681326501
-0.054520162118696,-0.8414210415334396,0.1173411701724893,-19.522030517219907,47.69593051022585,27.58501885846997,-0.038021268189174,-0.8464106166060658,0.090405156383365
-0.0713497830221702,-0.9063161176199642,0.1370147621506698,-24.22241517932917,48.49906479998791,24.467608687520983,-0.0449362589410674,-0.8931016584068401,0.1192108921641954
-0.0658474899545838,-0.9564805154686036,0.1783146102225392,-25.839005323519256,49.01853533870892,21.484201705503533,-0.0419142648113345,-0.932495509236476,0.1484704624730522
-0.0529108448278811,-0.9739395022914988,0.2240604771258004,-23.43771839517523,49.53564887471458,19.07295291181705,-0.0359053634768347,-0.9496362773251202,0.1777032275775584
-0.047864831649752,-0.9666589418140066,0.2097949819067429,-18.337142584093428,49.8916219381526,16.701780823803414,-0.030403030690856,-0.93927381638802,0.1835097603393987
-0.0346948536104724,-0.9314508723918116,0.1834027832701811,-14.9675295271877,50.06194371057266,13.957723636068136,-0.0134276687432153,-0.910790226432125,0.1647478776322387
-0.0388991877220312,-0.8736049864107494,0.190175702221423,-13.759214384406969,50.94225627323918,10.611934758938975,-0.0132612105401534,-0.8629788566229228,0.1645529025403533
-0.0588519103583283,-0.8180616804925975,0.2018739172937835,-13.75668267144233,51.4801163321352,6.747344084485153,-0.0388249135249224,-0.8172097109480371,0.1834194082731128
-0.0904698661676293,-0.7855195031994073,0.2324884361543951,-14.005893936154392,50.89076777470561,2.091205287470036,-0.0684373479120329,-0.782202937730464,0.2076805174925911
-0.1237362283208969,-0.7854927558482403,0.2726290455582172,-12.316060315633788,50.31510586653557,-2.30212573164456,-0.0964437284573388,-0.7756009442670078,0.2409872166917599
-0.1313854271270408,-0.8360806236444707,0.3187560040123863,-8.918311922211556,50.081058001544335,-5.53250330378608,-0.1070382904137018,-0.8259086891791029,0.2895869042785088
-0.1246452841383095,-0.9330733713844744,0.3826452510864453,-2.543894098936403,50.70322403306578,-7.875049479941943,-0.0989208867047452,-0.9115008485683074,0.3463773795341006
-0.0870866667907634,-1.0310454541284362,0.3893109369750582,8.19387689787973,51.019468971826925,-10.00644954394479,-0.0636363315501049,-1.0103518918921657,0.3646668330457588
-0.016629001072009,-1.1107569082262136,0.3285039380001469,20.46140287529474,51.28843228865049,-11.69801317110264,0.0057951030028357,-1.0909697426063054,0.3144295477380359
0.0391980087195735,-1.138104089280844,0.2504331306869236,32.20662153509653,53.76006059794423,-12.809971230284658,0.0657712458490338,-1.1120804522886414,0.2304566505137763
0.0656271462001556,-1.0756141087342188,0.1344167887575381,40.04738453954162,54.66404240075655,-13.480949667780472,0.0947540867368232,-1.0613745991311876,0.1197722147804568
0.0598845124783664,-0.9875648309663744,0.0200974895919381,37.42135600404716,52.60481224147973,-12.919441481282004,0.0897363123481041,-0.9798823110372512,0.0036668397975353
0.0090232567965118,-0.9455078837329364,-0.0068830829374048,24.8098269593193,50.14014090025798,-11.192497897300854,0.0280042994752386,-0.93742655765289,-0.0258874976542422
-0.1177505992550464,-0.9569781075524024,0.0448658483630794,7.872785922393585,46.7225206061912,-5.843450097211969,-0.1013029454614863,-0.942299290300899,0.0220756841887048
-0.3124637591860476,-1.0351180288367932,0.1453350095176828,-8.529428125640584,42.49228847152843,1.0933465472201187,-0.2658703742262708,-1.0218005707009254,0.1051990200443409
-0.4619242813086341,-1.1688185601452827,0.2916107688823812,-17.67462062895065,36.66719323021858,6.0438381791751326,-0.4021073734392983,-1.1581999549001232,0.2388989855967032
-0.5222620349490884,-1.2443743609338498,0.4225260688949039,-17.655886970976745,31.267437076735696,13.226267698418525,-0.4858855041581348,-1.2258309787030732,0.376472939187799
-0.5382593280765032,-1.198933596070336,0.4599832331651993,-11.640357039526906,25.700619573067,20.858738550821315,-0.5013896977444834,-1.1903836217978818,0.4307113156191196
-0.4712840864433707,-1.1166856431642875,0.3965175437818655,-4.172943485915662,16.42828630971144,27.403111772570515,-0.4305321133782142,-1.1169946703671134,0.3707050107064862
-0.3331101965650459,-1.0683762268744543,0.3029195410253956,-3.349749983871869,9.432568142597477,33.8161398383579,-0.3121442296991126,-1.0804762081369246,0.2824874576947025
-0.2377456194856615,-1.0897265683445538,0.2616292661388881,-11.447233060869616,6.060618230641546,35.355835041717924,-0.2131984680031264,-1.100383136499669,0.2440579344693026
-0.1683164946392201,-1.2035918208002707,0.2444003170800522,-23.074819355126102,2.7900189416791106,33.55488422290006,-0.137176184365047,-1.1905563593198554,0.218256322828169
-0.0616033944149954,-1.3624522370849952,0.2073004258202836,-31.98342083070587,0.4568019844225204,31.365942623292668,-0.026426703703857,-1.3456228798914642,0.1808269617656326
0.0374346834007579,-1.470382778039855,0.182473667111628,-32.40116228240358,-0.1313134715199617,29.88131929397478,0.081991665286046,-1.4462304513526485,0.1505077377648379
0.095539158961395,-1.48428383728234,0.1509876734467999,-25.80829828138789,3.4019430176612517,31.855614262084927,0.1234169707938449,-1.451001036830318,0.1174003387854101
0.0558762440447156,-1.4439669987226256,0.0780467487955189,-19.451805645959613,10.517767666215317,34.979156814059806,0.0842044491438715,-1.4175486238587036,0.05773486644032
-0.0497017687379837,-1.414901857383629,-0.0112056015118954,-14.964852659870044,16.556447978755827,37.374114895666125,-0.0041480788059389,-1.3879763281167514,-0.0321609577649611
-0.0916869136537308,-1.3934446478162272,-0.1345096588835128,-7.864038046907941,16.477817637417573,39.62621814342439,-0.0516813995890939,-1.3556955380884452,-0.1602049500590627
-0.1210948588652136,-1.288600020310321,-0.252157998007421,4.07523760968305,12.999579322865811,40.91405226821989,-0.0856112948174965,-1.2527728026910911,-0.2846487301082577
-0.1521577904683438,-1.119435520977221,-0.2757636668410086,17.54096518985718,10.922821430381068,41.32485902453882,-0.1160628272301851,-1.095734960497725,-0.3207860355649904
-0.1305782828879496,-0.9510536113886616,-0.2682366749808699,28.45452995121501,6.950226487515266,40.70885778330173,-0.0995416211252511,-0.9366304507677784,-0.302398630506016
-0.0830705851545747,-0.783378731302517,-0.257517241188127,33.51410351796818,4.267299239933267,38.74036608677498,-0.0693630540312502,-0.7811917983777853,-0.2934026462491992
0.0157932315897788,-0.7137285814922323,-0.2224680638256311,29.435564018178383,7.140164096446751,35.6692466115895,0.0206226254763507,-0.7101468821579044,-0.2574580532876707
0.1412496058258646,-0.7796223622442441,-0.1579708552315744,17.45268822602777,11.455677063612338,30.60242890393692,0.159779930834464,-0.7719855146468029,-0.1720536856375708
0.2345941500033365,-0.8921223987098534,-0.057661311379963,4.6880396059682665,14.667248843748643,22.20101697757024,0.2566455981206825,-0.8846679866944367,-0.0869625687761684
0.2743080694175401,-1.0346675246688193,-0.006514188481459,-3.6921764104025465,17.256037201531157,10.217467866564618,0.2939058978290166,-1.0141322426071362,-0.0381407741332571
0.2582321021683998,-1.1717123648228862,0.0228690179439361,-7.137443610144987,18.53740811734324,-3.62270663528616,0.2820337746745445,-1.1465714834308427,-0.0003828220453179
0.2284169077610208,-1.2505369185693254,0.0455783373982425,-4.580337417217592,16.568378292125825,-16.8695160419879,0.2571707241455467,-1.2189768017162108,0.0170124879457138
0.1709064612058908,-1.279513663828311,0.0058976131122815,2.551645588909214,14.554972684600823,-28.06223584970743,0.2061656342733585,-1.2336760466735528,-0.0177228697313588
0.0723691165777901,-1.2389253700548104,0.0026565557070261,10.898485756488537,15.194789944188724,-35.675510995522515,0.1048737439030251,-1.2047512195443717,-0.0291205113990053
-0.0522496710205197,-1.1579912611413945,0.0319619646826278,19.791868789595046,14.552809154291916,-38.19150734808713,-0.0182164507597382,-1.1353533266139273,0.0042886925972008
-0.1877641954536825,-1.0824160046236402,0.0244547314480298,25.59754284102189,10.53349981798744,-36.68695299786451,-0.1438884294603491,-1.06293578409007,0.005790706622785
-0.2732583684378815,-1.0096015550052018,0.0126168059268459,24.7421803387887,4.4607991652336025,-34.30840436962531,-0.2334188108564268,-1.004529314533665,-0.0065054677643268
-0.2979688808835602,-0.964540760800324,0.0014390371292754,20.214256111446343,-2.1301610150707786,-32.74660833288355,-0.2684411870907986,-0.9569600906133076,-0.0195936390118102
-0.2900461150377103,-0.9228901702784184,-0.009259184037427,16.136222153338313,-8.528485906570925,-32.557093964988155,-0.2611640646248452,-0.9155122006957802,-0.0388610659103103
-0.2500672995060715,-0.8749077579836172,0.0013037877030332,12.88019678839273,-14.855840337287075,-33.79558784028993,-0.2166090018389418,-0.872998722561515,-0.0328436101439787
-0.1781874278320275,-0.8454854372215459,0.0284889543911608,8.686237349678246,-20.550488925598327,-35.17915974243724,-0.1506976374227019,-0.8385248489057107,-0.0070953979338376
-0.0933611455665983,-0.8240252570654225,0.0602144259287722,4.175000812550278,-24.671206494474283,-36.16627381581544,-0.0698710061254601,-0.8270381708217466,0.034837152976506
-0.018145658971069,-0.8290328028850105,0.098817166316128,0.0893099791420567,-27.865121559870563,-36.77920195905711,0.0066492808233692,-0.8267300435819771,0.0719095076314491
0.0295042859310978,-0.8466162537888976,0.1125366303827753,-3.646981235562653,-31.009027482215743,-37.22947446150393,0.0558021840694874,-0.8337549845359369,0.0882877833938489
0.0399891612340955,-0.855917969481081,0.1130269850023119,-5.635879835206301,-33.9777238487067,-37.92981922863557,0.0778059464950037,-0.8450194393078176,0.0998499447620727
0.0411198765354215,-0.8627350719339043,0.1238134051570256,-6.471792125953828,-37.31297644329004,-38.01835848130891,0.0724599566587501,-0.848200931435297,0.102378383613918
0.0435704727123647,-0.8620254306459645,0.1152891734505376,-7.140108468506808,-40.48433682720543,-37.52374725850859,0.0673112848896212,-0.8531111948125467,0.0990903799240992
0.0458660777597402,-0.8737601125614396,0.1126225148631287,-7.403145162135894,-42.49866839283408,-36.41815109158439,0.0766906628859226,-0.8593926023789835,0.0949611810908445
0.0533212705139434,-0.8863949883867666,0.1226732518882919,-7.852561734924527,-43.702205185747225,-34.36359428452747,0.0790665927085483,-0.8713223301243878,0.0979878506229375
0.0630366637658169,-0.8938957564978136,0.1295889570865767,-8.916042470395825,-44.66374931041599,-32.16653126839184,0.0864421271009378,-0.8856841862026149,0.1055951863432605
0.0802361288828953,-0.9103149211368824,0.1395977677984885,-9.637803859482544,-45.49361697553671,-29.28077251085063,0.1000136878608615,-0.8946117814696478,0.1109356106361566
0.0844727301024342,-0.9092084927226776,0.1513049957125904,-8.496035274744974,-45.57430944504228,-25.858672891346043,0.1056673922258001,-0.8959619823088985,0.1268782197431935
0.0798368050272112,-0.8901762784186353,0.1711358079530177,-6.028705024070063,-45.55752715381789,-22.072378546452804,0.1082608881811491,-0.8746940218192698,0.1414383920103891
0.0866911695129983,-0.8523808281615078,0.1870599211618632,-3.319537692327421,-45.47858230796076,-17.63172394384236,0.1092626059299666,-0.8419703002190433,0.154914066352141
0.1031627507801305,-0.8056668950013933,0.2030589438482392,-1.4520321670451546,-44.39606786716203,-13.059388835314476,0.1208120525072242,-0.8021983261619623,0.177336327351137
0.1254146750266593,-0.7808669379255153,0.228352324414614,-1.577545599906993,-42.80818667292668,-7.869046031163324,0.1413259943108497,-0.7673406346670911,0.2017651197796268
0.1381540679074088,-0.7632843926608568,0.2498434230627705,-3.3203524837990046,-40.87976232778373,-3.011108958148134,0.1599161365380075,-0.7555828234921662,0.2259394324475471
0.145682250439785,-0.7714839508129616,0.2893450751561972,-6.663898323268155,-39.35120217938902,1.8119273253270567,0.1653738860578331,-0.759915581865158,0.2614364568001001
0.1332394947527395,-0.8111395692455852,0.3560761612129111,-7.820925853910902,-38.6541111259076,6.77591039084976,0.1534020869095441,-0.7864429279664216,0.3256828555386175
0.0873402766165394,-0.8632806550423895,0.4153959735085922,-2.7519588810204985,-39.650023397969605,10.887108131447722,0.1242025535630158,-0.8410910766910666,0.3865687555686399
0.0316269751171982,-0.9341815299208486,0.4786787513612505,6.63634228931008,-43.07447798720357,14.574352915474131,0.0644468358933356,-0.9110212631626328,0.4462135176663711
-0.0135925954436148,-0.9713224309413948,0.5136766097226226,17.88343733448543,-49.04705151372231,16.370123231901513,0.0154638232894207,-0.9518325108329124,0.4907706700334646
-0.0307243719052826,-0.971010189744934,0.4031597421512225,25.12236844953525,-57.44213104620581,17.630983041565482,-0.0039154294651832,-0.959144604576424,0.3930392209371584
-0.0336112411300891,-0.9622323315342388,0.2090172517200891,23.42779592710905,-60.466331758501184,17.278785282540632,-0.0161675866406063,-0.9502813145897429,0.1999593052223967
-0.049227540120569,-0.9508405634494728,0.0960073409372187,16.472872097714717,-56.57162017355106,13.717750465571529,-0.0255776059190473,-0.9389724111097746,0.0808786283204874
-0.0639567942852885,-0.9760306094557346,0.0539718417668496,7.984766816878111,-53.52573778149261,8.316966082178793,-0.0416861109194971,-0.9668103937133572,0.031132352404134
-0.0078210917110119,-0.9868117058089384,0.011584277077085,-3.4826568041988666,-51.02524198171374,-0.5049520909937151,0.0149095240576347,-0.9867552820847154,-0.0111562597902598
0.1566352027701005,-1.0058890112278769,-0.0291808169470783,-20.313694647596677,-46.96767977661948,-5.312649420583184,0.1843204278491099,-1.0154883238741907,-0.0539882711368545
0.3870323205707349,-1.1761503424846051,0.0460535670175941,-36.18051677030357,-37.78674921253469,-4.998581318208169,0.3963070966047277,-1.1583833851054364,0.0149785766600064
0.5683532836527749,-1.3813288246664277,0.3160047864057347,-37.03879431205476,-25.563864588158363,-8.72201136082821,0.5748810467091893,-1.3261456963237284,0.280380117619906
0.5655583715909439,-1.3727060880441508,0.5375792254229743,-22.622874308425704,-20.23250082572781,-15.116654002980257,0.5916334523048543,-1.3361624796711395,0.5012664510060677
0.4535153679838958,-1.2441773037137225,0.4907865957788463,-10.548317210321228,-17.988530508198,-20.48607220865261,0.4719579136744361,-1.2309578327524775,0.4680949552606255
0.3386272061707523,-1.2163819496868475,0.3452240852411884,-10.007686161864262,-12.677845276448524,-24.854900364119235,0.3573510482294451,-1.1962226459177874,0.3266305047099646
0.1940795059024513,-1.2572657138835603,0.2515820666831956,-15.360378966491153,-8.79737618725843,-28.4498354604534,0.2363190202392578,-1.2370545844725762,0.222539181082833
0.0541495033112911,-1.337807892263818,0.1960198144405886,-19.42838066025521,-7.00581469710072,-29.717173963154483,0.0956347823407102,-1.3104782519298457,0.1653918067192091
-0.0412222707462813,-1.4240369659808447,0.2034799901137819,-17.48150776332555,-6.976596243356927,-30.47392465556953,-0.0026059138901019,-1.3935575764503558,0.1713836954956108
0.009788891943938,-1.4753081131462067,0.2267052992094796,-12.625804060763707,-11.80838590561204,-29.00224139658802,0.0486792586927588,-1.4482150512440568,0.1925878396100442
0.1877311098968333,-1.5448450048782203,0.2204080389439034,-9.88171091894811,-15.873351290885514,-30.79793196594652,0.2298835639621454,-1.5107831317143892,0.1844689168364922
0.3049820914388128,-1.515728965862711,0.1752356768547846,-6.471496762750384,-14.582376231720673,-43.38221330663538,0.3494768456252524,-1.4821191550648027,0.1447224575235338
0.3805628689949857,-1.3836122019686536,0.0142749219943588,0.0988693210808077,-10.003740077314644,-47.44454287119781,0.392597391999347,-1.3450546762397049,-0.0021703870529856
0.4262100551267035,-1.2740165187063257,-0.1842868067618143,5.609395875066912,-2.1545726230193667,-44.34317747367729,0.4271806158723523,-1.2331207082573452,-0.2066486060233328
0.4398517260663103,-1.1641860708325575,-0.2892984307144044,11.38452753320071,5.3296239859844174,-46.09205878080581,0.443849911998696,-1.1135692114735187,-0.3243846142166038
0.4191062943086245,-1.0319615833187887,-0.3088451617451958,25.76170797715041,12.39208894017739,-41.939242646205074,0.4166922750090175,-0.9803024041723822,-0.3379433611901198
0.2560620956943781,-0.8569392325542484,-0.2448030294264187,38.91114710454232,16.503275005102104,-37.47911690128157,0.2884130389040385,-0.8496700771224065,-0.2728071998278881
0.0574382070995352,-0.7229418922536688,-0.1789219679827686,37.05809552170036,11.302420666315848,-36.9283022134491,0.1093260225656008,-0.7276071823817182,-0.2157017690298902
-0.0803626084049601,-0.7002802194701767,-0.1849858431675028,26.43254285127189,6.107023391595072,-34.18534896965251,-0.048690038192971,-0.6934072805744522,-0.216454169906672
-0.22328261300695,-0.7423590653974699,-0.1464865352186679,13.590623034014474,6.243115064926013,-28.147611846862294,-0.199603207920497,-0.7419945595162851,-0.1843812213700297
-0.3166169726882635,-0.8667705385504354,-0.0704389401076394,2.2973897411060924,4.624352321177103,-16.902524949667047,-0.2876680608398209,-0.8623165039783564,-0.1120956371279978
-0.3032703778881773,-1.0406827863071852,-0.0476183546504524,-5.210121066288894,1.0671779740291212,-2.7363850167006896,-0.2730474771816836,-1.0384056032655506,-0.0748342661822599
-0.2510990410047189,-1.1832381777052114,-0.0208866260118928,-9.769390521185844,0.4025862401458577,12.095534267620112,-0.2220321369162129,-1.170438712248678,-0.0555787323867454
-0.1935236986189465,-1.2389503451988164,-0.0027949113497778,-5.706929688134746,2.278806857069198,25.10064381124074,-0.163557083881899,-1.2060548062698284,-0.0275932458880921
-0.1121476886134137,-1.195434208325236,-0.0187439138857353,6.808013802867088,2.6392028165664394,34.38267274587549,-0.0848859752282582,-1.1689725418676924,-0.0421069588528375
0.018800074370964,-1.119461161709581,-0.0291966365195058,17.73439817535221,3.539000809233753,39.854515170136594,0.0368319731595673,-1.1012078241623076,-0.0728770166401366
0.1696502254737913,-1.0327989182385833,-0.0524363823139691,22.404090752010664,8.379941375364993,40.12391867878632,0.1797184651044017,-1.008581004865307,-0.0789862093678777
0.2599146380920264,-0.9636146265239272,-0.0777098071737221,20.04062435127805,15.491776263432698,38.451910539033165,0.2781861829584349,-0.9382282085240092,-0.1023583347612033
0.3403385323070081,-0.9433703359601672,-0.0549255542640409,11.637875331425173,23.31603182737536,36.86807195043122,0.3525204623290992,-0.9252700055845126,-0.0863918112777637
0.3677295791691154,-0.9085734162226048,-0.0130141068614282,5.971093594006266,31.937905117899604,34.15005543253422,0.3757470031616505,-0.8916732865450758,-0.0376901407623496
0.2877641500984154,-0.873220365786239,-0.0097783336215867,4.258677155457467,40.7609515933489,32.73217602454561,0.3180917195901485,-0.8574985296009798,-0.041766134387387
0.2166043597830417,-0.8835699548058248,-0.0001677366730393,-1.1225289250546913,46.19225941862378,32.132260596701975,0.2396770882759234,-0.8736553998925454,-0.0362749205269302
0.1434303986596996,-0.9058038144565989,0.0276740443440275,-6.561417042922431,47.86665486161556,30.121262879382314,0.1612379709342021,-0.89845908403626,-0.0028296833036042
0.0811206289455085,-0.9207518404276914,0.0439835222158678,-8.568224585660543,49.957438428822414,28.51632275243716,0.1102925415082597,-0.9110699280285492,0.0245266099608105
0.0467083701318173,-0.9066364667273438,0.0714368366294347,-9.040326006889916,53.09509753732343,27.434076818344582,0.0683380520576521,-0.8911500772909478,0.050077136670831
0.0025431174119882,-0.8625071696216052,0.071752840163746,-7.237269351571926,55.806710965459786,26.558495909591677,0.0214002431974994,-0.8530114079063333,0.0487464556291282
-0.022384476656937,-0.8219123573448786,0.0543560044999164,-5.8840844067284905,57.86900366677872,26.79898421586352,-0.0018481668785663,-0.8191144233533625,0.034663013101413
-0.047826872764435,-0.787965682504485,0.0632163433998905,-6.648219077678704,59.48597977725943,27.511891251914857,-0.0266097748553037,-0.7777671359312622,0.0408250054332308
-0.066881449285712,-0.7596538714047943,0.0767495118363898,-8.050566974985779,60.46708199137125,28.27203528751909,-0.0482261738570834,-0.7500036708441953,0.0606028377699233
-0.0825198259933778,-0.7462298450113996,0.0953452663815658,-10.335146329180734,60.97825168306274,28.63812135580978,-0.0645556338441516,-0.7458162492068203,0.0786070646432687
-0.1055134184770881,-0.7566976363871709,0.1067591527346913,-14.630434809870804,61.66022643234677,27.786754509749667,-0.0823957719375058,-0.7654169978260064,0.092311627843081
-0.1052104882562557,-0.8244911409683116,0.1203297625439285,-21.31430319955728,62.19790023532398,25.41398797164584,-0.0838250410560488,-0.8218095401439917,0.1080289448491363
-0.0943031113219591,-0.9270290897970724,0.1586219152418779,-27.542315128142835,62.45014364543784,21.92165741920347,-0.0726573605889953,-0.8984281449223416,0.1313624855112015
-0.0791635294756206,-0.9875898087000238,0.1885048493395703,-29.0020993358735,62.283498770588814,18.06003285664856,-0.0555886423898763,-0.9631403952553748,0.1601666080966819
-0.0594964432480551,-1.006483369658757,0.1922950443313117,-24.98091994593802,61.34382506575505,14.428983810821402,-0.0342046610622169,-0.9885765506869616,0.1737053381777909
-0.0373809722670865,-0.9920072351145576,0.1860021407526799,-18.8786208437074,60.37922724351248,11.197877488713926,-0.0111143315716448,-0.9650244379517772,0.1622979841782612
-0.0195424652472765,-0.9376501888544748,0.1748159509887105,-13.731529108077549,60.40859252621648,8.052133157889127,0.0028771003546558,-0.9173271210585764,0.1449782739376759
-0.0350687532243811,-0.852501363247024,0.1604146489828745,-11.08968906758545,61.49239815919896,4.207393350434307,-0.0100950327709937,-0.8511157136619489,0.1387035214925263
-0.076677949990271,-0.7677393375169719,0.1801035131846721,-11.423842284031112,61.906590358842834,-0.3954292648850171,-0.0556550746372388,-0.770959880932125,0.1549368107855468
-0.1264707852321749,-0.7347333618133769,0.2291238108231494,-13.541667447763023,60.68099655168967,-4.673288834888206,-0.1119990820957855,-0.7271700352397161,0.1945850298352222
-0.1758501716749674,-0.7452077301613754,0.2725932312891505,-16.182567626673976,58.98058390389854,-8.479984219843624,-0.1526928820259881,-0.7433860436008214,0.242225447118583
-0.1871920407982092,-0.821714754822559,0.3398019019742902,-17.520895688066354,57.21511194458683,-10.93019518474724,-0.1650961924690295,-0.8145710936224361,0.3044048912728292
-0.1701378536374186,-0.9416784927711016,0.3827542382944567,-14.640586047390672,55.05617451805648,-12.31730279969984,-0.1440422546214107,-0.920825674668293,0.3504603087471628
-0.1124933163935199,-1.048497413019661,0.3349118535145558,-7.470337806989733,52.78588498118113,-13.267910465065675,-0.0822745503979053,-1.03809511359034,0.3126004685570679
-0.0192640614829351,-1.1504897560143077,0.2724081281423813,2.0262016798305456,52.539108396586975,-13.304318601123144,-0.000841254144715,-1.1258954711616924,0.2426843321822388
0.0170253380117003,-1.1484756956868,0.2029291839773094,14.578029846494395,53.36596640303881,-14.2610239916169,0.0500940600752925,-1.1220269138628702,0.182256675795334
0.0285087638191613,-1.0699693924865854,0.0959458619490758,24.48546074809641,51.48057750565393,-14.395468709505208,0.0648067961746811,-1.068921991859761,0.0889618182299301
0.0068132112905476,-1.0483848693411009,0.0465167989425169,23.46354642524078,48.23785326432935,-13.255886066660285,0.0387331902561028,-1.0432437976090887,0.0256899479279391
-0.0876758588440499,-1.057293898550356,0.0469244320382276,14.310001689384048,44.71537604033865,-10.268354463272171,-0.0379994416472807,-1.0520299957850758,0.02225182821023
-0.1938323896832885,-1.096158777870642,0.0718020769548929,2.1878788180051827,40.55790788256938,-3.083570603569889,-0.1603851401345805,-1.0980891750309532,0.0498565176052932
-0.3225097719454614,-1.178418738814591,0.1803763920914405,-5.212550278041556,34.50281597258824,2.7393148390712394,-0.2953414676917064,-1.1741101097650697,0.1412478174076632
-0.4174509506769422,-1.2432293246886963,0.2956423486645764,-3.752125436933825,26.47961468106636,8.681320102053434,-0.3710578309043624,-1.2267586783144029,0.2574095031129557
-0.4526921751916297,-1.1962584642067582,0.3882153664095069,0.1427228890783999,21.082210000225597,17.45077271083974,-0.4095197146488171,-1.1804771943961443,0.3567676416649336
-0.4551858353356861,-1.0701598550696143,0.4279753485004399,4.175978129592021,14.720504212647043,24.366283459734323,-0.4127558488471036,-1.074250194650696,0.3870364842981539
