ADXL_X,ADXL_Y,ADXL_Z,ITG_X,ITG_Y,ITG_Z,MMA_X,MMA_Y,MMA_Z
-0.181900731813585,0.4951247688332018,-0.2465392145928132,-25.708653080522183,3.653565188604974,22.581459068641426,-0.17692359759037,0.4741239231303108,-0.2510118577118783
0.1751555559755612,-0.0837535279784165,0.1091992368936097,-25.9897423878892,5.460222493504805,54.00761533926676,0.1570523314051237,-0.0361616376748405,0.1220103121778307
0.3340166066777046,-0.4041744481558632,0.2547865204489031,19.300166500985743,14.882735039706592,71.54682797337034,0.3208962974766824,-0.3702656276909885,0.2860534397086711
0.4007427680856538,-0.5481429141697625,0.2409490280726181,62.50877857525347,18.75718804077237,79.43978213091158,0.3919237983063003,-0.526024824645803,0.2876653519678221
0.4575741500121966,-0.5899368620019182,-0.1471289763608765,93.79400135794444,21.69722550180509,69.83683692919394,0.4453095139000234,-0.5837340042052266,-0.1069219785193612
0.5076333299046646,-0.625596507380844,-0.7553100818616227,115.5183587457079,30.883218203660817,56.4048889579222,0.5019835476627522,-0.6171111620043007,-0.7165215028456621
0.6538561392850126,-0.5292378265577444,-1.0886427274514323,128.1796740973032,43.23345232222184,32.88600640677664,0.6713913186282594,-0.5273617870111544,-1.0900890358788042
0.4303509203612654,-0.2582822839827045,-0.9079627894715232,131.90095462476643,53.062137525061374,-8.408251369641578,0.4597883735629365,-0.2772404598691056,-0.94990354367798
0.1327003076055504,0.1378310136657284,-0.4052760819974155,133.7536597792559,57.10565560549431,-44.27269134038106,0.1625077042997973,0.130529107279128,-0.4015327209543366
0.2077076170114704,0.4067018325992525,-0.407434260469981,134.2203966405881,53.60879617113334,-55.13078574572573,0.2247069145344977,0.3842128736075492,-0.4001673070199594
0.338231860129267,0.2758003051640924,-0.4917036761204443,116.39291820943188,65.75840904984514,-45.604546746643365,0.3045426927329011,0.2267327029187586,-0.4910395841053227
0.1427829298360574,-0.09201581414147,-0.2717333626152768,70.3250852367227,99.53406626094238,-48.37874292696193,0.1430763814115714,-0.1619225947714904,-0.2606488247072872
-0.2274296425694873,-0.4816923615096369,0.1840188156724067,19.79774660979551,101.29041656377667,-52.6313862582032,-0.2186237095091214,-0.5211256489416585,0.2036018688173
0.0530764141169047,-0.4209912932276594,0.1861432211437647,6.300939591145618,94.38378981094904,-45.63727590027206,0.001416869196056,-0.471284166431125,0.2615384541633377
0.5122444190813948,-0.5989933343956233,-1.310332951989953,-23.689650589130743,100.80239210765713,-27.126245913206905,0.5514134472068531,-0.6792488577337277,-1.3111126765528036
0.8511713627113215,-1.7216341318058976,-1.6892010595034506,-73.03290010588665,69.13709152728774,2.139978983653028,0.91772900830885,-1.6798560548777297,-1.8019479945734425
0.8902246552803067,-2.521309543530922,-0.093777273539672,-47.827345853503886,56.128501063864846,-2.6416053794412155,0.8941238687927138,-2.4543178531382863,-0.1430160350135821
0.2850923161876449,-2.82465691137021,0.4932020420889603,-8.413630870701148,69.67639912855778,-6.229161730106345,0.2918224209134503,-2.899951013604139,0.555778979369501
0.0604894571742783,-2.788068896684674,-0.0182697270753358,-41.62524014065402,71.66375211845752,12.008405831539,0.0691077919039776,-2.952030558681197,0.0770085926018225
-0.4551836300435573,-2.07479639499933,-0.1231287242881002,-104.78752992549856,97.09629111088532,15.727194025336829,-0.3834556695823206,-2.1537979140918493,-0.0831686479653205
-0.6959820422745105,-1.5407149491673242,0.1906340600895566,-120.12208986967592,88.96313769792016,46.07305379489648,-0.6321802933444085,-1.5184356270416348,0.2106464963825018
0.2321527672376321,-1.3277303831508505,0.2881300663489305,-95.01657845697176,56.12879095791629,81.54079296296877,0.223136944622623,-1.3881838229485446,0.3257933100172061
0.3035644233045084,-1.2387415669034605,0.2471635089915069,-117.2681569616262,53.115858089699415,84.08082162021117,0.3112156226639715,-1.3654933283487158,0.2732522909017946
-0.0374264067061217,-1.663577019059734,0.2612440712226652,-192.5883931864606,40.522555244683,95.2583835001847,-0.0290528845955194,-1.7491655151677028,0.2970348371570348
0.008110096733631,-2.3195833446945606,0.3593988245825297,-246.9420962256657,34.27705149627619,123.80058522721288,0.0243607954685659,-2.3084879008059134,0.4016460996283995
-0.3186156775756561,-2.703802197838213,0.7190823153767719,-221.0573335492614,31.497192679494127,143.62484746703802,-0.2743390637322254,-2.6563041005922576,0.7550925263954703
-0.7106999634536351,-2.699367275251181,1.024597408336516,-141.80958290801777,10.599314736143029,152.85894941807717,-0.6836614007374497,-2.699807360412083,1.0690297609524873
-0.8260329361333025,-2.349753774166296,0.9283747357867012,-60.32900724604493,-3.442051734115982,169.40210540840835,-0.8217722640732653,-2.338828937181628,0.9984623673664542
-0.5695355405380378,-1.9030395141272016,0.1717701527664741,11.781134719679104,-8.907517471097396,179.76509260094318,-0.593858535082531,-1.954165589765359,0.2710028127141265
-0.2168920154557329,-1.5635324631989425,-0.4429371396489598,23.144285067791163,-6.064871742516663,173.4174522248933,-0.2381812616603308,-1.6236753950061935,-0.3685658761403198
-0.0465288394821482,-1.218712302637637,-0.2348183457151272,8.486321003859397,-1.3480953736531682,156.70881525957208,-0.016198294713914,-1.1870943317435492,-0.2095315428446723
0.1809463588338068,-0.7993337786890977,-0.1886517348508061,31.354162003601875,-14.89561514259553,122.22487303228004,0.2209387165653091,-0.8072310364375714,-0.1705457706099069
0.3879320786747596,-0.2460540249092149,-0.2008711235909526,41.60704153975002,-44.01380951094762,73.95167951774816,0.4031142086804905,-0.243665097579946,-0.1754432621807381
0.3367409875448771,0.3643613854198865,-0.0685538837151298,39.72309820758729,-64.12362944810995,32.425183138663975,0.3403395129371929,0.3797547788127614,-0.0424482297323883
0.2477350874349815,0.6345047443560936,-0.3598101322815441,31.37781152395409,-67.15836886171545,9.106465947882134,0.2348630197161607,0.5762065295912786,-0.3449443716045799
0.0870433571384055,0.4517196012211562,-0.4794777198305794,-2.782609870054082,-57.7225404633399,-15.482165680173198,0.0745734247303411,0.416673205241955,-0.4835201888374247
-0.1362631602743053,0.0362692061028131,-0.2809006538736956,-28.93431083302452,-45.2536633958325,-36.97934862033711,-0.1306391347096431,0.0537732407529604,-0.2848693286472933
-0.1307404505227566,-0.3743116763300369,-0.1506617342651576,-29.93438995779684,-41.35437196418809,-39.198255700382326,-0.1348199448296468,-0.3371863243385834,-0.1446456660134238
-0.1613049164682239,-0.6397374988718431,0.0325869491508604,2.307514838134965,-31.20968220565861,-38.10607999735522,-0.1675098809738879,-0.5947472708089034,0.0388876184956697
-0.164129624238272,-0.6583666981925571,0.1557156300929951,56.08022149597162,-22.42168607631294,-36.37331783564972,-0.1634897429852398,-0.631291565794831,0.1604829924761653
-0.1340933251051776,-0.5132253097591031,0.1371208969355837,98.44811535458214,-20.338440519283647,-32.804192485029375,-0.1318613700561878,-0.5153484326511811,0.1589446141320156
-0.2149582452386699,-0.3456476477764196,0.0385657008455443,120.49968099338317,-20.40415240662399,-25.933948886895497,-0.1973299356936964,-0.3515195841689773,0.0638550752937834
-0.196667350259944,-0.0843826275758727,-0.1724683866337243,126.16550781138407,-35.205443676633735,-10.927100499904938,-0.1805874135907405,-0.075821653970999,-0.1709736897828975
-0.1440236888327539,0.1173871055910328,-0.4945848536248218,127.6523202024962,-45.67676277029365,7.554908094499106,-0.1260173116893082,0.1096590993029295,-0.490617050223211
0.1847714717621335,0.2879589703256852,-0.7368764726064868,128.00323938665892,-50.64315035905946,21.113195534411847,0.1785516268348471,0.2764867350441936,-0.737741297655605
0.3025660922622959,0.4083193593176456,-0.7355731754019201,122.72463622105803,-39.58978166534676,23.24347705682024,0.3057423650226988,0.3919877472788715,-0.7397100574459271
-0.0937517936193664,0.2653521904455367,-0.7007901189964121,99.83827822308214,-33.51990087245628,22.318390382952185,-0.0293380015273862,0.2239749098704864,-0.7030282827803948
-0.5230604186125527,-0.0494950041532636,-0.6486610600683674,59.84485663021515,-61.695696763131856,29.10016459837724,-0.4738615247320834,-0.0861007274731892,-0.6719801147633445
-1.095130786870518,-0.4835769376356747,-0.829671441626594,27.136727186174102,-82.64188421811937,41.089929359322426,-1.0451247752983346,-0.5317729881499536,-0.8041951215245791
-1.0059049474998016,-0.971007665318085,-1.341989084071594,-27.705919056711284,-110.23280443185315,49.829722449715135,-1.0420877979193874,-1.0402920289742508,-1.345354385854011
-0.1346336976712876,-2.110687213947146,-0.5749695477858174,-111.20207703237112,-78.56997933309412,76.25882195008656,-0.2535194577324917,-2.111270717145253,-0.6434273523487556
0.4442988671031251,-2.9850208208112314,1.3293783829990824,-103.2715136626917,-8.160075576871888,92.2306331202122,0.4684327500936941,-2.8986495420518548,1.3436115931636623
0.3216516386955727,-2.02893570975357,1.3958501566095214,-17.006746986366846,-65.87593410270873,29.45161356363521,0.3515989537271585,-2.024763196915176,1.4004219845110997
-0.2084258028433682,-1.2751363017201938,-0.2950941693108984,-34.889990200735866,-130.87461300495423,-52.62447191491101,-0.2605108757840392,-1.3695423145293937,-0.3206901192471905
-0.586811500896485,-1.5699947962445444,-1.2431390458302962,-107.80642564209114,-95.27593243457656,-87.82340521140603,-0.5777063412568588,-1.6029896444835767,-1.2250146263011634
-0.7711912844264003,-1.6213133146099137,-1.1192938023258323,-108.25624600088368,-63.66028036647722,-76.35919886014656,-0.7539440647873359,-1.6439095977570286,-1.126807822816128
-0.6222192042798297,-1.7489887083611575,-0.4700445882783844,-112.34920682955068,-51.24128688940765,-38.00447150240844,-0.6277042500355874,-1.8090917400083435,-0.4875686197609929
-0.434254549231894,-2.0291609891465887,0.2648980064539596,-136.11170147866784,-41.47637902749528,-43.03444727677432,-0.4279406366257864,-2.066059034205798,0.2849834503333934
-0.2517209880813132,-2.4729847943759005,0.5580600811302809,-140.63633466107598,-47.20096641152616,-79.81703641114353,-0.2610962558336266,-2.509084836034174,0.6132437845310421
0.2334863889563453,-3.012844955272828,0.6924618320835555,-138.6603665396248,-53.235634877027614,-106.12837112989864,0.1944047373439539,-2.9886387914119554,0.746092666282733
0.6268855720699346,-3.0105298291660896,0.7078163296515058,-84.71871124702616,-52.70152954372446,-135.85972297279608,0.5755309490313554,-2.957060687256206,0.7790924916165702
1.0190225496656993,-2.412823405721833,0.4163869295460439,12.196273322413116,-42.73168754436214,-151.61092735105169,0.9824957529722458,-2.459133508487553,0.498362637497351
1.0760881333246053,-1.4956605437493509,0.1573696425107733,66.44458540189825,-10.671555097347968,-163.98906939879237,1.0597621048146693,-1.5549398116715276,0.1870969802880358
0.6758391066162203,-1.0017127816937752,-0.0581204030102535,44.90745843466651,13.307512992649071,-175.6377466005732,0.668002609697091,-1.0791743726733711,-0.0392527167915857
0.4141807398370156,-1.2519918619170052,-0.1135904425531756,-24.31091048761689,14.853035529946368,-161.7618922849193,0.4110839994497643,-1.3239537198872788,-0.0904519953765455
-0.0187402428979429,-1.359530543024575,0.0141619444614902,-42.51152521632488,22.03963977578078,-159.09030502452532,-0.0133526219819152,-1.2916532700742327,0.0341469473102046
-0.5225799655209125,-0.9171485647059384,-0.1618264859852516,29.259345366278477,20.169233779176583,-161.15341185020526,-0.5127259814346329,-0.897745391662262,-0.1365039394033151
-0.588733413595435,-0.2594346815669475,-0.507325093695043,69.13601144323036,6.255481972814444,-128.60654500067798,-0.5810473510855401,-0.3776191105546533,-0.4981688140425757
-0.4061622423921105,0.2770756616358864,-0.5339615913633097,13.348587700116664,9.32449011476998,-86.23294494013403,-0.4089217320063051,0.1851081010560248,-0.549146270852205
-0.1311157675388781,0.2922575101589432,-0.3406893175171169,-59.396539304855466,16.82968480187131,-57.60747027199489,-0.1546881800496591,0.2647028029351562,-0.3533379660795698
0.0790633135762891,0.0671203825447154,-0.3255775183028346,-91.3330768899734,11.83247006604671,-49.559078128944776,0.0669059501559691,0.0735071228194184,-0.3113019809437923
0.0929389872813825,-0.1165835296432729,-0.1984528343651605,-91.76092690218834,12.466892893750847,-46.581383799454535,0.1016126122754324,-0.0799632079659458,-0.2186676544485207
0.0455302885374851,-0.5523181072596319,0.1895980916441673,-69.33618615068376,17.231895936849195,-20.946040417385586,0.0533300864414069,-0.487243803713,0.1712305845904195
0.0081419300159969,-0.8184480868027875,0.2890928767192972,-15.465975804747991,9.928818129085323,9.953796456862532,0.0101984739722476,-0.7714069852604748,0.3370788057953089
0.1483627877934245,-0.5903778333286045,0.2497954080241782,52.68104843442725,6.113019770429591,24.963509239735007,0.1209155817928179,-0.5562545833806092,0.2808632765753761
0.3982092786617587,-0.1692010775220335,0.3303925730621564,110.52289123253694,19.06027909338204,29.038835604187195,0.3604097011183826,-0.1308355584230723,0.3504127352714196
0.4859623733867264,0.1601767245829177,0.3331744416484592,146.98400562499668,37.70731014313002,23.1648039431286,0.4617517634511096,0.1435555714729086,0.3730939933518717
0.5495558429070608,0.2164501590111904,0.1861347406136827,143.35304242277638,50.9301849382913,12.979962343731128,0.5176811291689354,0.1735310544269835,0.208860999698209
0.632298496444198,0.1525488507030943,-0.2031561117214654,124.17295972779615,68.55500027857802,4.762984065311961,0.6100037423713738,0.145599080607742,-0.1751169147528379
0.6342108803350542,0.01408623803002,-0.884229211862152,116.4320381057722,85.9830982296127,-12.191796443379218,0.6523865704205527,0.0097181241298279,-0.8486868466041428
0.2824444520092047,-0.1682540940055061,-1.2068945713023125,97.48362154477196,91.02960729178577,-27.75453474955489,0.3209473894119058,-0.1758316641517646,-1.213041403846843
-0.3889949103385177,-0.2339278609765331,-0.6537507978186531,89.26334418236307,100.36088316759114,-30.145876242919275,-0.3578937914133385,-0.2371308792288483,-0.6976426773730802
-0.419782086460554,-0.2045181446955655,-0.2394379510474953,90.23763142298549,95.17469777401593,-30.742971831682212,-0.4190842925858399,-0.2316928695537735,-0.2554189333277133
0.0198273297923317,-0.354483713141377,-0.3314326818020098,73.32410788723202,85.0322009274615,-25.62846161351029,-0.0146616034647349,-0.3642563982130191,-0.3034508220533564
0.4421835610241609,-0.6005202689518213,-0.6560422714112262,68.13354313852233,109.87295449668837,-19.50439935430838,0.4434526964253246,-0.6360617526305496,-0.6449769893409436
1.3625280808900615,-1.026328005158648,-1.356093402480735,35.76059714098803,128.07426948122702,-17.90311040017745,1.4168550593617455,-1.1356973282962604,-1.3549833395936195
1.517230840417026,-2.285418966015282,-0.8353164738145729,-21.62422143418321,124.7164193823011,-29.217008217652985,1.583634759631695,-2.321326475978395,-0.8192718218846189
0.3644525628325463,-2.7168703120076456,0.8323568652865747,-1.0412101556553188,117.67616779402552,-51.5075165496292,0.4071791185434667,-2.6851964828097925,0.8392950906951766
-0.2711088671976765,-1.4190066842994524,0.7591076812885522,45.60270653813359,100.84926301764328,-36.25163611949024,-0.27276055765913,-1.483260379787904,0.8086618178381965
-0.3257291101119095,-0.9051288591894892,-0.7845556487064751,-7.467637203377953,89.77456492150743,15.556147938541171,-0.2923478688163815,-1.0301298812936304,-0.7074997648499906
-0.3106092731946498,-1.4717591167818238,-1.2682854243646555,-99.66640733507256,79.66800637569673,55.54340278862071,-0.228516589475529,-1.5026094142512951,-1.2587714407778714
-0.1607163208431074,-1.6780474916030514,-0.5274099259038066,-114.84686575741544,55.98510918158807,54.03651193320675,-0.0984838021340462,-1.6789319988021134,-0.5603275869257481
-0.0493101553068677,-1.538555019335997,0.1341932241608901,-104.2587326313684,25.03580201767378,35.13772814960225,-0.0307544319029366,-1.624194766129624,0.1304886931983538
0.2435122775178491,-1.5855857653443013,0.2860969194319345,-134.47746423134376,2.6913560744815963,53.96983264614383,0.2412856324929645,-1.6446130080840988,0.3302623092688778
0.2864281721055235,-2.012675164876864,0.2312612464234018,-180.45946489993744,1.282111708977401,83.90355143915554,0.2869452766656951,-2.0811656437651305,0.2863062182857561
-0.1084536164995041,-2.57287520084693,0.367878067243221,-230.78035344793508,9.003041152386716,97.09794653465718,-0.1280553636831104,-2.684037343113217,0.4235013266430768
-0.4537786616330941,-3.117020199109753,0.7684744319408348,-241.21474513877988,10.523846797485811,110.9505429174535,-0.449831952892298,-3.120316920047141,0.8430236525821999
-0.6429039856437555,-3.2482862865566524,1.0035441824197706,-160.88275880167492,-4.162805814023953,119.30122612320018,-0.6187008159128554,-3.180642399871481,1.0716183838041868
-0.6416130240162147,-2.807410454820333,0.8521580877947007,-34.59864460348675,-24.27597110541341,131.10704214616004,-0.6548722086979252,-2.7615392116945605,0.9102430425348408
-0.5289479237463828,-2.1588690043516547,0.5269787356541806,65.14609352762338,-29.9414277019293,150.2097857852681,-0.5523820173100336,-2.1763956244418674,0.5954836343007187
-0.183259002245972,-1.4894586828115433,0.086271458852766,116.53849895372852,-25.376259696504725,177.10720982919932,-0.2200457377245387,-1.55630057506511,0.1514261693114065
0.3077601141896325,-0.9619540646255512,-0.4108912885054532,110.13815155898251,-16.999769180681433,193.78701684056549,0.2902404838984487,-1.0553731431593487,-0.3838510686194564
0.5255250999510155,-0.5843348915969091,-0.5127668107653772,49.85787409700112,-7.90668393090921,161.78901103675838,0.5390183741428993,-0.6756963881142142,-0.5229673312075649
0.6200090445561017,-0.4195552873325807,-0.3322169734217342,-7.229137214664864,-5.498479380334207,113.82838803487029,0.6179307030397558,-0.4584286023652385,-0.3409461609853973
0.6548344803238855,-0.2848764998625285,-0.2648457141812724,-37.497251888060056,-12.79916752189922,73.17176860989579,0.6897243971269029,-0.3273108255370683,-0.2626742750232658
0.3942978656453481,0.1304723023274538,-0.3036319973168453,-51.60756138171607,-23.200085068692758,30.593450717041215,0.4312739679546409,0.108501344425926,-0.2985929360815091
-0.1729449961699681,0.4586438081412567,-0.4486023167232461,-56.09454992977806,-29.793676943718665,1.587526989068362,-0.1856760705444655,0.4586432300236219,-0.4487151821354623
-0.6707759268915093,0.4460055380812493,-0.4290120919553353,-64.89950249749695,-32.56523901777601,-16.805619572248972,-0.6718357660826908,0.4291483882864714,-0.4375800750542336
-0.5785399549936936,0.1050109986587278,-0.2979914265057006,-60.593259596760895,-27.272668089133923,-22.386181129359265,-0.5792598489850918,0.1134763534296821,-0.2984515364747457
-0.165997422237061,-0.4367448079988935,-0.1869410644738302,-39.483149301646215,-13.428237076585898,-18.783195235120854,-0.1654182672220525,-0.4138611359048606,-0.1766083593434858
0.0061899752561083,-0.7437024795613288,0.0567669707502295,-1.6252505970265223,-4.933192515840473,-20.20487493510038,0.0132661253478193,-0.7029310243646865,0.0621990140829024
-0.0200421690315097,-0.7540782857823728,0.3085886623094274,55.23051838431633,-5.219016708329693,-19.39028759815831,-0.0285775139153113,-0.7246244555435287,0.3269851361860753
-0.0505820724315217,-0.6107926189278634,0.4815962732460793,106.82589411621416,-7.394135052091241,-18.836959523854933,-0.0519194060683722,-0.6139093839130543,0.515119868399763
-0.1315403736453474,-0.3158867767492501,0.4444647208586932,145.3300727981235,-10.64989143274608,-14.500053806664583,-0.1203292822054788,-0.3269801553131506,0.4631435562465609
-0.2888567016788441,0.1169108493466554,0.13016021100908,162.0391238501937,-19.50330718925986,-2.103038016281162,-0.2626712143115996,0.0679516395594494,0.1860622132518617
-0.3227487554817483,0.5046551942132531,-0.4821938731950251,152.0092314509049,-42.19227241375968,9.507674515280003,-0.2992833979273414,0.4322291201681881,-0.4377532638269877
-0.1155882602205977,0.5517975488487632,-0.9600002771535878,119.39912239916038,-60.99214243314492,17.99572920389144,-0.1008134426446691,0.5153337116007433,-1.0060692300854286
0.1593996782547113,0.4870397597199173,-0.897959627100356,84.40057789091341,-60.31216649577253,10.104954353321018,0.1749835348366774,0.4595467579262412,-0.9210172657823776
0.0171463484763764,0.3269877237290378,-0.6692302706261863,59.42636171766574,-57.27830714134341,-1.4956620621695411,0.0328479541231068,0.2759919866913862,-0.6611234528147683
-0.358951462780754,-0.0758379767715717,-0.4335777629935333,34.62362904328384,-72.53968218449869,-0.6524659098046328,-0.328716711758839,-0.0995394412091798,-0.4374999650180047
-0.490158228327073,-0.373389482403233,-0.1399008738942388,24.549091356696167,-93.077129422239,7.75741793234116,-0.4882198618753864,-0.3915516691114606,-0.145914619197501
-0.9692500107673014,-0.6183810065380075,0.056212203786109,25.36388255429174,-91.4224677133898,24.343209141506357,-0.9592351030140248,-0.6559725111724168,0.0694890081088133
-1.2911864677751714,-0.9023660882768056,-0.8537245788244407,9.327426526830743,-119.03938372518417,26.337250175453235,-1.2572076101072156,-0.994044909333848,-0.765240015406589
-0.3765643670656703,-1.7165900260054183,-1.8349541334174384,-72.32575753022685,-143.2560016868361,43.23413793532266,-0.4546555630240092,-1.8079980866009389,-1.836178264222982
0.4585740282851268,-2.837595573454108,-0.533161256558783,-143.65854160407062,-73.67654847401423,76.47163990575248,0.4234240243954821,-2.7837898898594142,-0.6400617056586041
0.165647803076623,-2.740884318047894,0.8256574248709159,-75.13471428822344,-36.454511310318765,46.01095236932175,0.2969031970947191,-2.7415807305600235,0.8500091739078178
-0.3836462722540094,-2.0711237806357605,0.3092708356412796,-20.374860690891147,-94.42468315343966,-22.991079348395903,-0.3153290497003803,-2.1799812247861468,0.3701328601779731
-0.4633955243915013,-1.8572104418279132,-0.5793519029146545,-66.04175507241764,-136.06190188440075,-66.96972319058503,-0.4595127961818919,-1.8901795603019789,-0.5819277406210073
0.0569179760670704,-1.6313274571020404,-0.9150196089643616,-79.02690012677111,-119.65449882449391,-71.39956106887814,0.0422206253702402,-1.6479329347426224,-0.884786453137743
0.2775750028317679,-1.5760717262183146,-0.4951346272097105,-71.88336435169943,-55.671952857570176,-61.16066285288218,0.2460233916002857,-1.6168266982273058,-0.4658980490389731
-0.1075409333312112,-1.8731810976037735,0.1486595244337802,-94.65274102148211,-12.807966700982286,-70.21088239224073,-0.0595156986626801,-1.954099877376104,0.172221689797608
-0.0512864490395856,-2.28503699616434,0.5763727332479849,-126.6286111232958,-27.069897678135582,-88.39232760370433,-0.0269914928649195,-2.3532676612187746,0.6358411070782132
0.144850737868616,-2.6129737310194363,0.7219232030971381,-133.95335543950443,-40.84609538515026,-118.12940970250908,0.1291039254856102,-2.607445643130811,0.7830478372958525
0.3913805741518488,-2.777758402992466,0.516429228726771,-96.9100375232386,-46.80512357930137,-139.63984882895917,0.3827443835911545,-2.780206713895617,0.5809476017210333
0.8939771833745784,-2.656726511779438,0.3427077987676971,-52.90050243738922,-34.56846669786368,-142.01316157859955,0.8511831468955624,-2.681922998376029,0.4063484868332268
0.8345928798502628,-2.1822936508485,0.2881913326725426,-24.36481348509316,6.621965191507498,-153.36948655384563,0.8170796577705101,-2.2039969074616983,0.3255091009618474
0.498613677585588,-1.8763610926525691,0.2003856396481735,-0.4007705731682538,28.1001353442822,-153.25493342826695,0.5173255007169458,-1.891533001313098,0.2449984558493673
0.327295119568667,-1.828472976787936,0.125111666391718,15.152207500619898,32.444501020454375,-133.9737703829808,0.3413667928740278,-1.83487648121264,0.1748379466113285
0.1911624367670856,-1.5524526842068522,0.0888825443727157,38.02398779066956,40.71965564728424,-123.26801025632736,0.1737556464532285,-1.5133075146899762,0.1095367135511834
-0.0333929643920655,-1.005047556790859,-0.0754449222387034,85.2013501301222,47.93743917896318,-123.86297835698716,-0.0416441966245235,-0.9707601681581453,-0.0500636598966472
-0.3984325702627549,-0.4138262382801035,-0.2840620028100294,114.24618928485246,48.85305683702682,-118.5973846071434,-0.3637887506819386,-0.449653525737718,-0.2433705391114131
-0.6427329195155647,0.1900223649454154,-0.3784734411791967,106.47801680095168,36.64608512073251,-104.70461005583276,-0.6194724583186295,0.1459090544754017,-0.3713979725223514
-0.7070447415772028,0.7633574840191008,-0.4580620270944793,80.31713995974657,27.93072380992505,-85.2519701988446,-0.7085938227662079,0.7053619491610549,-0.474152499217889
-0.6217826491770635,1.1209405768538103,-0.5078137609581248,37.45962583102708,23.709390925477184,-59.67627443047534,-0.6138830136435894,1.0527870356132871,-0.521224986150802
-0.4588827397615195,1.0139663494989886,-0.4947842194575773,-10.51969520252096,8.793687726495829,-36.581534101876336,-0.4398416439962894,0.9878903692211178,-0.5163233070924333
-0.0907314775967478,0.3639147172333751,-0.2141275010525874,-53.224872472080285,-8.051557771786195,-3.3540079239581337,-0.124399395827345,0.3934593771210865,-0.2396597166917634
0.2705517078743089,-0.2943187298376182,0.2472660750989469,-64.38992474121206,-8.534855596260286,32.48442725310255,0.2246215464391836,-0.2363527518485773,0.2344148659191081
0.3502432281969541,-0.6161277558314384,0.4844336979503363,-27.14253620936084,-0.2383565492992037,45.228947059608174,0.3278691508918842,-0.5728748106824115,0.5145976734425395
0.5100930753920847,-0.6657114454607221,0.456619875437649,27.222071015289664,1.6036855690064316,41.80189890884944,0.4720187807454805,-0.6274935035929836,0.4872433325340682
0.5343587080691129,-0.4758900995687701,0.2590367281129,73.11554794891579,10.154400397127867,28.465959965106425,0.5112373839167189,-0.4483407319563929,0.2757515403475783
0.4670396708939974,-0.2177936564202435,-0.0895775991661897,106.19264172515472,25.96117864363102,15.381021394217264,0.4447803973784481,-0.2117194235247806,-0.0452523937335358
0.5488472981197738,-0.0606883140704118,-0.647992013408411,120.3827792084774,43.38197233473469,4.944321285574144,0.5435487237266196,-0.0586215795211477,-0.6411201510185097
0.4756804715734571,-0.0900982423999056,-1.0244474783768085,122.2239412331352,63.28990172523512,-12.448879474035754,0.4866879266087747,-0.080861458107048,-1.0453799722181891
0.2148099948078104,0.0019685205843371,-1.0091401898557364,126.20800017786554,78.27962076485831,-33.00117549294607,0.2362182746990878,-0.0016753573556056,-1.028058077373641
-0.0252080237938603,0.1703656782848793,-0.6791046087710195,124.43731262516076,81.70407642957868,-41.707230198860906,-0.0009311729648081,0.157249965657359,-0.6879507862698687
0.2001448175465241,0.1930229852766795,-0.3794692450047832,120.77984872043083,82.11757443182118,-31.36464162409976,0.1551926848632689,0.1566519777656412,-0.3663257065150115
0.3272485108852717,-0.007083420981237,-0.4170810570977775,88.84976650145991,101.5933110417645,-25.00919497746687,0.3133325581601361,-0.0756740919956669,-0.4224193376990026
0.1346010710782562,-0.5634187388743883,0.1173629141346813,32.42704909954859,122.02913152200642,-33.41823054384331,0.12358098322614,-0.5690922395840523,0.1471547987582679
0.4176635888490109,-0.7337501312130139,-0.1629812505829208,10.565039053436305,124.44944137419805,-38.89349824034237,0.3886613323202731,-0.7933357517240422,-0.1893358233918397
0.5953936349093054,-1.242234459017719,-1.5035275697904404,-43.35817262448101,110.1040807378574,-28.225059506535786,0.6668416388115179,-1.3703099796368428,-1.5911775062208666
0.4023675763010079,-2.4721945830332515,-0.6380102668471557,-91.4045426028144,93.70434423081088,-24.80636323237902,0.4219500237868697,-2.4406443090310828,-0.6185591331794333
0.0017634996984245,-2.496789550761304,0.6561658444616304,-30.3996779817352,97.61033355762538,-36.807509636877626,-0.0019548556489839,-2.464546750665681,0.6946808385125331
-0.1853161362065762,-1.954963299480482,-0.0241044333082392,6.97462067098171,84.34219802350417,-7.211261208879643,-0.1571934886011358,-2.0497645135851164,0.014610226925908
0.2494857778618498,-1.9628246592919196,-0.7069741109696215,-36.04416791423386,69.75317885397102,44.447018173371816,0.2201931341994465,-2.0471816095295656,-0.6468238081424125
0.1061229255201781,-1.8086102051235649,-0.5125037426427734,-84.79340824083472,83.5052834218451,53.50052595717838,0.1383594497616039,-1.8537852395022485,-0.4900709282247061
-0.1646896587849525,-1.558013023234311,-0.0329382778541834,-110.32568716121597,68.50994675087139,57.85618629163471,-0.1286009981806901,-1.5936427420827046,-0.0220566657556182
0.2123136370750686,-1.5525964765393598,0.1290046388698687,-120.50167379889724,45.86615049530082,82.54029357181173,0.1870481005822812,-1.6294599033818404,0.1428112732743292
0.1830055935189415,-1.833745502586268,0.288576865727068,-165.2713000376469,51.88612236502773,96.9128043404402,0.1980923049606109,-1.9183980341327664,0.3160901058587338
-0.0614328057675668,-2.250383427699953,0.6595561371888615,-220.72572840308132,51.6902806210084,107.61425868808011,-0.022964385373076,-2.291560186245128,0.6860130934973085
-0.1620344522694499,-2.68977586620779,0.7053614582316554,-235.92829341022937,39.927000484896645,124.19245501205516,-0.133760197853329,-2.6928382976938154,0.7563776181083381
-0.3780617493574799,-2.9195108125168683,0.7803561880202055,-194.71773103968823,27.188469503926104,137.29282932600384,-0.3594141298657976,-2.8681936911130195,0.8527439162931103
-0.4586866664425637,-2.7741802427450284,0.8449604482108766,-100.48349127230212,14.55682454434734,146.18575968611572,-0.4490329860996361,-2.709424860100709,0.8838445100510722
-0.4343326774771542,-2.3086137647810867,0.6017713557746323,-6.959974770828813,9.648126036739251,153.23164577719777,-0.4464292171074198,-2.2705753134680537,0.6505067756225001
-0.3163862929356097,-1.6489272143217428,0.176288486468872,71.3335866864726,16.009082423736306,175.1200671722977,-0.3092336381017585,-1.6782502778266817,0.214979290257263
-0.0334043321636375,-1.2294754074884588,-0.29309510298005,88.6990290697586,16.507547527705256,183.2108625468658,0.0112878606034703,-1.3348896308077731,-0.2862112006829362
0.0232748305506646,-0.9820334050157072,-0.2405923201314286,22.83046582947811,7.685433074754266,140.3071693893688,0.0456103330268508,-1.0573909323281212,-0.2118689160614738
-0.0357391373644113,-0.8316748839358712,-0.0130489923786412,-14.099494690756044,3.63274538328932,99.00816623980393,-0.0196167108215387,-0.8412816898889974,0.0134410932223598
0.1540487866721714,-0.6293491942630121,-0.1220776853336914,-2.3700292692343754,-9.512728289354424,70.77460716032394,0.172973169791587,-0.6293835005236008,-0.099867960872038
0.2701633359327542,-0.0443036957813214,-0.2159768293053768,12.890660726509504,-28.72310667238943,33.34319356803527,0.2800095962852091,-0.0852971121912369,-0.1760520357630335
0.1011055479706947,0.452951117403291,-0.4333091714872487,19.714357597247023,-31.58225401969341,9.927011744063996,0.1212286100319472,0.3799271948019123,-0.4162057720295861
-0.1759083870432276,0.6194583004605149,-0.5771018058726276,-10.782436612473113,-28.13475442483557,-9.15079409443738,-0.1463431028134678,0.5721168472609681,-0.5878114846643394
-0.3226454600633717,0.4957280094039392,-0.3014284094734148,-49.049687130076535,-33.04687115328163,-27.994012947150928,-0.3005526077576307,0.4606473483365915,-0.3013007821795921
-0.2696175889900833,0.0343051231374359,-0.1407060391557592,-58.50598068496585,-45.34749119906281,-33.91318486870536,-0.268345726717035,0.0185409301142702,-0.128343444684463
-0.3363134544336391,-0.4654391507575593,-0.0150755234093994,-43.63507265997146,-48.2968680319686,-33.741976043040694,-0.3340174191895558,-0.420695824942407,-0.0131013716577524
-0.4964595210683549,-0.6898793904269971,0.2706433078661185,4.83626723510726,-42.95719044409916,-31.57455126194115,-0.4854240463304907,-0.6366957901704183,0.2800594716019418
-0.4573595936350619,-0.6129844013461268,0.3022229300599874,72.58841363186858,-53.86452855900134,-32.18888273232229,-0.4624379958309111,-0.5921060675178264,0.3413623858794233
-0.403510503117195,-0.4208909602265414,0.2405010410564169,126.90960812113656,-64.78229105153943,-31.41079270333813,-0.4072001406438513,-0.4158248998273713,0.2688509061258169
-0.4105722853881779,-0.1435172252063049,0.0607583906293252,163.20124937460713,-71.0423861278921,-24.91630270695632,-0.3954403307309342,-0.1439865519141854,0.0794610434120811
-0.3126731808931803,0.1437112721619758,-0.3323245270494749,183.24113934353,-84.95098682609526,-9.851658086371138,-0.3078578555236595,0.124873145770794,-0.2822675777387304
-0.0635888960138394,0.3266612451099828,-0.7144858320902469,183.63870969630608,-95.04883083289822,5.751286788422187,-0.0594140964247578,0.2741842462122318,-0.6874776314152466
0.1618759219593777,0.4481321880417609,-0.9552598778900598,156.5515137145836,-101.16409839339698,8.830545499517086,0.1636736494239485,0.3997283707359405,-0.9781905953512144
0.0580588937950346,0.4413239472438277,-0.7703540065857244,107.02233453493405,-93.52888216372128,15.025021977875753,0.0671809588996983,0.37988973194792,-0.7831246805672806
-0.0008736896077389,0.1811203427258337,-0.5878381199428822,54.28207025527278,-100.71016840367382,21.91027459319703,0.0124986523792178,0.0974108141597611,-0.578082304229552
-0.2427978597340941,-0.2872874801649778,-0.3817265380194147,2.793316621147484,-105.99982534578604,32.68166157603638,-0.2514002321868841,-0.3334024777302035,-0.3695973429289833
-0.8807557279197645,-0.6336776107666847,-0.4562118003083939,-42.986460026413305,-97.25230708603884,49.46321660277778,-0.8276941421378727,-0.7348192832752856,-0.4608033317395172
-0.3993566973583886,-1.3941192177484585,-1.3707960683204254,-118.83978633775588,-119.45166948912944,63.26527042399635,-0.4259153837431713,-1.5176467608747115,-1.4085974407818205
0.6115118411231526,-2.9992249683203664,-0.8257055618318697,-204.345580597377,-51.22555161341591,99.6122907428689,0.5149733342238174,-2.9464590967516373,-0.842124733545164
0.51101215753949,-3.649415711926468,0.8246208593717976,-156.42701486877866,31.74133968503345,90.1083469393382,0.6156917393595494,-3.565103669962474,0.8914954475240517
-0.0100597988209673,-2.706385558343952,0.7559226833601453,-31.14646822257977,-37.32496121431095,-10.752385023363404,0.097968423611741,-2.7828421330290163,0.8615870077094652
-0.4254909467444113,-1.8226447580474705,-0.1141088594244457,-9.910187723757035,-93.18851932547511,-97.93494654564326,-0.424566029553284,-1.9321008269099915,-0.0461230079405305
