ADXL_X,ADXL_Y,ADXL_Z,ITG_X,ITG_Y,ITG_Z,MMA_X,MMA_Y,MMA_Z
-0.0765895258361962,-0.7949891556815621,-0.2219350900831434,11.764598539218172,6.2459876450799365,-7.159961542916137,-0.0741044571649733,-0.8194186183653183,-0.2407819933681819
-0.0571320524889504,-0.890901683966175,-0.2125984182833225,7.212955933036006,5.253249943665507,-9.638620210866376,-0.0645486205588684,-0.9069403164890586,-0.2061839848804095
-0.07800956763131,-0.9814754284005552,-0.2063810879956046,5.870557857117041,3.4211003360021697,-13.40200957475626,-0.0792699890130086,-1.003145405225775,-0.199611987532988
-0.118097464909552,-1.0321373026384275,-0.226673362479215,6.777330848434223,1.4199167560699535,-17.550085118674183,-0.1131582630154958,-1.062701895687398,-0.2080892499313579
-0.1519094488350717,-1.0421502814844013,-0.2511305368736891,8.084697226156859,-0.0141392049239113,-20.73643556618995,-0.1531500691199096,-1.0654968534726086,-0.2226302441876229
-0.1774940025516857,-0.9995159559736948,-0.2375159259259175,9.75205044240542,-3.060620298115049,-22.654820039375643,-0.1661387743015983,-1.0246452040274725,-0.2252481950587688
-0.1483169555910316,-0.9266390813007196,-0.2209882524997398,12.052194220944276,-7.78839475189832,-23.629571306730565,-0.1399696099581189,-0.9469097832981386,-0.212189530835559
-0.1113385282033045,-0.8517375545423951,-0.2181021696163749,13.090277832631187,-11.900280767248145,-24.2531481050766,-0.111364502060279,-0.8804185597431985,-0.204255699329051
-0.0895529524937144,-0.7987203988119738,-0.2212291990163986,10.83361446415882,-15.942491378580046,-24.673013117527272,-0.0862568579780403,-0.8352515257828802,-0.1917297339769318
-0.0497835054447184,-0.791039812168719,-0.2017634283649077,6.172231827769423,-20.386897827253414,-24.69561254236866,-0.0502095979556518,-0.8141924860245486,-0.1816499887911535
-0.0236425248960834,-0.8065049181684807,-0.1925773497408122,1.0149145745332344,-24.153971054505377,-24.486506485492125,-0.0185207140934472,-0.8381135677293436,-0.1786066140841781
-5.543856570235258e-05,-0.8361897001126634,-0.1842797968119776,-3.627817254335298,-27.134147216805363,-24.01958561881488,0.0069974477652076,-0.8694819135767986,-0.1731840284993404
0.0303009928685007,-0.8667517649267465,-0.1619986107166054,-6.753891564935219,-29.416915832584124,-23.76703243172694,0.0279399522896571,-0.8868969558216186,-0.1689265894538989
0.0360263742279018,-0.865639205894806,-0.1665224573660768,-7.737011400043137,-31.04413090180156,-23.9794864508331,0.0353974884153969,-0.8888559685030524,-0.157552297718442
0.0258174213671103,-0.855538143270014,-0.1570595339154449,-7.255448450072381,-32.09755356701212,-24.254686328077376,0.0308078592233316,-0.8766956470836842,-0.1391380826262525
0.0066322142934626,-0.8449078115979893,-0.1388621784592507,-7.20360778943525,-32.729179072947424,-24.71827236642697,0.0157242291823221,-0.8634917942784891,-0.127542419227361
-0.0120751848967131,-0.8340902624860551,-0.1309628825326414,-8.225782068939903,-33.58169683233484,-25.02171190683546,-0.0016500399781749,-0.8545768882670473,-0.1192394155350189
-0.0171927083497885,-0.848445474795368,-0.1185280091033391,-9.082539774556857,-35.173858350936165,-24.48659534409204,-0.0134774586458296,-0.8598698701904167,-0.110995781181985
-0.0164884152285856,-0.8607960848988174,-0.1134870070087249,-9.204190164810806,-36.96045103156403,-22.936179051032425,-0.0165605660604379,-0.8745592946829246,-0.1082639302535644
-0.0094934607085845,-0.8671504663430883,-0.1156575452022198,-8.625766443989555,-37.8926999342929,-20.425357511653083,-0.0081861744260865,-0.8925747294421243,-0.1127990024482362
0.0029529027009069,-0.8767201465047003,-0.129001904264545,-7.755964080844166,-38.08741095497785,-17.477648856052586,0.0080688116303482,-0.898750616667376,-0.1186200407772135
0.0272909878160682,-0.8687058808048025,-0.1296093043126693,-6.136853342052615,-38.132254203018405,-14.535173639827615,0.0283414788862716,-0.8897428736745178,-0.1116616193414916
0.0602234845664451,-0.8702493772013151,-0.0962239813208966,-2.4857623451467803,-38.1526170602444,-11.766181532795514,0.0480388112630061,-0.8913388207941043,-0.0920805002139963
0.0731941237409441,-0.8783918571325919,-0.0651920295041048,2.344169918628277,-37.99837756875476,-9.414418961046623,0.0643067531847537,-0.8965915205767152,-0.0645448052653735
0.0767968828932616,-0.8790553029891297,-0.0468879436417292,6.623994440820022,-37.42764254333461,-7.471952532986392,0.0720312147109548,-0.9009094870540384,-0.0391924895373501
0.075973821297365,-0.8852851014455851,-0.0293079711882838,9.414944582964509,-36.89877276574702,-5.587177732621591,0.070030667636792,-0.9045955580014436,-0.0293155660709088
0.06085211660819,-0.8780840887492962,-0.0269595828975163,10.915245355902355,-36.85034499303276,-3.6920598355205407,0.0657627466919294,-0.9021826999630134,-0.0208455762060444
0.0574154913610269,-0.882059083614358,-0.0143786940970585,11.667114525381717,-37.23898535296783,-2.17238532092213,0.0526372186411096,-0.9039236126034492,-0.0137896536166586
0.0412054326933378,-0.8918685271855048,-0.004031139942067,11.53421966503753,-37.9655121229476,-0.8119841201943837,0.0286605666462191,-0.9026857201497782,-0.0131532467322615
0.0063469053600668,-0.8791672282921841,-0.0181530609128677,11.138288837146376,-38.88271783969263,0.7728441687805323,0.0101098660254819,-0.9016205227715952,-0.0050743612541639
-0.0017733754135305,-0.8885319329597554,-0.0145026514047214,11.0654143548036,-39.57657324116412,2.4130728045166774,-0.0008949356711738,-0.9154401915093988,0.0011330147734476
0.0009405399494527,-0.906600441291136,-0.0401737520186351,9.563894989314043,-39.10943161110584,3.662664594441417,0.0003612689475546,-0.934585696756675,-0.0266681685461048
0.0221713374733424,-0.907853055664041,-0.0906047783791226,3.585265507130246,-37.26155250705215,4.07766256090165,0.0230017560684305,-0.9353688275075877,-0.0783779394178517
0.0781866114447948,-0.9233434009455628,-0.085058028935836,-3.993041831338122,-34.110455880482576,3.940497637672711,0.061924901843574,-0.9360881139513952,-0.0794248625647331
0.136838720738596,-0.9631898907017248,-0.0511211643156259,-6.771933181173687,-29.376236351730157,3.0471728372710127,0.1127182661962995,-0.9845711622559524,-0.0308356860669584
0.1771860351879924,-1.0151609768520573,-0.0231619553405876,-5.64491595975092,-23.59176687305387,0.7669616596185551,0.1555381603229498,-1.0470251628185363,-0.0065736919906116
0.1996125112010593,-1.0506048464572944,-0.0279960128743932,-4.624467787171971,-17.869058651343842,-2.341181520816946,0.1831000773250299,-1.0758720721738024,-0.0189457696342651
0.2194167686395833,-1.0604333540690165,-0.0403211689154107,-5.53901359980394,-12.468874533957612,-5.299842233953685,0.2001372773292072,-1.0830077406634038,-0.0333734209543873
0.2175728069359088,-1.069331406026202,-0.0165051979422556,-7.129377718915813,-7.362207692466051,-7.635701655114753,0.1974921913090878,-1.0851899198350623,-0.0144443196252583
0.1929232531834127,-1.0806689882195968,0.0245743193603544,-6.928480243245828,-4.150719880980298,-9.276704196966472,0.1781284314338045,-1.0962264949314142,0.0309955442813994
0.158486271611854,-1.0916991799398466,0.0893230215172494,-5.515763804207873,-3.316045224048692,-10.218460521923996,0.1421436028324055,-1.113146627619929,0.0971804521826969
0.0902033042515297,-1.098185633329772,0.1233503451944402,-3.260452566323821,-4.267257516463485,-11.262198552525971,0.0865384344552427,-1.1225438568866415,0.1421143350928798
0.0329120058780318,-1.09739611018152,0.1075958576398272,-1.2694210919493716,-6.6451183439161685,-12.128992804477177,0.0308071327805365,-1.1211328509392489,0.1211174930824671
0.0247935619648416,-1.1260477652820442,0.001105201452215,0.0073171136401973,-7.916247700615079,-12.834731533070904,0.0201313637692762,-1.1409457290498648,0.0316275605211855
0.0027640662048136,-1.1561278603577236,-0.2436474970552109,-6.037061213731761,-5.83035190459571,-16.162827770710418,0.0086398455522632,-1.1795788487521637,-0.2031920017072838
-0.0366038006352105,-1.171989590291452,-0.3439182260426138,-26.24676953941455,1.4460168935675797,-20.81242660270032,-0.0430612640292013,-1.2058865264661982,-0.3480662341624715
0.0191307291544842,-1.2532422674554065,-0.1742855919634194,-38.25195147862355,10.23873455393383,-24.74486989300137,0.0070264312163727,-1.268512962242402,-0.171879282414041
0.1619301376623793,-1.3364637795829768,-0.0517706690970695,-25.886039970816444,11.59893969423011,-29.42122063090779,0.1496801063815818,-1.340203513680767,-0.048010749778077
0.2402759482758922,-1.329937254952695,-0.1399653072043364,-10.33712874639912,8.712124211026072,-33.018310383901664,0.2203010393673072,-1.3426310601247258,-0.1421076519731034
0.2187278967040416,-1.3024440318131618,-0.270821024090297,-5.022712581514809,10.723928502843645,-34.24141110485906,0.2074140285804557,-1.3180073531100196,-0.2446987698631793
0.1473917037570191,-1.2762328004500685,-0.318282588432561,-3.6804426973928113,15.620394379013597,-34.097322596805284,0.1379136401683527,-1.2906180287281976,-0.3019249356060658
0.0399096307548194,-1.1995086282735758,-0.3637132997415179,0.2484016254122309,17.030762221196856,-32.0063590302376,0.0383850837271017,-1.2192520325423697,-0.3437120782568091
-0.0905762938490772,-1.0865084911567138,-0.4288687133895364,7.549358455136059,12.317622614566146,-27.585287959706207,-0.0649694536092571,-1.1023163511486975,-0.4060873069998612
-0.206474269021811,-0.944263877499443,-0.4560365016666028,12.358852387718242,1.6580224745554322,-21.18404451942525,-0.1766871836673431,-0.9659449860635816,-0.4541271189849358
-0.2632299414629064,-0.8052368684432356,-0.4678934506518757,12.725084027209917,-11.11177720691105,-14.136604103568612,-0.2390699741210626,-0.8454965410578574,-0.4628529491306287
-0.260605087639475,-0.7625925451829318,-0.448050348420525,10.431045008462013,-21.10974738660392,-8.570217738012282,-0.2347940705168351,-0.793251817468965,-0.448093198222393
-0.2397525598106126,-0.7869446683847205,-0.3942142427574881,6.239903029851952,-28.147556973318817,-5.413280978851735,-0.2244216621593775,-0.8080614455103423,-0.4023583706016116
-0.2092152619788916,-0.8269762927839442,-0.3419034854696646,3.654698473401684,-33.34411056797552,-4.1191034915538784,-0.2000781510708291,-0.8495118907820074,-0.344497436150823
-0.1621536365787311,-0.8632674559557676,-0.305980961030196,6.02586705982109,-35.27775084471497,-4.503591270109437,-0.1580351619833499,-0.8832738003251949,-0.3012237859970245
-0.1141346445822236,-0.8627458308116913,-0.320641441927018,12.104640636663818,-32.542814959931455,-5.793650279472083,-0.1127308523324134,-0.8820262050235623,-0.3107328082753619
-0.0341364502903075,-0.8459188939870419,-0.3375799245427091,16.73525697659141,-26.01266664863271,-6.381638349513372,-0.0274589263531009,-0.8569281191169883,-0.337884602978975
0.0740217625968488,-0.8089102539596439,-0.3286433912120433,17.22342735194381,-18.17376547024154,-6.382293727761292,0.067075886290448,-0.8253028125043145,-0.3323383215053543
0.1499967917827436,-0.7792235946361861,-0.3206527286759959,16.137857140589126,-10.147975798506232,-5.70606742749056,0.1320263202572894,-0.8076290539449944,-0.3182442833922142
0.1783180936294225,-0.7775981223617217,-0.3077695304762504,15.000162977453876,-3.2642831599726856,-3.797676461065032,0.1638426319930524,-0.7996080940843264,-0.3027686592647806
0.1517193170655079,-0.7851723199027182,-0.2928730507887745,13.751206445272134,1.3319779153592193,-1.0452471509921055,0.142601515792769,-0.8022630479963374,-0.2859010026119842
0.0991002719283327,-0.8335920414228202,-0.2602266756593605,12.402624478306215,4.464352579723777,2.5233017201440946,0.0976555161100164,-0.8521857365768116,-0.2606979117485013
0.053350486924158,-0.903275189119066,-0.2256129251541372,10.851188018865388,6.590960222686912,6.648220488735172,0.052421566968987,-0.9191927096278908,-0.2189680131769235
0.0407315498660089,-0.9726659990433728,-0.1959372225431642,11.05889555488505,8.986347380571246,10.853635021528424,0.0278020859979508,-0.9864071019748974,-0.180749028677862
0.0446213255885576,-1.0142161303067532,-0.1932084061700648,13.429974261797945,12.50483509070354,14.750210623553077,0.0301927841034189,-1.0392864081970576,-0.1785891113845273
0.0179300926728996,-0.9908644408586118,-0.2353722266842503,16.07888261017295,16.520814451441787,18.101559548392583,0.0264877251389173,-1.021642520512944,-0.2168409336594177
0.0251605240145666,-0.9470137239293088,-0.2655689864529484,18.18411256004156,20.390703822884586,20.91970526850929,0.0271768120914629,-0.9615011046562236,-0.2602609562490059
0.0350174026445738,-0.8851467252521033,-0.2849749355878526,18.705749804526118,23.05667470546372,22.633572327539973,0.025723536439774,-0.9019402494165556,-0.2834305549328794
0.0027865382160905,-0.8229216316268723,-0.2859952334522396,17.15986521256425,24.9037090833505,23.40952469103996,0.0096963464469529,-0.8524419686092849,-0.2761702458329017
-0.0206634060937451,-0.8084354144286784,-0.258976951463026,14.346935350794066,26.812882365304297,23.989437788939245,-0.0186573510124566,-0.8322889072036659,-0.2519438923594673
-0.0708563002377331,-0.8266575484756273,-0.2282357890877765,11.332028257184986,28.11793379602797,24.19988816953873,-0.068473516772953,-0.8503831841576304,-0.2294496235431502
-0.125021927186822,-0.8662288264103382,-0.2087319092745266,8.7346779561534,28.141613412660792,23.9210488047625,-0.1162610392976744,-0.8867535692019695,-0.204986802563153
-0.1537279313771994,-0.891158133782511,-0.2051581882507625,7.02703706553945,27.34071046379581,23.469355409005228,-0.1481097665879825,-0.9069845008627062,-0.1841954328593315
-0.1706660847143476,-0.8903193743581949,-0.1875083339087623,6.95583541330231,26.322906353489696,23.03881299306916,-0.1656594652259509,-0.9123233138696332,-0.1732807452496382
-0.175631667886573,-0.882537557100847,-0.1811716289668392,6.801601325598513,24.417036634139155,22.846337994088834,-0.1687613046405518,-0.9072112515987776,-0.1710576353721103
-0.1662764463646688,-0.8629643733338759,-0.186951643506581,3.5484748049791395,21.06723097780129,23.232505440826312,-0.1590398537925437,-0.8885347991393359,-0.178800126003341
-0.1374739161339239,-0.8491463309218499,-0.185884377182403,-2.4591829433224417,17.296671881668445,23.84568212314885,-0.1387076926278729,-0.8733080028637461,-0.1779373679421766
-0.1180158409614513,-0.8470625707624482,-0.1682327455358958,-7.756463667223055,14.368349874216031,24.08318992494016,-0.1169900132430756,-0.8717904514243684,-0.1563931581132302
-0.0922867173205912,-0.8648439978382677,-0.1141818494176673,-9.533921690114258,13.257136403572886,23.7625302314967,-0.0955015673727825,-0.8862565621848499,-0.1295794308742346
-0.072569292029795,-0.8974327193967461,-0.0987151006577667,-7.718441399045537,14.62771633202253,22.521378312773084,-0.0776624601072489,-0.908200998528593,-0.1069418321194229
-0.0589583564921583,-0.9070208958809658,-0.1089885988383336,-3.976846710847382,17.681613337748807,20.48039303334915,-0.0594611253341568,-0.9211186388138252,-0.099281604305033
-0.0231736780852282,-0.8888924122918034,-0.1105264139701125,-0.8442825254830817,20.514273500293083,18.022432242286147,-0.0340756099839241,-0.9142508419732628,-0.1085946701679979
0.0102626076400496,-0.8759043908898558,-0.1236687968957188,-0.2874349534491617,21.97390620056233,15.27142823917758,-0.0087597195362242,-0.893562645441268,-0.1197111344307824
0.0219308999238857,-0.8654798514996694,-0.1141248604765661,-1.3519181530193578,22.85305701176329,12.541847981142466,0.0125094585741706,-0.8706444987144584,-0.117795804645934
0.0217328515448466,-0.8320930822861619,-0.1007812216472967,-1.867237733211354,24.515351359301714,9.788090846775084,0.0199833464055496,-0.8480975995703751,-0.0997443331651626
0.0277802153043749,-0.8121432707638754,-0.0831376335038583,-2.273679864312506,26.8807333478366,7.037596193558451,0.0067587372244911,-0.8323044483395923,-0.0904306342357202
-0.0128254410122627,-0.8196391514164427,-0.0703413085996987,-3.7816601941731767,28.98487362531113,4.471284864509129,-0.0133702564906653,-0.8317246148001591,-0.089566505098375
-0.0413008325575319,-0.8308900948301683,-0.0684663320973229,-5.524275082166333,30.1880398219608,1.8980728503685091,-0.0332524152623567,-0.8502341574197998,-0.0820548627476989
-0.0393267979514134,-0.8429262235792488,-0.0685686288456413,-7.083531562804414,30.6666939688076,-0.4214878432507506,-0.0557962220295153,-0.8658120770880322,-0.0784423227957349
-0.0721896318476122,-0.854038437038494,-0.089698039240947,-8.867302250171536,30.86904871645488,-2.092369176213142,-0.0763512283275422,-0.8689118355310192,-0.0758884414782172
-0.071063284927871,-0.8579636968999564,-0.0795294238277424,-10.520429972262038,30.64632877868292,-3.2991716330589043,-0.0917103341207152,-0.8755310013056655,-0.0757603824084384
-0.0963309108512285,-0.8562412737711138,-0.0715631209361566,-11.53994701675029,29.82395410756113,-4.438612073257233,-0.1050361965104648,-0.8787034753131551,-0.0808913792425091
-0.1379026011266569,-0.8630873973152806,-0.1076567068778732,-12.29422484502916,28.737753110993125,-5.6993479191797904,-0.1119110116316063,-0.8847617537262713,-0.0936126293245357
-0.1349827781406663,-0.8791436314403164,-0.1209534725926278,-14.039039270451012,27.38216290963681,-6.842004266831308,-0.1223679356327892,-0.9053852318558742,-0.1113452695506881
-0.1495559196356228,-0.9236783407446102,-0.1126376956816462,-15.787798790180869,25.224009149867257,-7.474123615247633,-0.1446460256186295,-0.9404429978364528,-0.1129525564016815
-0.1552511129069376,-0.9863992259055064,-0.1127323671216549,-14.399858445270173,22.614757159938478,-7.343614826764921,-0.1545280727777886,-0.9995534063718547,-0.1032599089401031
-0.1567327749552673,-1.0429157476692443,-0.0995191875894517,-9.141378783462336,20.67661963419496,-6.401342230519623,-0.154563439434874,-1.0684877758273152,-0.085814190803032
-0.1516885475982913,-1.1024324961027268,-0.0701772069931585,-2.299799914198274,19.715712699362065,-4.950838075492015,-0.1514023855004608,-1.1175397531395874,-0.0653417201883266
-0.1456033217813115,-1.129502085574003,-0.0562962905261337,3.921786372337194,19.370622131097,-3.283785276675784,-0.1402445203493755,-1.1427862281409802,-0.0519354005676592
-0.1421784451552851,-1.1240023159228285,-0.0503480402354964,9.098067137274954,19.087469485036284,-1.426967883284025,-0.1295207583099342,-1.1455603275829476,-0.0408473894893969
-0.1088144968834169,-1.1070590280793011,-0.0451448742447673,13.058559605201385,18.210641192810414,0.3684165674296956,-0.1156146248842773,-1.121507197658173,-0.0414021680024964
-0.1030532125554899,-1.0587059572499864,-0.0422846310503933,14.835538116560802,17.088260327968797,1.9371811463300128,-0.1079961411027161,-1.0836111314384549,-0.0430297532635967
-0.0892780678159668,-1.0104080270502362,-0.0274984852646584,14.14157120995956,16.815185246146093,3.3627213975164496,-0.0948793485379234,-1.0416928472939206,-0.0283173744274263
-0.0550401029021221,-0.9864757519992602,-0.004730255136451,12.401881459741269,17.363189211085004,4.372577732206179,-0.068744034926785,-1.009570723498879,0.0036010365286551
-0.0533118889975553,-0.9799799125137988,0.0263403032702406,11.105227876884223,18.019635692545243,4.904023111175315,-0.0588871389454441,-1.003871249912298,0.0366311779226436
-0.0373618486905297,-0.9918970382262868,0.0486409709849086,9.94348651096784,19.203184927563296,5.228751798083051,-0.0543795989821576,-1.0139582247538483,0.0507262605083673
-0.0390383309910091,-0.99982347719585,0.0534108862067999,8.41956906446653,21.1769695412119,5.396778295896172,-0.0494921148872879,-1.0292404278729144,0.0619043573271674
-0.0574123678698538,-1.0064134743139237,0.0714322097885053,7.170120488839873,23.320180575092586,5.779261266801059,-0.0583317052139177,-1.0393974136315842,0.0767377061672559
-0.0550318413884448,-1.0067951547101126,0.100956682435675,7.044493681984744,25.31563126975048,6.546901291737925,-0.0716538417748817,-1.037111291780237,0.1004753641094131
-0.0661292021096012,-0.9863655818115038,0.1150406163553677,7.752295587497303,26.8866811794832,7.608742788315528,-0.0791990921241214,-1.0257654729600787,0.1272718009671983
-0.0731712228219572,-0.9806023242441564,0.1301404473483527,8.167709257263414,28.092637864739405,8.8361522385608,-0.0803582209071995,-1.011076247118321,0.1411042432490347
-0.090841666292918,-0.9870311356632552,0.1251443836451543,8.7386396950832,28.66812121201184,9.235401246934682,-0.0915470512014587,-1.0124469643123666,0.1327877960501282
-0.1152069542888232,-0.9969367973780512,0.0555110496972858,8.414159342992596,28.75453494630796,9.588767542647886,-0.1205931074770073,-1.032126343685682,0.068481873168222
-0.1387455221649665,-1.0380858988090758,-0.0363580410934864,4.548773104438915,28.87801309346672,11.265949794541532,-0.1439830246005626,-1.0688945283844968,-0.0279851552005987
-0.1936767062140173,-1.1034073254629817,-0.1654762874862599,-1.3093608378732415,28.68179506645264,13.13901089990757,-0.1756809855141125,-1.1337383545809925,-0.1536815401351526
-0.2686158354829996,-1.1700014786099806,-0.3051915484519326,-6.533460278279835,27.240588488724253,15.399427858204016,-0.2644584978998933,-1.1989469482731503,-0.2915311948405144
-0.3817289191502098,-1.2306183929566294,-0.3228730135105953,-9.370166045758788,19.72139772924073,19.11034416269529,-0.3772327057588037,-1.2597315307942374,-0.3220940154062926
-0.4862086388447632,-1.3111726120197789,-0.2749097673986297,-8.581621993372284,5.58092784668438,24.81662011285525,-0.4618712699315144,-1.3410781183822769,-0.2748875590570969
-0.5183435384131778,-1.3857932749140902,-0.2652036169408771,-5.505820861783644,-8.72894173227211,33.38305663482372,-0.4963507975741156,-1.4000212865925912,-0.2491983457753808
-0.4460136431569151,-1.377542667851595,-0.2690446597109091,1.712984236788403,-22.33244814167821,42.17833030688057,-0.4341268570166542,-1.3949352758391729,-0.249142456351033
-0.2711569506383872,-1.3095363445482553,-0.3005647077632623,16.967069227774637,-32.5590579961116,46.68266863326527,-0.2778001623201577,-1.3290859397141928,-0.2954387393407982
-0.0858513189632084,-1.199967993223306,-0.3871647111910389,35.12710992303028,-34.892187716037384,45.177656015765606,-0.0807819801988805,-1.201718190075958,-0.3851177509391413
0.0871499522088267,-1.0084365058968232,-0.4761952135868533,46.63441519170868,-31.942979593985434,38.284434215977065,0.0873725712892072,-1.0137448637106412,-0.4710461188897766
0.199102863226215,-0.7759343865199112,-0.5254585098315977,48.78197630170853,-24.737850995777983,28.38163359267473,0.1801098842221649,-0.7969718733478257,-0.527957837017438
0.2182250944277846,-0.6023492833635518,-0.5285205757614757,41.29687464961327,-13.126056502511515,19.077557167408223,0.2079044918567721,-0.6315248351018341,-0.5390577773853579
0.2180811779180404,-0.5528753872913056,-0.4647393704806416,25.141607309081515,-0.7254717125512928,11.77947525059392,0.2046234571423352,-0.5758025300548977,-0.476789439224557
0.215921961165289,-0.6126962576548047,-0.362456816375554,8.506087458403641,8.491176789090206,4.436676459404765,0.2066635049082222,-0.6275737518740472,-0.3651154608390673
0.188790741314351,-0.7429090172893588,-0.2941902710282191,-0.380049394026662,14.103751871349749,-2.671188922068409,0.1852202246390721,-0.7518168965412982,-0.2899674988485419
0.1142241680842368,-0.8875226104173237,-0.2871996057251514,-1.408585749080966,16.17181169858551,-6.376635467199809,0.1182498049036169,-0.8952759181713971,-0.2849241630545165
0.0327243352639329,-0.9756709468612864,-0.3154097782946773,1.7966986565525618,13.38029948099694,-6.471987933283272,0.0496040577456919,-0.9958374160368404,-0.3149156401951218
-0.0223489844055018,-0.9890294794925114,-0.3334276836040148,9.088394642237713,8.528955499846967,-5.250998335282682,-0.011999183752813,-1.0024348733598945,-0.3314950739671755
-0.0856026886978158,-0.9349117151390663,-0.321822672735389,19.443390042948888,3.560596414131895,-4.830188725595185,-0.0755111901058032,-0.945060292061208,-0.3138640289300493
-0.1534267631978167,-0.8639958944201164,-0.2888747389244296,26.5102474611764,-2.443702811091176,-5.451912257430121,-0.142234043288108,-0.8829167578605382,-0.2807396042054381
-0.2017053050439228,-0.8161783658112844,-0.2576088764163456,26.80742277543064,-8.795550004862537,-5.708488272341617,-0.1978338807627438,-0.8399530385215265,-0.2561911503333176
-0.2236568243184136,-0.8121900101880057,-0.2566232872356512,21.57972858778178,-14.42241067019198,-5.394241109643474,-0.2162109115397551,-0.8463079388394412,-0.2502350126658544
-0.2003908928415259,-0.8681146302662311,-0.2558037639991687,14.2311962356482,-18.376524600854637,-5.868369930852826,-0.1936376839528109,-0.8881954968086092,-0.2415720515282119
-0.1347024612345103,-0.925922339912083,-0.2250501569729007,9.56254147461606,-20.827719910396933,-8.349161303541704,-0.1387738178636367,-0.9350137038441184,-0.216413237302203
-0.0824518521174968,-0.9611926120322262,-0.1955719666858482,9.003698718101578,-20.895820893299728,-12.602098431754593,-0.0932766814778024,-0.9750207178640464,-0.1889156921615671
-0.069719413062244,-0.9685155641871964,-0.1841300773292274,10.639116564741109,-19.39651945939883,-17.43937516681502,-0.0774852371298791,-0.9857424729853876,-0.1695948025623767
-0.0669812795255063,-0.9469354205932752,-0.1830277079004606,12.048997591989318,-19.767040829516983,-21.427165998705192,-0.0662014332492068,-0.9686110946683928,-0.1683163517445971
-0.0592353847909942,-0.9186258717499838,-0.1835898146986034,12.24576510984776,-20.923030008803977,-23.528922889301008,-0.0629282312110807,-0.9323505834072838,-0.1781364806186612
-0.0755861826430073,-0.867104170402857,-0.2000984458893869,11.376989317530088,-21.65293418099696,-24.017384790242204,-0.0706109280080097,-0.8947371854265178,-0.1786791886890679
-0.0809158151154649,-0.8290013307301158,-0.2095268200662139,8.351049176301307,-22.589073530425654,-23.452352474990636,-0.0664016524024154,-0.8614633669126904,-0.1722521849081949
-0.0395945655855359,-0.8227997024531271,-0.185439618071514,2.6652242550963217,-23.090918841224397,-22.41966536616853,-0.0446530836558628,-0.8373008278033354,-0.1703599942255839
-0.0178770609340561,-0.8173651341965509,-0.1821241569123535,-4.680027387522439,-23.16963785099981,-21.355792714379493,-0.0253248180966625,-0.8496874611341253,-0.167208129381458
-0.0085534321574032,-0.8405163293085498,-0.1813632018155909,-11.750047326268422,-23.109987080088736,-20.019796319744724,-0.0078353645363407,-0.8753194392919681,-0.1553239146137703
0.0126286840026183,-0.8871124507839894,-0.1497118158028782,-16.196399911422578,-23.591883251780256,-18.612212209295397,0.0154645970116855,-0.9001213857759519,-0.13177236188447
0.0250275257240769,-0.9075044874466044,-0.1243037288550482,-17.670289904166832,-24.373717847552,-17.491827042310533,0.0245230001636586,-0.9256491890397828,-0.11303186617066
0.0308083313724088,-0.897966441087229,-0.1230799006795163,-17.95137781719107,-24.368704516857285,-16.579042355909987,0.0266454237909647,-0.9232315706842498,-0.1227345603294791
0.0287948957371853,-0.8734400359884404,-0.1414216237230277,-19.46310208077597,-23.49053922100681,-15.988542557014672,0.0269968904397947,-0.9003957029774097,-0.1400294300013348
0.0154157660142207,-0.848967202861429,-0.1488610052304252,-23.17339860961248,-22.069149031298668,-15.920103043261587,0.0121421922212546,-0.8820754691130703,-0.1456359946542699
-0.0115360132701202,-0.8476669085904806,-0.1435698088047088,-27.95321668276164,-21.65870521507249,-16.1850858850331,-0.0032316262742102,-0.8787743667345984,-0.139601733493428
-0.0214557969558554,-0.8630836810496387,-0.1375876510469293,-31.84601294606023,-23.47651528496653,-16.04774041087778,-0.0142316160499035,-0.8895873976644613,-0.1173489222905636
-0.0169221328040312,-0.8883795888484518,-0.11704224204442,-32.62138953863825,-26.40648071312513,-15.034653904803973,-0.0169047163407642,-0.9091209870009836,-0.0994792481216389
-0.0121099592052731,-0.9233730757858578,-0.1005807655868443,-29.589922059404408,-28.345754139198927,-13.66474711296714,-0.0090290868781959,-0.9384272819410864,-0.0957557503895343
-0.001200904330808,-0.9465118853179646,-0.1111005430290281,-23.84798603799008,-28.613083534123632,-12.25220607701447,-0.0044944058031004,-0.9594795168828952,-0.0933655078687596
-0.0028573319420018,-0.9523623750747529,-0.1147369949932785,-17.254084974936475,-27.996210290197872,-10.576010074839868,-0.0049811684951813,-0.9552567504529432,-0.0893679145198147
-0.0058468008833614,-0.9401199138444798,-0.098216001099777,-11.111173491229891,-26.72020407334665,-8.792236352763117,-0.0064074009645304,-0.9473934272153858,-0.0800531406445712
-0.0041824040019659,-0.9201567854845178,-0.0863552462387508,-4.78284596298123,-25.32381768376192,-7.0362467480736965,-0.0069738521860287,-0.9402187925883,-0.0715260910738753
-0.0050668268526449,-0.9032236054317792,-0.0815043060040481,1.3782916968325487,-24.372889656263222,-5.352298709948631,-0.0108681579028847,-0.9184145996192709,-0.0702304516522796
-0.009846044679239,-0.8755582006857752,-0.0899463869189905,5.794340783078951,-23.64791795542759,-3.980431653867943,-0.0103290380379004,-0.896200696155304,-0.0736837825770522
-0.0131579941422317,-0.841045918514975,-0.0960969543048008,7.295257470109414,-23.43088431744958,-3.000748330505161,-0.0078067360762113,-0.8692154458980026,-0.0830227445885796
-0.0110451824518232,-0.8172689465917196,-0.101375990481303,4.716602788242182,-23.52014465199755,-1.940421591247236,-0.016150792014999,-0.8449053660781976,-0.096070208564378
-0.0158418642169515,-0.810312923400516,-0.1196561947364162,-0.2754152572205166,-22.99957098564984,-0.3114634069260797,-0.0216864389175211,-0.8369679555131718,-0.1094673296967533
-0.0171974212348688,-0.8174417953995223,-0.1123075259068301,-4.052000587888837,-22.065284812769864,1.639067673754547,-0.0223533239326836,-0.8356795101771556,-0.1070618404357599
-0.0106043018754294,-0.8541840355997793,-0.0974793256718488,-4.91669643548991,-21.7600212533926,3.3697491893205966,-0.0112837489558444,-0.873910958499249,-0.0918572600256155
0.0124469685657759,-0.9068325219007668,-0.0963948893336916,-4.316805887307602,-22.29441547791034,4.163830953701697,0.0198041461603317,-0.9287514353823244,-0.0880390372855614
0.054780190486089,-0.9408878029087664,-0.0878056122420867,-4.600218600405999,-22.839967195181504,3.949454253660726,0.0523221074355732,-0.9586655654164972,-0.0860571249953261
0.0806230714263145,-0.9762234826511402,-0.0762647017587165,-4.41296314924193,-22.45059991673147,3.116411203396372,0.0710573398627214,-0.9942164893340116,-0.0671597745924528
0.0719590741591539,-1.009778733041796,-0.0402299947721684,-1.6765051428830864,-21.18072883418276,1.6247663281725926,0.059980929051131,-1.0244920751443845,-0.026278952624137
0.0486825364163067,-1.019278188213433,-0.0090132851669763,2.5842665807565064,-19.376640702106357,-0.1533248022033487,0.039000184275195,-1.041958971231948,0.000173820679647
0.0323496135650552,-1.0126139969037469,-0.0263125873146043,5.691504452259692,-17.307758373319285,-2.150261927579613,0.0306968643935476,-1.049184396899153,-0.0199605122387284
0.0169742790061275,-1.0003631959958654,-0.0460993994450154,5.536273121512327,-16.463339856064003,-4.189699603508458,0.0154917212016299,-1.0301564299394768,-0.0425401425893224
0.0117824120062765,-0.993998674409161,-0.0387219384054508,3.945134864879332,-17.058970544709958,-5.586870447110024,0.0059669506408296,-1.017495347335772,-0.0388007502491952
0.0168365897846726,-0.9949826888221324,-0.0177577145677992,4.093404959093463,-17.443142639661136,-6.486683402009388,0.0106030728697351,-1.0214030788334387,-0.019693177668962
0.0060732599695088,-0.9954455093607564,-0.0008822062323269,5.821906021469897,-17.319135654867956,-7.235638903434659,0.0080777629174714,-1.0210565604994652,0.0026285469512173
0.0052589329897083,-0.9872840034292664,0.0054215135772311,6.846981660795416,-17.4776473255315,-7.7122097351464864,0.0051225410880341,-1.0135202514666517,0.0179374612579434
0.0098368490668341,-0.97264283503877,0.0225674982566134,5.9980175015483725,-18.26364788082948,-8.06946231562824,0.0047858908295236,-0.9938673072732228,0.0381102957605449
-0.0054131131940729,-0.957427179920944,0.0658123926570506,3.888038868245189,-19.03644496218965,-8.680625200837362,-0.0070978712103757,-0.9800022432312064,0.0707575191604479
-0.0041972011268765,-0.9686985448712124,0.0941771447900877,1.6932309435146409,-19.172216300183976,-8.659591613635902,-0.0104142149560613,-0.9976964780615388,0.0986220644576727
0.0049418060033396,-1.0059283495000932,0.0650459416376892,-1.0755905505559773,-19.51368148193844,-8.2557285094727,0.0031056157908688,-1.034682456646537,0.0821413993793661
0.0273951551987222,-1.0413819913820102,0.0089857084995685,-5.768243756709653,-20.525254274601423,-8.577337283672541,0.0226783166607393,-1.0724958756960512,0.0228928504917771
0.0762808198108273,-1.1108161661871208,-0.0677382702736409,-9.796770960004965,-21.036723547679053,-9.5201470658568,0.0641272650392988,-1.1304964463367768,-0.0566781030061969
0.1061663115759471,-1.1766174019458775,-0.1903515616513787,-14.843873572404242,-20.44942105697234,-12.588706160796042,0.0954941015547693,-1.1973378810318358,-0.1754364191540582
0.1572390380783643,-1.2044776198886675,-0.2571433342983569,-25.01355501596404,-17.37764810870163,-17.39922726092336,0.1356007604735397,-1.231916179025497,-0.2494112361762194
0.2443766729473859,-1.270026920857611,-0.1963388292704748,-30.52952322965117,-9.544339633749937,-22.80653161928278,0.227916613967936,-1.2762497080934958,-0.1885593391637455
0.2962488555889307,-1.3245371330669182,-0.1492274034720663,-24.141570786539425,-0.4621301089899031,-30.00957733847002,0.2838886230102022,-1.3340200538285218,-0.1269518081073316
0.2992241377019941,-1.30473083650611,-0.2153547459654731,-15.432582431490312,5.442841464131448,-37.46622461214121,0.2782179287582892,-1.329873563010063,-0.1910051898566344
0.2659600721667983,-1.258881366312397,-0.3022025062845124,-11.514949066541316,12.444828244391791,-42.35213820867813,0.2518861567739143,-1.2822728908929306,-0.2867560673883459
0.2209497564772006,-1.2283096025056186,-0.3255802055424781,-7.345828812067544,24.13356931626129,-43.030691449889154,0.206345198210793,-1.2435107578058782,-0.309766140291931
0.1521686090558872,-1.2035077126988185,-0.3169609818695246,1.211772885746194,35.2732282016799,-40.299102151831065,0.1379640580336807,-1.2063987736429165,-0.2978946936873389
0.0112709191047962,-1.1210071011582072,-0.3269848930058539,9.859147289458456,38.97309143910624,-35.96680375857013,0.0203654699568944,-1.13888424403765,-0.3194175377299587
-0.1641032397133727,-1.006080056781524,-0.3820848336188418,14.660662715524063,32.90768856334328,-29.858913168868103,-0.1351063171303641,-1.032902405718128,-0.3840782884672322
-0.2980769352717219,-0.895948604325868,-0.4438489513138802,15.33035227649237,20.36485280485069,-21.850947555279163,-0.2759013746409565,-0.9121433780700277,-0.4410682375683284
-0.3329648123283386,-0.7851820087383,-0.4336294065458264,13.466516494402596,6.830131225147658,-12.55134286929606,-0.3243437333532999,-0.807466488119658,-0.4461930966242662
-0.2929839401355504,-0.7396628230961821,-0.3993959150169026,10.756595063121113,-5.239140972865804,-4.751955782786982,-0.283023954772335,-0.7599338337459216,-0.4254174640368859
