ADXL_X,ADXL_Y,ADXL_Z,ITG_X,ITG_Y,ITG_Z,MMA_X,MMA_Y,MMA_Z
-7.238826706352866,1.0995367037441943,1.2850244317858524,126.58813601751916,-124.0913060617349,243.82848559572483,-7.208247391870913,1.0941808870919758,1.2534195676559294
-6.8841616021066505,1.38236992487916,1.0897911014545998,131.7268437500576,-162.89946785452645,315.8462394431321,-6.949292087411062,1.2942248527286595,1.0477274852364382
-5.787553064851752,2.018981210635572,1.6801664652776909,48.94775456678056,-195.5091567584736,340.4384531309147,-5.8522668225545695,1.933972578588269,1.6549800443948048
-4.991754137759004,1.3492597365991843,0.99221343687649,3.95611074430121,-179.1221457885307,283.41509156293256,-5.10687837877331,1.4399541181064124,1.0249724477906814
-2.905742367166316,-0.0782194604398072,0.4587968589265647,88.31103006158858,-90.40975789641658,156.6771931412669,-3.328226537209023,0.1609504559382093,0.5099074063950495
-0.7202213116003232,-0.3839688051283818,0.6008968343729488,227.55438640490885,11.86060598402713,9.468199163840373,-1.0259928134696823,-0.2838292356085408,0.6284084420433722
0.2506886818882822,0.2438088595567171,1.061921592796009,293.9779941506264,134.750377450171,-115.55425133832252,0.1375929832574359,0.1341176650524959,1.0276502067406
1.1519635463622004,0.9577104387499008,2.05476083052368,264.85653956802594,216.54509717930225,-139.02526646887426,1.082080723688375,0.7823039786267061,1.9926901437567728
1.3866187181933172,1.0143261051739692,1.0832513151511782,138.26723306025204,146.2799968869275,-80.70015404666763,1.504019849592643,0.7977171352219907,1.057086447468917
0.3753589958554038,0.3944825592182981,-0.2409178607160821,-56.02117419509973,16.53408030090292,-10.170137049525357,0.4053995725821389,0.2619890682696515,-0.2285895978083423
-0.4838076045616589,-0.225082800580943,-0.1285242940619329,-155.6842567259606,-20.27254545191517,34.7544654574896,-0.6094488544180001,-0.1631877675947537,-0.1047728070740413
-1.3190209891258458,-0.2476245479081669,-0.1566993976014864,-90.86450313793937,52.378642077036886,15.801602190153904,-1.4109855146242452,-0.1284357838002794,-0.1427549682900309
-1.7611093968926146,0.4154165180300121,-0.0672239598758927,41.86645403174864,138.01957878133337,-4.626151295151751,-1.764941291177681,0.4815435385582041,-0.0721526942553342
-1.1603218886745184,0.9912604508424816,0.3070810352643495,123.77797252865864,130.48291461634227,6.786165349372179,-1.0911317697615983,0.9571881766467928,0.2791772412143911
-0.5325494132000319,0.8513023133076827,0.4492395528811053,94.5331878578053,54.88621643816952,18.02559602499472,-0.5127305862785265,0.7488224669496544,0.431296578098209
-0.2973001377451109,0.2898291468914762,0.3870490272666328,12.22155345496211,-3.6809898019909273,29.652494577256416,-0.286409151947914,0.2507628982912979,0.383190623780013
-0.4110266943654644,-0.0252180008379866,0.3160179589507031,-28.24305025507244,-28.83653436976415,29.781165492826823,-0.4077493817759831,-0.00668286163726,0.3060688463835702
-0.526201636909999,0.0911646152840778,0.292188797931982,-19.3057951605171,-26.64390357848048,25.494670420296966,-0.5627521754163421,0.0735995984576523,0.291276782789955
-0.4127799115248077,0.3200672636823977,0.3224963115735303,-12.425367790753208,-18.283737056135397,23.150414439638027,-0.4141170692655729,0.2890154458049385,0.3230354897702296
-0.3300062029148904,0.4655673597096331,0.4090715564472947,-19.831238724557625,-26.4649523088215,16.142551680954423,-0.3247211322256478,0.4597317565070965,0.4027825980986987
-0.196133624362194,0.5128486421302613,0.3323018871678703,-21.165064493958,-39.158050902530206,11.284441380283974,-0.2029309070801433,0.514403864926447,0.3322191655996693
-0.0725671772079895,0.4845315803941651,0.2434551687092214,-13.21450615682476,-46.50560098418457,4.681563778643867,-0.0887145080002976,0.4838548240771508,0.2465641794590981
-0.026184452051917,0.4921346598861965,0.2221527512367649,-4.425087557543191,-46.61333178454466,-4.618411215972396,-0.0529583643455882,0.4726245122000171,0.2219970933442777
-0.0239255900528363,0.5948580504251104,0.1529113630449614,-9.164884689217352,-37.80622673757701,-15.479377569919397,-0.0464850586947762,0.5714046696516939,0.1458379262475209
-0.155612178884149,0.725698278053757,0.097644690982437,-24.316887895703385,-25.988094877809623,-25.579548372293484,-0.1697510939586773,0.7214723347675202,0.0809310819603747
-0.3978531445719557,0.7917453698220734,0.083987949429345,-32.24717380908125,-20.10250790593226,-32.884770173841005,-0.3945648381674734,0.7915138102515292,0.060067296597137
-0.5877199530007623,0.7842526433647667,0.1449089275223273,-31.496630693343757,-21.1742161520793,-39.08363543898199,-0.5968785111527987,0.785416257949014,0.1207995100957139
-0.6658913491861136,0.7631573565950693,0.1649018190686252,-27.645647280226022,-20.881800836561823,-44.28264104983754,-0.6829983432994879,0.7578665683406749,0.1468066668986689
-0.7189431134589255,0.7172584705741731,0.0795701240872511,-26.332914126020277,-19.35754459308777,-51.61219130324464,-0.7263614415301157,0.7016434088418059,0.0608801292510258
-0.7511870166905701,0.6596939723116384,0.0783297993454126,-32.63239854963197,-17.934880501180203,-56.69674712840518,-0.7651871743854728,0.6431077548224905,0.0544222016115496
-0.833328548453738,0.6147353698855036,0.2108611851486206,-44.38706390463769,-16.173745328192172,-60.38499687618504,-0.8538453269751857,0.6009030396316489,0.1927626772634914
-0.8707599185231644,0.5959359984676939,0.2922457710567925,-56.15799197042211,-15.278648644094485,-66.22283196760363,-0.9003283460532788,0.5878552082537221,0.2843729018134244
-0.8424101455168127,0.6493978383470937,0.327243298733138,-60.96675021952832,-11.65118565152418,-67.38610086129054,-0.87184815574813,0.6452699633983934,0.322751843169904
-0.9070709776429802,0.6687174557424671,0.3670173261431174,-52.44398504568238,-9.570369701072789,-65.72483492786606,-0.9334173598742156,0.6742591585181263,0.3732729268507484
-1.0074619326341518,0.5996491262881609,0.3564639465204935,-36.94805151574037,-7.459985508864554,-65.30541070776667,-1.0254861376549322,0.6096776538167563,0.364989609124178
-1.213480416866078,0.5259939749209659,0.3841060302872022,-23.59313825794246,-3.3273720800682085,-62.59370613627274,-1.22023649568633,0.5283772371796602,0.3730754679272509
-1.3887904539036302,0.4352221777471948,0.4090829566863144,-13.532538182842965,-6.8667246319921,-54.28667084369576,-1.3997927664394472,0.4281924813868465,0.4039945240077337
-1.423958023571838,0.3566247054801313,0.4279534272067476,-9.76709077138833,-11.661289318911155,-41.81587931351476,-1.4337078506254493,0.3394311166052711,0.4360827985888837
-1.4706653180661464,0.3423781008918699,0.4854484528844797,-8.131430214811802,-13.475574800183708,-26.61036266883893,-1.4869715865183095,0.3264775371358253,0.4836101713406563
-1.3861187290232273,0.3416904106888413,0.4553905992977182,-2.3862860677218083,-15.852382651590355,-10.665205950521676,-1.4042490082125356,0.3320918574788274,0.4542771578406993
-1.1686503518680371,0.3247419320362479,0.3832530353834132,2.5623688009809444,-14.310336259010809,0.0482185112908429,-1.1819612505939157,0.3122903256351336,0.3818222092095198
-0.9668987415429268,0.2919582422547236,0.3387563100101019,4.4841171793783285,-12.340378412246992,6.154374051080873,-0.9941892916265312,0.2806410690639183,0.3307139500444424
-0.8385427947326258,0.2495896038338088,0.3207461748627894,6.032129627511474,-11.874706393239752,9.985699323753886,-0.8662656204456763,0.2442492964314728,0.3159373849030583
-0.7830059941243415,0.2204458962707174,0.3390154146234338,7.502163122323069,-10.224997520865635,11.02022639309786,-0.8062033989567039,0.2061295278816771,0.3365585415384107
-0.7429890138194897,0.1831399662591678,0.3834772234221925,7.924307930517495,-7.634799712175464,10.33713180850035,-0.7728360674791465,0.1669787238925025,0.3764801376170028
-0.7555710370980457,0.1108468270201444,0.4094708580931022,8.188262110973767,-2.6310633432020203,8.268841619512964,-0.7866958161159667,0.1171626872121343,0.3990716001051012
-0.7733650579780037,0.0630007577114857,0.3644980884674913,9.408412566652691,2.832896840506776,5.757929374783735,-0.8004989496374957,0.0665525264631965,0.3584301293575161
-0.7853053097556947,0.0699467486540773,0.3170433097129392,11.021358122771804,7.382035094153902,2.6807013882377038,-0.8055635675546335,0.0569030232163516,0.3199760066956155
-0.8442381760051336,0.08331421663831,0.3263011643930812,10.743648195609364,9.090304118050993,-0.6217616190067254,-0.8570720854872402,0.0747511456575563,0.3294444724065619
-0.8570597436568921,0.1015731024198914,0.3984572432651342,6.964875544736589,5.937350600360284,-4.266663995674006,-0.8674277284513565,0.0891393517945974,0.388181715467379
-0.8243838154562824,0.1135456480751119,0.435798601852165,3.838821875611959,2.816126257598357,-9.336269661700404,-0.843610958434818,0.0989468879590808,0.4338806358354211
-0.81754417561881,0.1008085514773936,0.4045253963749122,2.2685095013119367,0.2530564840434262,-13.298732909134962,-0.8379730521432591,0.0940758522078717,0.4104344117436526
-0.8147699082024563,0.0910825950352168,0.4028878953717073,-0.7215615323390989,-2.642854271882133,-15.864406857189037,-0.8310091130052232,0.0801802785901987,0.4028664105857953
-0.8202080436033612,0.0706983187793855,0.3934883944405101,-3.529251405278047,-2.763612746290815,-17.683540006381566,-0.8479277737712765,0.0550746164218194,0.4052206908737429
-0.867507142379398,0.0305258736675332,0.3824376517648556,-3.3469282067455137,-0.7017017551548967,-17.6495163372129,-0.8965939026986764,0.0264038984332378,0.3855217865809532
-0.930596950630764,0.0069697278152531,0.3502261822910472,0.6567127247862096,2.189707372695234,-17.01681723962162,-0.9449531317943882,0.0089163623630823,0.3625037292413684
-0.9762990962830806,0.0039224614908924,0.3065729014476713,4.573015478721801,4.604432745136246,-16.80731448656919,-0.982581181628312,-0.0083978786152957,0.3375026846823406
-0.99549988978354,0.016164070003903,0.3562349444937872,4.324313725540515,4.645280568121773,-16.452383632722785,-1.0080782401294566,0.0037240359672201,0.3558356675947893
-0.9845390356632168,0.0578231267253508,0.3936073254744872,0.0179645242288984,3.19417245489437,-14.73220722926166,-1.0018989252694817,0.0491091459444801,0.3906679357025081
-0.9682249421561931,0.0866974931534935,0.3836206280038865,-5.62232535017858,3.418427705993899,-12.168355836898613,-0.9839606326142784,0.069403066329217,0.3908037189681443
-0.952493995855753,0.0590337198287251,0.366723780066772,-8.230763130099273,6.653000052414077,-10.583433246403647,-0.9797882776564728,0.0509385575347296,0.3696574591700757
-0.9344734317717982,0.0279878201605114,0.3144569107293882,-7.05701953594449,11.44872512631446,-9.04243419924589,-0.9628851165014694,0.0247344255756647,0.3309568519140359
-0.9485042208330968,0.0252396326817393,0.2871444465346707,-5.409029605577151,16.194094663710953,-7.377495049830212,-0.9684135217622252,0.0138711765939311,0.2933156199596183
-0.9931978316982808,0.0148814834051091,0.2935302329189296,-5.738792586655279,19.76737145374632,-5.979737930785251,-1.015700273489529,0.0101050339566878,0.2879877860149498
-1.005122603713598,0.019047595709061,0.3050722719658449,-6.997150243126682,22.236256522435475,-3.3649310530160577,-1.0211844343928205,0.0097853132902541,0.3079287001526446
-0.9755639057091628,0.0335715098829107,0.3258710987257144,-7.646329769409236,23.22745018081988,-0.500020951772747,-0.9879219660616972,0.0180546755820995,0.3289928693220059
-0.9369195093843856,0.0294232738433751,0.33744736283922,-7.921403236958794,22.525537986710447,1.5684560887835013,-0.9564244182772692,0.0262703674630339,0.3378264084847873
-0.8997519108447509,0.0566130770525895,0.3223951344882407,-7.267107321867142,21.70820670184533,3.202196218415663,-0.9172095811360086,0.046009870980896,0.3206723123981049
-0.882798560006491,0.0880970948318699,0.2936332191969689,-6.285777755408948,20.92962756400681,3.987386890614955,-0.8989668203400794,0.0709690486913858,0.2952285524191578
-0.8792919471811214,0.0832518899075573,0.287594964673644,-6.684985642123471,19.777545943310106,3.855357469360204,-0.9023180090472132,0.0750111269717158,0.2920145603243652
-0.8838410711769897,0.0720894587749642,0.2984490994255521,-7.699996693770701,19.044720371672323,2.877881294846097,-0.9043099055968576,0.0649551838492872,0.2983181343760912
-0.8810090138126623,0.0665395556413844,0.307142824747102,-8.052857611586639,18.83783675726252,1.7798832513962106,-0.9126916232957232,0.0642815741591217,0.304700788180254
-0.8913625703059458,0.0806089692539627,0.3118766361663004,-7.9511790832084515,18.89613833716114,0.7263491691574833,-0.9322722642162636,0.0735265959707787,0.3186635994282805
-0.9338714984388758,0.0972582286954791,0.3113617161855981,-7.612206234544137,19.36522282615888,-0.720154069595159,-0.9537125348569334,0.0819833739741051,0.3224586952142563
-0.9416488528819094,0.1206395316958491,0.3044545974692393,-7.163497454963335,19.5586190430024,-2.0368935721339487,-0.9624669813058532,0.1054545741996133,0.2977965809745257
-0.9485839633450112,0.1599968387439501,0.2742489959898794,-7.329121666821003,18.523292483206777,-3.166102086939242,-0.972919103300776,0.1387288210520443,0.2716737519840422
-0.9805812783796362,0.1752504783089165,0.2530732238147782,-8.323202805642694,16.77372327652945,-3.91662319443476,-0.9901077014188232,0.1575819307823288,0.2622715156222823
-0.9903613743317174,0.1697451530137043,0.2613022525610513,-9.5960991621235,15.398774917545166,-4.115964591625637,-0.998251185185308,0.1571777846017876,0.2579172862309053
-0.98425804644061,0.1555503434108214,0.260295749130397,-10.405886389242632,14.569871277904756,-4.398457267147588,-0.9974186981532044,0.143394688670578,0.2638315663318582
-0.9718057658733356,0.1464144476867157,0.2577483654095694,-10.229461211474534,14.018529551220308,-4.6510077767206885,-0.984884092413148,0.138334082210704,0.2641763117987619
-0.9598003226649514,0.1541293020915461,0.2607633008338131,-9.216980963556376,13.597124870910331,-4.465112996413268,-0.9708363218610137,0.1372377326323962,0.2504469003050779
-0.9493237552756536,0.1444472574143437,0.2547861498652981,-8.067371708517726,13.361640415017828,-4.236696703453632,-0.966406482915042,0.1318060015225319,0.246009499534756
-0.9595189995007526,0.1295578614429575,0.2518985014989219,-7.326125878250387,13.444740417298302,-4.359892054702496,-0.9717700105234992,0.1272498018066343,0.247521935021895
-0.9676727082940576,0.131047622336131,0.2453700384796167,-6.140035838131561,13.671270194321718,-4.554948277000984,-0.9801021389039768,0.1134159809774703,0.2414677479093098
-0.964336472723054,0.1253833549118926,0.2288754864824416,-3.978850535715986,13.667555002106075,-4.430845598702467,-0.9790559435882702,0.1117502485634261,0.2288809207411495
-0.9798613225598768,0.1243913307030251,0.2238859635159787,-1.502455853320758,12.225124265420169,-3.760734773229363,-0.9789433327018427,0.1177767369868716,0.217656088063151
-0.9778759699736044,0.1280178446605621,0.212260729321368,0.0624425020329721,9.704351377452555,-2.786304414326912,-0.9816093941751304,0.1087830156277364,0.2030887313056259
-0.9794154330328484,0.1212932418897729,0.203450647146601,-0.6269666180938809,8.190054610232725,-2.085731749414104,-0.988770080617698,0.1045642772668148,0.2002842769833324
-0.9899479765983497,0.1145709535399699,0.2219487664193701,-1.360549142267099,6.796775221379059,-1.4608792154736494,-0.998575445822702,0.0983705905215611,0.2169133469691559
-0.9736380283009404,0.1017093033846422,0.2250509633627621,-0.4219745596787914,5.282121173041564,-1.0427147765946634,-0.9890942408794494,0.0892963376879152,0.2221132670401165
-0.9604050706197428,0.0836370691764092,0.2238612005320443,0.6232176144502208,4.969699638674863,-1.404321603460938,-0.9734011624721498,0.0826636797222952,0.223253458502692
-0.9499680540195798,0.0747737055564718,0.2301210214182527,1.580040991509719,4.95944067677703,-2.102918736389299,-0.9651066379464934,0.0674455337957602,0.2250417342578904
-0.9422914948703464,0.0667992425014815,0.2297852051104403,1.9480936234353008,5.05787359083395,-2.6576409739481197,-0.9605745300410938,0.0559076618175807,0.2252040094283229
-0.9420369723189864,0.0547035071128932,0.2439545884262722,1.7682448767822911,5.56203469037108,-2.8021969605882453,-0.9594354965152776,0.0522091606164192,0.2312288279747225
-0.9438973091296132,0.0598717361675867,0.2477044178488779,2.1158605062781493,5.863683397094287,-2.383767545764261,-0.9632127576938,0.0550506968714702,0.2333563193525578
-0.955935958440532,0.0704927342581253,0.2346053118188388,2.9646128019532805,5.490633567010359,-1.7650331110431612,-0.9741969975482788,0.062944350552377,0.2365299553674614
-0.9651274440065938,0.0795180488066522,0.2290783948939908,4.335623523391792,4.353298389169794,-1.3445018802301665,-0.9789650234996952,0.0726550899491061,0.2323649113377113
-0.971163042638206,0.0960874110661184,0.2284651005523525,5.404559437563121,2.575347805537158,-1.298771831678073,-0.985186930644482,0.0829157402909416,0.2241144869230586
-0.9834858546344316,0.0988762887546961,0.2273839756014599,5.251456415695603,0.3358674007396837,-1.3686016490723214,-0.996894265188366,0.0865879775612989,0.2286636592082958
-0.992577127156462,0.0991575041687274,0.2235383217581215,4.02259600838243,-1.4350436431956932,-1.2545349494294589,-0.9990684406539424,0.0829369480919788,0.2294635067830951
-0.9865606356132592,0.0947344476731232,0.2201209267362828,2.392713919715351,-1.8697869110347165,-0.9187883782727588,-0.9971040513263368,0.0772043796985149,0.2172478431832029
-0.9765355117362704,0.0888730451900108,0.213268623578759,0.6330561368471107,-1.2974076751559906,-0.3172830194376981,-0.9924466023709262,0.0751934165490916,0.2057783464268431
-0.9626459054251578,0.0853167781374376,0.2140992505416403,-1.2342132464071818,-0.4895271966942869,0.4542816845970541,-0.9842047436223176,0.0726606633893044,0.2076242706962663
-0.960095249652616,0.0732574817036271,0.2332119943285294,-2.255500607207092,0.7871138268846442,1.028372714596374,-0.9850218804687976,0.068995938070772,0.2250851704399023
-0.9794670949984116,0.0882092069471013,0.2500581093973794,-1.5663368766063073,2.130668093953071,1.293687103237313,-0.9930116147732212,0.0649356114966666,0.2476221822416393
-0.9736252089348684,0.0918935994431703,0.2515338393133622,0.1020375075604123,2.872358072690779,1.496923350428844,-0.9864581995457994,0.0676500284690233,0.2491210754545717
-0.9733200249410792,0.0868769437773762,0.2569772991171553,0.6954528815606935,3.177152532141189,1.4796210870097566,-0.9850384599894082,0.0860094563268887,0.2475712284755588
-0.9880073219375972,0.1104983542829831,0.2685713067949384,0.9222549888055572,1.634559326801292,1.2976215926973738,-1.0009667323365488,0.0953894932366883,0.2604960420730169
-0.9777705706724806,0.1098767901961007,0.2549333764323782,2.1680119722784044,-0.7592440573444925,1.1917931864206788,-0.998162274118862,0.0943220675746554,0.2506192616932596
-0.9770920527408924,0.1110494664337673,0.2450281342242415,2.4400336484435488,-1.825986758232354,0.7849909786176469,-0.9847479301518092,0.0987106780386988,0.241784622604714
-0.9625832664660148,0.1247776895034737,0.2656722337165986,1.2095700081136822,-2.4898299189505373,0.2452422025442571,-0.975485554165435,0.1009198023885923,0.2548975464312749
-0.936678627899272,0.1186185117301757,0.2654661429259284,-0.0822686758350676,-2.536864519983107,0.1035809295319591,-0.9627270859319416,0.1025509087989034,0.2581953678430421
-0.9388402873125312,0.1208115498937696,0.2493480778019862,-0.3210974255081582,-2.080304833687101,0.249156438657546,-0.954274635352714,0.1030882628342461,0.2561239322933173
-0.9441470663538796,0.1216567540516561,0.2534179993100448,0.3233176391918542,-2.1773254501311303,0.4625628934191835,-0.9561134200174992,0.0999275988535253,0.2513594437972575
-0.9492358284474864,0.1039994324816033,0.2536728687644579,0.5587528434895844,-2.47101196806936,0.6199984092083671,-0.9667729320932514,0.0899841076734669,0.2465880463934411
-0.9491092372716552,0.0856201320287842,0.2445386756690715,0.8256115609723619,-2.702214750258736,0.5915618860807691,-0.973170606497209,0.075091584685753,0.2455071664501837
-0.9560864821764772,0.0760712379439964,0.2374197214635571,1.4208874939335274,-2.756852709480187,0.5548600350715748,-0.9737097302034587,0.0721545768062126,0.2396963056941476
-0.9586899136912028,0.0769854484205644,0.2406083890732364,1.6394466680101347,-2.8782087663743896,0.6505040120921982,-0.9739513127112204,0.0768564614290728,0.2440084175693521
-0.9395577859363504,0.0844945646980669,0.2579338044703033,1.772234411401861,-3.1335231585074057,0.461332007262609,-0.9671822997470648,0.0792440215499299,0.2576147984507309
-0.9381016305319664,0.0948430370357528,0.267860984823331,2.0701546030937195,-3.3325069402405147,0.0319763620139572,-0.9555389573645832,0.0848998231930978,0.2646028852008268
-0.9375157852649454,0.0987368315825841,0.2727842168620817,2.2777508169802085,-3.4517770211317385,-0.2732791104549087,-0.9507004689466746,0.0902896836173583,0.2685853178201945
-0.94253396713847,0.0977003877487546,0.277362454799712,2.18156571823086,-3.0153854306205936,-0.7237450670317835,-0.958156781112682,0.0898761577936827,0.2734182941869465
-0.9519674373637288,0.0973081938208859,0.2699937199701203,1.912264901274648,-2.130210839015101,-1.170877357720128,-0.96588908612158,0.0821502226334782,0.2740940057505523
-0.9404879487987858,0.0811789030259807,0.2712055003326734,1.906210195801283,-1.2698598647696824,-1.1360373104803625,-0.9693666868146674,0.075149078499378,0.267687535449207
-0.948838103277341,0.0757183791261905,0.2821688859752586,2.031735392418915,-0.5940077658197461,-0.8205838456669062,-0.9721253331904862,0.0800625758245412,0.2642372828808267
-0.950763823537892,0.0977422508664896,0.2651097825915343,2.127081001999924,-0.4951294668924472,-0.554266361276054,-0.9690722045805388,0.0880121134553939,0.2677612121520353
-0.9395372821267898,0.1061728297880782,0.2581144415235195,2.5000608694968083,-1.0723743494373648,-0.3524677533675008,-0.9666316116259976,0.0973282678976617,0.266875663980208
-0.9491153825609128,0.1143177345754844,0.2736026241890357,2.794773152654746,-1.7443343041363903,-0.3125246967292407,-0.9680126161469664,0.1051004014125023,0.2617231818991922
-0.9517207423253172,0.1214546896447419,0.2596852023273633,2.6092540783041165,-2.1070530257146496,-0.4617464099662469,-0.9679670176454666,0.099129993699525,0.2605339909432884
-0.9526658678139296,0.1106454847853067,0.2598428881258096,2.054262425981842,-2.1270320121378257,-0.5999723240937199,-0.9646629935090292,0.0914897353682439,0.2662446505421295
-0.9526240719582286,0.1030735169132149,0.2770646388403489,1.3907386142339997,-1.5870420359228128,-0.6863460400550602,-0.9586193821248304,0.0885064797808441,0.276452304104174
-0.9420101733421272,0.0892441302757193,0.2797514287847155,1.1198910864194414,-0.7292998636986051,-0.6356160327500748,-0.9608310106311496,0.0850256159589571,0.2786257208071728
-0.94317880608931,0.0884573771171973,0.2742954454809758,1.32608561473836,-0.149400569927033,-0.5294599053175599,-0.966976923053533,0.0837770695016592,0.2723344405333874
-0.9495234648203708,0.0989455169620394,0.2540703255677435,1.8910568697531671,0.0737800615309333,-0.5919838633188695,-0.9659645290116852,0.0841698341781372,0.2645100529807656
-0.9472483166071872,0.0902116212710136,0.255692442720542,2.4970018249593102,-0.0085126490603497,-0.6070808412606582,-0.9698949664639868,0.086396404518525,0.2571375686462526
-0.953325612678258,0.0952109077842581,0.2638548221422538,2.679246454757024,-0.076334537304334,-0.6353309789431332,-0.972432512655448,0.0875034273545071,0.2578357518348723
-0.9598850002717296,0.1087763481311555,0.2677844592373584,2.5689029185828978,-0.0052875188458509,-0.766249892790353,-0.9672706292488162,0.0882631852784588,0.2629142497696702
-0.9532367634800442,0.1008186881803256,0.2789104326942008,2.3568116683198355,-0.0545645856634166,-0.755295152230677,-0.9677915671942888,0.0921332529772441,0.2653623056097227
-0.9517127462166636,0.1032503057634573,0.2666291797037198,2.157294434276928,0.0088777869798478,-0.7948556110570694,-0.9654299285279636,0.0924701800861187,0.265129541278612
-0.9485063655273088,0.1116616634342475,0.2622396581042211,2.056230562937384,0.0293878277269961,-0.8759765913522587,-0.9581787655755042,0.0893264249908878,0.2636027361838002
-0.9458491080358012,0.1043568243443894,0.2642952850928701,1.6353512731723834,-0.2233207703732658,-0.7821244607097827,-0.955218967573126,0.0878223597373686,0.2590219578818172
-0.9504661952879668,0.1070285418988403,0.2605364306478184,0.6345502653624183,-0.8202014092041141,-0.5041584220181634,-0.9579641122297856,0.0912307839708736,0.2528720807143311
-0.9479596268757642,0.1017427979033385,0.2624955680304245,-0.3135984759822622,-1.7775468643517636,-0.2620121236387164,-0.9636454159181252,0.0904389738924363,0.2510463955064114
-0.9470743804906284,0.0937451379341886,0.2554184665864988,-0.6211643164401892,-2.1714314034711286,-0.3627663648488113,-0.9674520986644044,0.0847451447127233,0.2498929215897659
-0.9519598540285256,0.1007361806840001,0.2541907664783255,-0.2161577871021903,-2.0124495752723712,-0.5614919365272244,-0.9704943678150022,0.0885865623029832,0.2517428490217174
-0.9621654727754266,0.0997268739898647,0.2532360272887188,0.3151372840732371,-1.8216155493675168,-0.9180413436954784,-0.9742873842393852,0.0855166571885079,0.2555512465408462
-0.9695326673092683,0.1019323326730803,0.2554974608952248,0.4573195372984436,-1.5198975503492544,-1.0549349297560329,-0.982442622647342,0.0815517705867914,0.257981135663297
-0.9658906023903666,0.0919341249738196,0.2680007653785368,0.6792827601776973,-1.2605983866872543,-0.6550475170080334,-0.9843284228507514,0.085064575386013,0.2614142861335967
-0.9601780777798016,0.0835740576041545,0.269329726854562,0.7637430579640841,-0.6901079662211217,-0.7202314605280211,-0.9765177927808192,0.0768859371996675,0.2622621392714681
-0.95168300819922,0.0924308337866415,0.2654306523874519,0.7459363027987909,-0.1988253802979804,-0.8514152885862557,-0.9702964705696464,0.0774981887613504,0.2623250912015207
-0.9377249468980128,0.0964278204406872,0.2667207206191649,1.1032977604776415,-0.3150478677643237,-0.5833664650581506,-0.96340189002321,0.0848616683314827,0.2620105095419405
-0.9351594989859662,0.1052115307695479,0.2652461118520919,1.1914474339641998,-0.4054437534921573,-0.5409578813550158,-0.9628199071577664,0.0878021846735195,0.2647613601302977
-0.9539142299950044,0.1036088758591214,0.2590494983784568,0.9408578949882384,-0.2965581412015821,-0.628527413489028,-0.9672607177951332,0.0905609389032553,0.2704083792127175
-0.960780165855218,0.102603172116879,0.2659437467811076,0.8898425309444689,-0.1549768210406833,-0.7012853431123557,-0.9691963021939464,0.0866306248302289,0.2714520417441926
-0.9539702933291474,0.1006229986417384,0.2681199312583908,1.3801893391184616,-0.0889728479855436,-0.5674484477441151,-0.972482334329698,0.089837811541307,0.2681844710803031
-0.9565006616240564,0.0948973557954496,0.2618416185406523,1.8450922844920936,-0.1502756071952598,-0.3704773533347466,-0.9739693076750828,0.0884454415673132,0.2631538937561198
-0.9532228535059516,0.1033894702356598,0.2668140110547093,1.5567102142305476,-0.322512049439298,-0.1839283687808968,-0.969705575949656,0.0805949503379994,0.2658646318155812
-0.9436615835901736,0.0942841588402609,0.2727780219828278,1.105293237185175,-0.2578584490166429,-0.1733306166748705,-0.9624970620048984,0.0817005358441419,0.2734370368577011
-0.938233534626613,0.0868120569513131,0.2778939435873009,1.0642190541154728,0.1889929985445679,-0.5486618160987466,-0.9622836233238632,0.0803840344231872,0.2756767741369576
-0.936235232931276,0.0924459009667056,0.2679773070879032,1.455310110732172,0.5912636135397267,-0.5899793374531317,-0.96024666216077,0.081763033223503,0.2742918187717706
-0.9390028110425196,0.091167395908183,0.2662476133483679,1.6449729645772058,1.0803116084262652,-0.7737694473112228,-0.954635552721178,0.0842050452921151,0.2717029823491773
-0.9455880344741334,0.0999072088745769,0.2691611815699075,1.6159454283022272,1.3208052334936573,-1.0403792265704688,-0.9594932796433716,0.0843153835131245,0.2705603934318951
-0.9533232259789544,0.1038012268672301,0.2544720572959778,1.7742751469207847,1.1543773674448017,-0.7144790311277173,-0.9650858077360588,0.0860501087915607,0.2692971334321595
-0.95545535534764,0.0885486168761446,0.2640407673379313,1.6130371698849997,1.271100646120657,-0.6509801773862957,-0.9653119229671272,0.0845825626696865,0.2693806885023675
-0.9430333033471844,0.0850757771711226,0.2716904260319943,1.278070340167409,1.4270530403566375,-0.7123254354377236,-0.9614422707553568,0.084178587532241,0.2692559304855176
-0.9398272610900752,0.0922776001018473,0.2709824634304335,1.058671703311397,1.2018179327703054,-0.8066588076823268,-0.9633499945640632,0.0813107000992452,0.2698752744377967
-0.9547573726117636,0.0871485686581911,0.2754390958412489,1.3743954879192886,0.8057830002623314,-0.9325485463883584,-0.9677002469948092,0.0774962035492421,0.272653617933602
-0.9569948608170974,0.0933033096479146,0.2682341127750328,2.149817133511264,0.5695201721150129,-0.8981741928952132,-0.9660042326782118,0.0796336145795213,0.2692626983596742
-0.953987160025594,0.1044374120080674,0.2788697759278455,2.2695096209080323,0.4994509583933065,-1.1151145746593516,-0.973667270485171,0.08636039999415,0.2699605390769312
-0.950282532386128,0.1007576411814936,0.2777068133907642,2.1860325010579835,0.6763894358032996,-1.053817268408827,-0.9753329807228066,0.0911882579774625,0.2739539427748951
-0.9471484757092744,0.0929712267808496,0.2677850277595621,2.52576197358398,1.094475506384421,-0.9930909629433924,-0.967370701018978,0.0852516701801485,0.271092914079422
-0.9481685782304912,0.0896376695465727,0.2751875001819389,2.805022356930452,1.2556783138903649,-1.1639245068696031,-0.9648387232754893,0.0822672018731301,0.268481839996024
-0.9416039615626834,0.0957562457496513,0.2655500715044097,3.042090339058245,1.0074748227085266,-1.0809839666679524,-0.965099338080904,0.0813543795554746,0.2665841626063021
-0.948324529778316,0.0815482763929506,0.2766914606885978,3.2123126781264317,0.5887405234375576,-1.049426748043663,-0.9738133593282884,0.0716435983571292,0.2714603595233672
-0.95591287606652,0.0704608390413972,0.2951812994396398,3.050270707786437,0.5718441579919262,-0.9629728497415658,-0.9766949718537056,0.0709526985381835,0.2770805896634041
-0.9540122147234662,0.0872739684562911,0.2768437696732672,2.978010629795222,0.9370377454579716,-0.950751855904143,-0.9705747154167974,0.0774614772023783,0.2722759413260563
-0.956991454835698,0.0895415096708189,0.2622016493150378,3.108930918230032,1.050461791080981,-0.9591285803265898,-0.9692231401071018,0.0810465328107903,0.2687150522332598
-0.9540485908961172,0.100406263634046,0.2660978373437054,2.903529298009462,0.907098067690194,-0.7352353767398858,-0.9678426995679902,0.0854706530903436,0.2640253052699385
-0.9521436169292624,0.1122012320903601,0.2652337423252315,2.5232222092485808,0.5665565327583206,-0.7625051966781913,-0.9657884043935436,0.0884101400926197,0.258170761991896
-0.9457569956915782,0.0925570244991923,0.2464041270810351,2.4136724404767658,0.1322302351063082,-0.8451250022642927,-0.9659195235434532,0.0885588750852181,0.2579192595759944
-0.9454023249329288,0.0862343439089132,0.2572753400544344,2.5780376431931447,-0.2216650983130831,-0.7413497791621698,-0.9689792019896002,0.0828341557869127,0.2587022975835711
-0.9563528941427528,0.0863378523453424,0.2808108179857093,2.751529225234389,-0.3960233481874928,-0.6437480300684584,-0.9695034641997122,0.0791810056169961,0.2657564433452133
-0.9522305845083952,0.0834246177405483,0.2692050436401093,2.686684855509617,-0.3219674534112907,-0.5455274887682564,-0.9702784670159512,0.0805803402058435,0.2723342617341526
-0.945549190646224,0.0993413477518739,0.2713651928134782,2.361289425763821,-0.1465910318468153,-0.4983295777884922,-0.9682259003862106,0.0785935114746104,0.2718812961642446
-0.942979519218844,0.1033155307848923,0.2720746136158898,2.010550455172499,0.1602319952034835,-0.4125998763195901,-0.9554015862808648,0.0820312374025215,0.2726419975058052
-0.9435684565223648,0.0972069587197425,0.2653353115947968,2.082127535447857,0.4686528659447451,-0.3554907823957933,-0.9551652364213552,0.0853119865125755,0.2723539926603694
-0.9453103663958422,0.0972632162618071,0.2689314169758976,2.570770950986763,0.6682400508015747,-0.428712980847191,-0.9646509661642464,0.0806939707339394,0.2711394656442253
-0.9498058831976794,0.0937651149732442,0.2635212424314307,3.061207726356179,0.7333232010492292,-0.5349488036784358,-0.9679222520251802,0.0790723622872364,0.2685930942637764
-0.958825539861135,0.0906956910649267,0.2751322662325874,3.3455143236034504,0.6420754158479637,-0.7616611158898271,-0.9716833134759096,0.0797647923289226,0.2695508217787384
-0.9515181665389896,0.0890538578752449,0.2705730535253509,3.5058435538545343,0.6754431900684222,-0.8846491447060535,-0.9690473219161678,0.083581708657314,0.2740084321332964
-0.9487138453933268,0.0964606643599865,0.2575845856183614,3.581038219106303,0.5756326758612293,-0.8108005920452539,-0.967787279812258,0.0875323027265126,0.2718318978177497
-0.9501012690366876,0.0968422333407441,0.2763978924835011,3.3814044164127672,0.275660171255869,-0.7802417273419266,-0.9667825803461888,0.0859957931283807,0.2717930482245552
-0.9406640866192312,0.0923965183615638,0.2705131892823428,3.1516856995813822,0.1228454965997261,-0.7811185356260917,-0.9627298454764612,0.0871359733729769,0.2714205667314794
-0.9432936157733628,0.1096588288422212,0.2633168146439191,3.155119337987546,0.0892735013559719,-1.0321751027022898,-0.9673641507922496,0.0880074108187088,0.2700776789844638
-0.9437200116681708,0.1042763957593573,0.2730653949893707,3.047451583728696,0.3409314480620667,-1.3327542591329924,-0.9662452311561592,0.0863093462100513,0.2739645414242855
-0.9442460450842718,0.0823505783691301,0.2698338065642705,2.9089495902799416,0.6228138093845063,-1.2320699568093192,-0.9631021784858286,0.0851736105028389,0.2738648729282939
-0.9496054932743908,0.091474209052016,0.2752407708294413,3.0522439441845366,0.5987377391337064,-0.9553273429401564,-0.9610024596685576,0.0842503089005089,0.2742968416836036
-0.9432993753347036,0.0929065394329653,0.2777215198955791,3.027716087675302,0.4695414212397647,-0.7982380088890467,-0.9571233429162276,0.0853838729078397,0.2733534934910052
-0.9425628801617928,0.0895820896457879,0.2662716982336988,2.6742594769147647,0.3493929567018036,-0.7289105495118003,-0.9607773751112648,0.0813180563672724,0.2710293767395174
-0.949157199698873,0.100944286148482,0.2585805332111265,2.7440969797519945,0.3788223833502691,-0.5891955355276498,-0.961442653045269,0.0754710937041004,0.2722723749984214
