ADXL_X,ADXL_Y,ADXL_Z,ITG_X,ITG_Y,ITG_Z,MMA_X,MMA_Y,MMA_Z
-0.1047395648553391,-0.3731413205356352,-0.0189140950423302,-42.260472970115664,-1.384259361660119,18.66061954436185,-0.1197904477908138,-0.2870049630896815,0.0273477865939698
0.0268983414880267,-0.4065239911869953,-0.0372992860595022,13.746997045495066,-2.9743348771506186,8.805709832503657,0.0303073306744178,-0.3576605282731441,0.0226407296950913
0.1709412078968552,-0.279582674805048,0.0422341711363577,52.20113927742406,-14.554888095192176,-8.062586504300125,0.1390494281663263,-0.2501860659376015,0.1060642141166423
-0.1966780220287807,-0.0119181649862943,-0.2711407451217837,67.81563676091841,-17.872529554552795,-20.81735807519821,-0.1431224099203505,-0.06646200195964,-0.1845992492247705
-0.7975608916339074,0.1080423321780696,-0.7155829178465398,43.25614442709536,-39.94825741609818,-20.69295876737319,-0.7293102531410598,0.0782556641139775,-0.6028146775722298
-0.4860368860072315,-0.2057563107699875,-1.1656830515907437,16.95016129135366,-80.67050860690996,-14.64524113100329,-0.5252626041061716,-0.1988045037327281,-1.1366594555177696
0.1357155482549799,-0.6011489970548967,-2.2760490172090284,-19.237911168510077,-103.07897165914734,-13.700463838738726,0.1272840889350002,-0.7873906765410843,-2.2645704589280973
0.196637988417478,-1.803429198564596,-0.8730114211696514,-115.96600797756275,-91.46504858258037,-36.07065401171939,0.0346659968023723,-1.7372767285462172,-0.8173387526674916
-0.0663424603001761,-3.244820914444625,1.3077630231655828,-80.4056547752357,9.626023671539842,-53.525407443519526,-0.2239635802130199,-2.9118768922999863,1.4122795260438394
-0.2097127385836566,-3.0654868694287067,0.0624869108937634,41.99954554965963,59.90413765463688,-61.18463337387748,-0.1040215419416223,-3.016490577072293,0.2440162843270796
-0.2289526028488344,-2.1148135170577795,-1.115803851878098,34.6681208483344,-29.438768924023503,-77.44948787437036,-0.1879092692710238,-2.132542978220314,-1.044734487368575
-0.473892683304209,-1.595795990722511,-0.4979964397709278,28.837917861164936,-82.76524852353289,-53.3295939000358,-0.5028861145220118,-1.5160438794642026,-0.5060149902449176
-0.4973926989863556,-1.4023317936961903,-0.0726961586144736,65.02130295629337,-94.81215389535302,1.8647892638146424,-0.5140301661284824,-1.3772073478629248,-0.0068966642418204
-0.1041963285708806,-1.4637284574466651,-0.1277794278308051,48.900711731170176,-106.4349339247571,31.702984322733524,-0.1647006453595336,-1.4665781022562556,-0.0595538802982052
0.2297813301177381,-1.6476375490690105,-0.3499895946719776,-5.605907127557896,-97.13656292482663,34.42296320294986,0.1689701679894454,-1.6596934482686914,-0.2642137570814005
0.4304989303582675,-1.9859587103750984,-0.3990875575592234,-66.82461131417622,-87.1118912054099,26.310207786561413,0.3357042095355525,-1.9789232247190292,-0.3156174615136476
0.4561915308398633,-2.4411162424024067,-0.2827351018376254,-96.19969772325332,-64.46511034508165,21.110755165021388,0.3620920051250517,-2.338048436570608,-0.2329878800341567
0.3005329185228667,-2.641721536588192,-0.1461269665122794,-83.15313457851111,-46.517089850952345,23.15419905849169,0.2291374697786704,-2.487107364769248,-0.0723039873404547
0.0844435758804778,-2.4291621937847587,-0.124637746953677,-30.926935547946343,-38.74968760801794,33.59504401486075,0.0479725507499623,-2.319353576682176,-0.0535403918083498
-0.1351790049333326,-1.9342602262526536,-0.1575101170316494,28.64674881841197,-36.73165940562945,45.65148381925471,-0.164832473156214,-1.811560310011192,-0.0860114372608721
-0.3732980276727873,-1.3243377669954954,-0.0509026884486381,62.29599396506748,-43.906720108866246,55.73342784123539,-0.41188195629455,-1.2207962448441465,0.0217217507340438
-0.5380592150675232,-0.8191137804898821,0.025433797426423,75.0202679276643,-49.91312191666324,65.45655589702201,-0.5321647477062715,-0.8015842135287097,0.0836140948916211
-0.4362381251935799,-0.530491800435355,-0.0167836545937183,61.3278150985846,-53.61805051292343,63.66862810170019,-0.4649995768977981,-0.5400763848921135,0.0633133993931127
-0.210663243444581,-0.4369931906554709,-0.1080407741058694,27.664661730387454,-43.23240534319929,49.13164239589318,-0.2638201826631392,-0.4632351596710302,-0.0314226562625783
0.0157957925105611,-0.505495965714621,-0.0802649287305704,-12.264595252615935,-25.77706014748709,25.46407227973101,-0.0157121473208655,-0.519365781041421,-0.0171331766731496
0.1799169891807278,-0.6015568349694246,0.0959932813613243,-38.55093536518916,-15.091492122383356,0.2620646777949051,0.1586778820608189,-0.5781484673525553,0.1612129445896181
0.081175334319024,-0.5875966884333333,0.1456772176072782,-32.53109557022438,-21.23131335396465,-14.268822573536497,0.0976562493650814,-0.5395786558811126,0.2048766542989769
-0.1947597116982057,-0.4062536574876638,0.0397229215578163,-5.304095274078661,-47.05697282050177,-20.159466709367287,-0.1857903549529945,-0.3692824729267597,0.1070733787797346
-0.4586632033254738,-0.1747630135153247,-0.1452300402876726,23.28458067461551,-70.1552431774858,-20.41611058810072,-0.4590029405374412,-0.167341956108612,-0.074167193921814
-0.4532453796915064,0.0080802654256608,-0.4587257569683687,32.86555819676114,-74.99070197040022,-20.24404305198073,-0.4696221884786667,-0.0002846984837894,-0.3844197310311557
-0.1638682163999112,0.1614518552786586,-0.6846256118126233,21.839990132161763,-59.44954031245744,-31.38048480589191,-0.2053514682317923,0.1125767914246287,-0.6126814163306018
0.0445750260112409,0.1903675510734209,-0.7084106767012428,3.3382509865520658,-43.30740709940255,-49.76515675401966,0.0165352338405042,0.1442743116597187,-0.6547237879524415
0.1560958803636503,0.1079673913125976,-0.5802799700635075,-13.437973067282025,-38.103293018538224,-64.14365641036879,0.1302330953130993,0.0934447647795566,-0.5348961198345138
0.1656924700149551,0.0155416292501037,-0.3610876130144022,-15.040242855374874,-40.48234751885975,-69.63088324599126,0.1521556708035333,0.0071038492535435,-0.2920101277421599
0.1352827194244882,-0.0808271549744947,-0.2444046629212889,-2.145352944069463,-47.61852678873792,-62.08122496225394,0.1083108180258779,-0.078758544893842,-0.1575675512402999
0.1859067282893195,-0.1225634941944658,-0.1256822222342913,14.066147098304,-47.58022110731584,-48.1367500869087,0.1606016774707842,-0.1204967601617607,-0.0706598718699228
0.1899586660599916,-0.0809298530019727,-0.1135726335085879,29.117091782367403,-48.23146713121197,-30.98214900886985,0.1698752670589529,-0.0882834412242925,-0.0334561173448838
0.2395026215810394,-0.0775298635481797,-0.2539845095911497,35.56847002133568,-41.845998569312165,-16.059991915144394,0.2155001087365081,-0.1067816125661054,-0.1603026981659147
-0.1702124057695548,-0.0652764781987173,-0.4755291137469982,25.727823504417845,-48.66503841020155,-11.882731754328876,-0.1124537539669011,-0.1152059462599296,-0.4121428994452984
-0.8693090863571676,-0.0813732121703358,-1.1934383414213334,-14.168924218190938,-88.97571671428766,-5.864351600192568,-0.8632661647795072,-0.1526430527868675,-1.0985005636038514
-0.4972516383990564,-0.4160954444509752,-2.0395159889317807,-81.18642031372646,-76.78491399971992,-8.827809682330688,-0.6086839077914731,-0.4784393331428682,-1.995889558462266
0.1565294644661699,-1.1179212887554135,-1.8012156671711943,-144.01359895346698,-10.278145428605802,-24.45109507108084,0.0890003413767661,-1.1045743369977972,-1.815259114695824
-0.1744372607205476,-2.2795537513831654,0.0582704021757311,-157.10033508405164,-3.2813130592837987,-25.25856639236182,-0.1463598172714283,-2.1230334222852454,0.0541512279038019
-0.4691157103515235,-3.281774480364768,0.90300800684352,-76.44149704285019,-79.11096864923161,-17.183492890569628,-0.4561300080086033,-3.0302673064650167,0.9907521969614004
-0.0503550776846896,-3.11467940215087,-0.8128975700646688,15.297900316447253,-129.340262205814,-19.825678174609656,-0.200513372698663,-3.0009368745209497,-0.6417131731399585
0.2306242963088548,-2.468986025748895,-1.2908071765915157,27.18764656884837,-86.65738453164923,-40.417515573391896,0.1023904330220858,-2.440012484792614,-1.3068281253979035
0.0175740108610821,-2.208916988691067,-0.1668610340432844,46.35585721042541,-46.97651583948775,-56.166795639176,0.003717932624541,-2.0853532206788112,-0.2214241741386605
-0.1795643487633564,-1.9806538528658888,-0.1350013247648252,90.06144931708634,-48.4004932225746,-45.69979637707761,-0.2408856990875195,-1.8889645082877564,-0.0521275937124179
-0.1983020768141725,-1.640997205007645,-0.3507804795976004,81.46114849591793,-38.74608938913066,-40.832825656484765,-0.2552081688223506,-1.6245116865535836,-0.298645068448775
-0.0903684410541059,-1.475772512390137,-0.178190578540239,38.62283895812888,-22.82253047671571,-56.648970925347,-0.1483487324017494,-1.4689044221249443,-0.1082339508076937
0.1595290031471462,-1.5611718159864962,0.056131760094618,-6.246431049968519,-5.382196228099268,-70.41035476041034,0.0747369562483602,-1.540712937796742,0.1296298817248334
0.4312498331745992,-1.705084605247269,0.1757946542871611,-40.53555154911459,9.782099215867422,-76.30269829845277,0.3465612285292139,-1.6482540474482446,0.225158419482029
0.638098337316251,-1.7432976202359365,0.0444510332695644,-54.1476950592765,22.80625133486441,-83.56375899085552,0.5356669125732854,-1.672554289254538,0.1297490291954542
0.7106911277182244,-1.5535564310113703,-0.0716495101854247,-44.112623022369455,39.91208338917864,-93.42049000236536,0.6278046044066022,-1.4870250848902486,0.0010368475749928
0.6668325194663682,-1.2323693940460574,-0.1114566309565709,-19.47442573662162,47.049738202381846,-99.20188095289114,0.6094130666144507,-1.1902019455588742,-0.0466443409747491
0.5200211765666465,-1.0051583409249174,-0.1564554714072773,-2.672261569525457,42.358306294340814,-94.69695874285117,0.4826824473501009,-0.9959035757606132,-0.0727204986863984
0.1682872288597423,-0.7479635657647661,-0.4007265977955541,-6.471506983802347,39.10971307954466,-74.8893901488595,0.1283634045126385,-0.7688483330456117,-0.3267142880328443
-0.2817225840589475,-0.5720513039772948,-0.4528294868898713,-28.5401877202315,41.42534942186561,-44.45526807080008,-0.3021222666089216,-0.581569350411536,-0.3972099472846643
-0.5339390182069599,-0.5914388363298411,-0.2857169853552445,-33.2110175352693,39.42281105076799,-15.026961196822969,-0.5239423963985679,-0.5659926126630205,-0.2226485601819787
-0.4796007805335867,-0.5200817201126862,-0.2579232916518679,-17.920616083106484,40.31600852234042,8.888109091574556,-0.5087458607851048,-0.5054580053010242,-0.2024148629155693
-0.2674007462026633,-0.3737986249010665,-0.1397922708456371,-1.1434462039158586,36.95420480512068,25.69062371760256,-0.269229038753427,-0.3416750230999458,-0.0869617869608734
0.0196725471493385,-0.2054184640413719,-0.1596807674935434,27.75166153486878,8.347095288789268,33.45616550504551,0.0633552466579145,-0.1750207642394693,-0.0974204265500526
0.3158589653891968,-0.0329625433620189,-0.2549088621523478,43.097284996880425,-23.48388512456999,31.79373141676276,0.3041485708203284,-0.0535850189323278,-0.2005128122772328
0.52119439962661,0.1097739511727882,-0.3414125583477237,33.0227441795007,-35.60483861701547,23.30329186588003,0.4636147234178426,0.0655675243302403,-0.2719616507666798
0.6894179033103413,0.2382895920333596,-0.400653558421375,15.119440974373449,-20.370819612801323,11.728759966294746,0.615170255754568,0.189143575971272,-0.3309420381112911
0.7091940692366353,0.2716133485101145,-0.284898178532129,6.6078114700244885,8.417576330787579,2.235621126739355,0.6484608650770202,0.2482035609103928,-0.2222070642047259
0.5446018392907679,0.3235309799326618,-0.2990792633462497,16.529436486174994,23.40147923176148,3.407521317653247,0.5187910633612884,0.3011610614611598,-0.239789939658279
0.3527823571586384,0.3788532232289081,-0.1876245144405353,29.611266757813727,32.67377908013541,13.232317734067369,0.334273391886468,0.3486555331852641,-0.1208811532645313
0.1868108585703713,0.42542420499561,-0.2229915377136619,36.785889775831386,38.47658428770112,22.01498208690512,0.1820724399246034,0.3805770204281147,-0.1444174058057721
0.1012136533968099,0.3613414908912621,-0.1903269412468606,20.924676878838227,38.15215688748088,21.479155914686444,0.0933188781061512,0.3120744416970237,-0.1420312478047892
-0.0882437210555591,0.148024483320908,-0.2532403779559351,1.147934109801918,36.41501863484026,13.447999502170386,-0.1040660832377511,0.1209404493245784,-0.1887969050597502
-0.2792427564387624,-0.0543206387103738,-0.9069252446204564,-19.227881069853037,34.39688614494995,9.671115553553038,-0.3050915298738728,-0.0820227922577427,-0.8536404631551286
-0.0691496691190868,-0.6337858722041557,-0.6403637615008191,-24.95592678471443,35.50988374801959,9.712125764563652,-0.0765835256643367,-0.5308138070070155,-0.6026664696622979
0.4795022547876654,-1.1168149225641089,-1.3884000019982778,8.76045601147897,-22.36709539180785,4.827656633727658,0.5042425028990812,-1.0946856336922477,-1.216109803972433
0.5925585578761224,-1.5124028661949669,-2.5425855424640096,-46.41277126839494,-90.83326466712388,-14.776752568748662,0.4070922832772768,-1.652764084362969,-2.2977393336095875
-0.1700991728173803,-2.766529013897727,-0.3439850793296776,-87.56069817134967,5.88178888747946,-18.153846668937312,-0.4428367773155914,-2.561910654440809,-0.1928219426118711
-0.5217572101499414,-3.422224833224683,0.8793516387750702,50.77277611246066,124.09794202606044,11.122334303497883,-0.4834792662152788,-3.1603680886862597,0.9583481217012476
-0.2355200756019512,-2.644719645816542,-0.654762494082316,115.90973993772784,47.12871972505871,12.336345751572376,-0.126931262374967,-2.694238862854305,-0.5804082118012639
-0.42209860788161,-1.923803433380223,-0.9518898339360614,50.03484359892343,-58.715443561816194,6.211765388957749,-0.4454294342407345,-1.9177774055277528,-0.9111621200404474
-0.6104478627565479,-1.7607174500562823,-0.1342266040453845,45.80853704427178,-74.27699873955146,40.74093174597794,-0.6196476907430836,-1.6675896202312577,-0.1017253638710292
-0.4357544008957559,-1.7862133523024268,0.1558023567612545,61.86121966951514,-90.56649433309836,64.27045774214625,-0.4644322563251951,-1.7454449911748364,0.2304282635165274
-0.2283850754196139,-1.8180905992187704,-0.2102833739860322,20.60714658126348,-109.1286952672498,56.262934339572816,-0.2795172893248208,-1.819343702041208,-0.1379266876672561
-0.0034435565800199,-1.9398234813675272,-0.3857477827967714,-42.10178492189646,-109.33663752044777,41.44844211498695,-0.0661567701507652,-1.9065278388445148,-0.3096372542503082
0.209017010530473,-2.18808634311228,-0.2713818448714328,-72.86884359328782,-101.6685878629606,35.61928836710764,0.1136113300134194,-2.094301658774462,-0.1880064359961164
0.2820307644443736,-2.309238052002965,-0.3077390015749363,-76.7233910264269,-82.27657284477081,39.646038721912845,0.199831156190858,-2.234292582908997,-0.2413685118498298
0.0655241880701253,-2.140369890416155,-0.2461291689334979,-68.6803184726584,-63.452052850055566,44.3534323493684,0.0148609009327419,-2.0281210310187943,-0.1806591187583496
-0.2063114938837043,-1.7096858654244276,-0.1553842896340908,-25.897097790341515,-58.38475405707462,55.12880394547823,-0.2136412278150213,-1.6166579023514411,-0.1031524724926422
-0.3993816374521241,-1.1948966851567744,-0.0531155788512791,28.80847048266985,-71.71715422353896,67.60163308284766,-0.3868161867108596,-1.1701652363295758,-0.0019829215611869
-0.4405230770943985,-0.7578926936853816,-0.0259461386208684,58.097370130969054,-89.27917896557463,74.71487137857295,-0.4395712047327782,-0.7162961359166933,0.0395209636974037
-0.0911732060992742,-0.4884368405070523,-0.2477691570207724,51.83486350230306,-83.68422271080964,67.87214468572563,-0.1332705445625678,-0.5026144915932745,-0.1765898794471482
0.3672873477204722,-0.4331921529696528,-0.3710177897805051,7.103842158608923,-48.87553207234577,35.182992816053684,0.272584864576063,-0.4905636310469566,-0.2924534734597565
0.5104870044551548,-0.4911902798413478,-0.1349237102736633,-41.3076398279396,-11.408291271020484,-5.650630739600136,0.4630416827087289,-0.4864567837925179,-0.0871372663050644
0.3028686274143509,-0.463456556256356,0.1248782486736349,-48.98130051193306,-6.439217287397455,-33.75187587561363,0.3334457935397109,-0.4233682433189752,0.1525555113774693
0.0227247397688648,-0.3030374439154932,0.015063192308041,-22.665307966672188,-39.07459298008038,-47.11932679265496,0.0521770205834033,-0.2861549011483983,0.0775542875021529
-0.1615176944144267,-0.107276668235717,-0.3465557714316802,-3.426843504466948,-71.55653651690412,-51.79201176003039,-0.1685901793076894,-0.1272138739232231,-0.271893670049715
-0.2623972893296278,0.0867701979709743,-0.600571807872615,-9.421247054710394,-68.48962944043699,-51.28735499179383,-0.2889535054021849,0.0586314728838296,-0.5411288971853138
-0.2814158333996361,0.2341293485841344,-0.5867831077279251,-21.189811086703767,-50.104854670472456,-47.80813995084988,-0.2931961745895685,0.2110289680737577,-0.5401343589601475
-0.3350454991710106,0.3201008869556665,-0.5623363989367884,-23.27895753742315,-43.89117047969314,-50.973548621349416,-0.3314833654827519,0.2981780918496069,-0.5121562851886734
-0.4106777298774198,0.3278706079059883,-0.4870045927202597,-19.97410982530291,-45.78861977653802,-58.6288660292433,-0.401416255509057,0.3203114569395792,-0.4261810364042016
-0.3327700805733105,0.2257989553189891,-0.2684719107262465,-12.29520079900388,-53.16785265845476,-63.3482798167916,-0.3292171726456652,0.2334711680204175,-0.221992987063078
-0.1800438404524814,0.135657572634545,-0.1406121442194037,2.3615430988058668,-61.259150426706825,-64.54399121378776,-0.1896904516670743,0.1425951973678265,-0.0836686794518359
-0.0500575849914563,0.145959461009365,-0.1570569500826766,17.83310449131172,-72.19211501257294,-56.36327595904703,-0.055640658675621,0.1376880448561162,-0.0828485959495468
0.1789755728626907,0.1651444012812404,-0.3064148049924661,19.021261315370136,-82.28700415008284,-40.78928647509431,0.1621738583792761,0.1320447238482368,-0.2452419848796304
0.3826982729613917,0.1432178898451423,-0.2782774179932888,4.503987262115386,-78.81080562538054,-24.640956779527148,0.3443050514910005,0.0901213848298646,-0.2099028464523971
0.4896728100864123,0.019667980251788,-0.460288182278908,-12.378670826700786,-69.21216047993506,-9.180759066664445,0.462229383650054,-0.0233300326895773,-0.3737632675699307
0.1589703618818964,-0.2608506477993434,-0.7397978919917965,-28.926621159694445,-69.99630051224734,-3.727957963931623,0.219246810259843,-0.2650701006234636,-0.669718408074206
-0.517027964138466,-0.3021457231847144,-1.0283676592273154,-40.32294163770105,-105.98455505239926,-6.428095114368362,-0.4860856052158004,-0.3204829327191827,-0.9744482474277072
-0.2324669139920223,-0.1754785460931365,-2.4149878554814688,-71.28483367707805,-101.6996350662457,-1.5495485091267642,-0.4083129157607208,-0.2616977147719749,-2.31867001853183
0.2039739472282931,-0.9014759882177658,-2.294780664888168,-137.5299031717811,-10.157519004706362,5.215821753779504,0.1119113781698616,-0.9026152808309656,-2.2346861982145194
-0.4285418394282552,-2.422789136287176,0.0069191662375252,-140.39232579911956,-8.223028712531136,6.341368087216946,-0.3352183994056566,-2.203536894392892,0.0150906141481954
-0.7168651545672595,-3.3726626693045354,0.2822447960495577,-47.057546138304026,-103.83323381396347,8.803217334435864,-0.7511204942995144,-3.131657787350326,0.385302681027436
-0.2973543939465974,-3.2977551983016875,-0.7612366455927976,8.421575976933275,-121.4684986142418,1.2125016172616956,-0.4251456077532442,-3.186838027248105,-0.6568147510749525
-0.108076468907506,-2.923559230959237,-0.7107688874541533,-3.964389922065705,-87.08330156390248,-30.12578618328233,-0.2008780747192721,-2.8030945027162577,-0.6659247515722772
-0.2186017909672304,-2.643307127830515,-0.350952973534829,10.022584155249058,-62.76716808075816,-59.82013908104784,-0.2857504009957458,-2.4998899015701603,-0.2890598069122942
-0.2141671610894403,-2.342843779986805,-0.1724084050315861,45.70199921658458,-45.34503161006799,-66.49742908475098,-0.2817664222932151,-2.272513402993104,-0.1144230481332446
0.0192317335002856,-2.012397554161529,-0.1846426060816292,51.92720132033569,-42.83954151956789,-67.94301814738265,-0.0612201185118664,-1.978607667872283,-0.1143373690408028
0.3361718661463445,-1.7236084100274656,-0.3264893384851399,30.98642096574683,-29.777154743596757,-72.85191143314185,0.2701759408582185,-1.708349445128034,-0.2564497883630698
0.7658422248551618,-1.58514086218718,-0.377752048161349,-7.398155586360896,3.8345134389039233,-81.41966559002134,0.6567476318792537,-1.584204078973392,-0.307222998176809
1.004905578636356,-1.5674979175844843,-0.2020301069013667,-45.23712884902161,46.20301867290414,-94.06388092745418,0.8809664012930737,-1.5387624215520976,-0.1214904569059396
1.0133119651560687,-1.4719533937524654,0.0170556011003321,-48.05961701344863,87.07997952008544,-95.7472916260926,0.92820726568719,-1.4100597227094185,0.079693125463477
1.071203466024753,-1.2724868439348278,0.0204100738277157,-12.786533654401572,107.72741512376535,-84.67516546828982,1.0022836827083723,-1.2301508973809552,0.0993866123901319
0.9129152755462306,-0.9607167306732624,-0.1522987805119504,9.367948614446744,105.10682451839244,-68.3942785290935,0.885443603848626,-0.9871356258421086,-0.0738306477625707
0.3960377461038771,-0.5287202422723583,-0.3388717602563906,-8.216102106631118,90.49466766197182,-46.12195589604392,0.3942829682226741,-0.5707843125396578,-0.2782403807742811
-0.2412511756646541,-0.2453751931874384,-0.2952201321830718,-26.82915255925848,72.19859704323687,-12.604544242209348,-0.2249986022693357,-0.2581360097546539,-0.2327435263836796
-0.7007330428158851,-0.1744139891433032,-0.405142211635014,-31.72127670213189,54.48560881130558,26.661785548532453,-0.688890704174485,-0.1793663095850911,-0.3427511101383786
-0.8217646720606779,-0.1347431565603236,-0.6954938268927556,-34.89833011897464,51.76701277522417,51.90822642290244,-0.8276430143509159,-0.134311490640838,-0.6262678257983494
-0.6025202038405134,-0.2394196072292988,-0.5359075718476232,-26.3379214225024,55.67367998795813,61.665630623369736,-0.5886330154276151,-0.2106365396943267,-0.4907241411700984
-0.1667443879295726,-0.4509724009440244,-0.2470753933088988,-5.246206793614423,37.55796147295209,58.05396081114998,-0.1931260923067794,-0.3955486048821315,-0.1947657976738059
0.1252805490160858,-0.4440223904662639,-0.2709591930480883,20.8792371666554,23.67193444165788,39.87102526273793,0.0674874114470223,-0.4173187841840952,-0.1785118133183993
0.2398722586492817,-0.1796316537769298,-0.49884082960227,44.58837197177287,28.444856364656395,21.86085770970911,0.2127096098513071,-0.1744700395163507,-0.4276233396370721
0.4030639061541048,0.1152757712973243,-0.5115481895850086,57.62997538240542,30.72555856424212,8.876412966703638,0.3672373544173143,0.1316086845696101,-0.4515127320874912
0.4772779936368786,0.3737714471324048,-0.3343234252858063,67.32819719431504,41.63521779334319,1.2509630486061938,0.4220809080487827,0.3426784764859771,-0.2624276433481352
0.4248703641621754,0.5697614044938644,-0.2461303758099309,67.83757831105716,61.28600852726903,2.9224432023993216,0.3826318114768816,0.5033235556714489,-0.18581159846085
0.2918498863795424,0.6095018339106746,-0.09355750864032,57.37355594476251,76.1912044244453,4.256539542065254,0.3050247882976997,0.5458719390016586,-0.0347162924562298
0.0749178311341503,0.6086996465287544,-0.2480109664365185,38.508026814359326,72.76444812075523,0.8196999143327979,0.0907217019986624,0.5319577339195696,-0.176810046991528
-0.1009740540762731,0.4158833236321141,-0.332761198040582,6.463916951289162,70.39654522761138,-4.85920930095236,-0.1082296269477021,0.3778293592271308,-0.2720301638230617
-0.2759032742635575,0.066227574177321,-0.516011641132263,-20.937864649589216,75.35419610424695,-13.620640023948448,-0.2791702492465989,0.0307760449499899,-0.4424746546657584
-0.0881420535439224,-0.2766511202918884,-0.9480130880644292,-39.55763977456482,84.8048997240917,-17.29036907130883,-0.1820413699676433,-0.2579989488122696,-0.8718948340682174
0.5395484284036455,-0.7593040594708627,-0.7094136627765493,-15.70063199922382,120.7848820601508,-20.02659907456113,0.5418806828274398,-0.6789366106766992,-0.6930583008306426
0.7663670726674999,-0.9463300627034008,-1.3532204661380618,4.024326407035055,52.38128611566245,-35.34235718690537,0.8751351397431886,-1.0494651608501742,-1.342999919640644
0.4289317157640456,-1.3505429103771882,-1.6277436033978354,-71.57478110045147,-53.80263776798044,-37.1867057388553,0.2718947001979082,-1.3773057179156043,-1.633385341802954
0.1409366650479208,-2.3867438679450146,-0.0075044424585108,-89.90685768883874,28.65919327882748,-2.765680560546393,-0.0436947264869843,-2.1387030026774374,0.0037389614881
0.1824308296654222,-2.719340178766862,0.2194595833748508,-4.416316823647608,96.46027242290585,34.11786860592406,0.203585903886845,-2.584172111238312,0.3066811061264594
0.1356698941826081,-2.455847723504056,-0.5270025125672569,14.568599606601056,25.246451147106484,54.90075932993545,0.1330145466817897,-2.442437428023169,-0.4773780727562678
-0.0823180789544787,-2.552010033089237,-0.3935683889635515,-15.00794597708211,-26.09878573726437,76.27718027374985,-0.1312501910957433,-2.455193064143652,-0.3568845919483858
-0.0685416501943318,-2.801572910139805,-0.1597606543167198,-10.295725520163105,-45.20404880167792,88.48550679423512,-0.1296582248738116,-2.651448709490987,-0.0886298130304475
-0.0667571716019223,-2.8488669384222254,-0.1932508800654571,13.632208914320394,-50.37780678516471,79.38575052449343,-0.1221929346825387,-2.7272329832091287,-0.1186746283247812
-0.1335670280553765,-2.6246325965961,-0.4149844734965311,22.98293664626324,-53.79923280432983,63.61942659548117,-0.1710661637709743,-2.5329329569549373,-0.3409273849809632
-0.1037682365804329,-2.3147908013251,-0.4123401272549903,26.020167117775827,-66.74580749168331,56.38097234833428,-0.1614113562642656,-2.222733991658096,-0.3519415065105733
-0.1488861476389258,-2.0076812670683566,-0.2905185704039017,39.48013320145272,-68.42118856277433,61.81575706818197,-0.2012932638943887,-1.9367216531264029,-0.2159931540067592
-0.2510856556185296,-1.6102278319007497,-0.1381296495761446,44.48892719257525,-65.38007631887525,72.19175356411944,-0.2803970120275759,-1.5385308096943078,-0.0719767102053074
-0.4058890743508319,-1.0762722080655909,0.0511382246128652,55.20660131607479,-71.30971893659674,82.65964548794302,-0.3915016526453684,-1.021060703485613,0.1002951682538181
-0.4666056506833939,-0.5277839590282262,-0.0335815340228551,79.48106321910552,-93.43753387587114,96.43646027243751,-0.4524498243561557,-0.4986032152859055,0.0227098641724091
-0.2854344760563287,-0.0925453396227418,-0.2918234127036637,82.35434903092923,-102.92714288102346,97.9222717436089,-0.3167727393800986,-0.1142048544599342,-0.2213989575935023
-0.0321446933481021,0.2670942314915392,-0.5512626870658247,38.17694524597805,-85.5589990727461,70.30568845490272,-0.0727057350021444,0.1508829274349577,-0.4685029450674378
0.2178208371619489,0.4177498870597446,-0.5863795023915218,-39.14152526973598,-69.55843580175298,27.995125753509296,0.1801048518676573,0.3280629770878233,-0.5367793857581373
0.4417551418884388,0.1848713673335504,-0.4514533736942766,-102.22069060944276,-64.82808634864293,-10.294070577872509,0.394143532743361,0.1627130197241428,-0.3949802340234171
0.4382820419678939,-0.2887345477738759,-0.3726922177172553,-126.86153541906135,-65.63759922452223,-38.35099558829632,0.3718865260829576,-0.2941676680787238,-0.2968983896423376
0.1145441863428934,-0.7177752801145256,-0.3632507747925889,-112.33992081696232,-67.17703718050842,-49.1858060393544,0.0752076981569332,-0.6521718428724615,-0.3016056081209756
-0.0917987272035865,-0.9058975799041588,-0.4978873885681068,-53.54632479406554,-68.69263366801653,-42.75635626744381,-0.1257805403559783,-0.7909970888880357,-0.4184597560394169
-0.0711592145478017,-0.7683911218147927,-0.637734142580176,29.821048300098944,-60.66354855696908,-31.758736118946253,-0.1284224106220947,-0.7070745116621181,-0.5749355473678994
-0.1543086074733748,-0.4858514838276224,-0.5420976762981362,94.75054918400322,-42.9921814852079,-22.42716523947009,-0.1713961643095484,-0.4647941476859939,-0.4923999686146781
-0.2246969464821391,-0.1348941638270886,-0.4458785100387187,134.1588999857567,-42.81317417425345,-18.67710045174127,-0.2163311492082938,-0.1256714976227677,-0.3802946207990479
-0.3404356709513306,0.3499500407593425,-0.4365277073486188,156.31703011622082,-57.84242081538144,-23.2804724599297,-0.3222823945173808,0.3097791425755453,-0.3738827140153334
-0.3686492408427877,0.7474897175319262,-0.45570780839717,153.94405441572215,-62.08706271189401,-25.57931863450045,-0.3655661277090211,0.6623572778925847,-0.3937246874959007
-0.1055768084772705,0.9761402106133276,-0.5864261327991365,119.6086460756115,-58.81111850870271,-28.14125704028556,-0.1035554714933561,0.8344357688252877,-0.5312709541281495
0.1179245219040161,0.9257480245834452,-0.4991100526722057,47.44439379193441,-58.58174925913284,-33.98692638917797,0.1359811156931659,0.7726324097890955,-0.4438795967938549
0.2805194214046211,0.5671904715829764,-0.5757653573393284,-29.22385189756932,-65.23001559582883,-37.06459776916543,0.2890213031548959,0.4635823655142962,-0.5258587849474048
-0.1691573707895022,0.0240521914531386,-0.7334291800572708,-80.22655700846806,-91.6454171047527,-35.54823197533279,-0.0587732024455294,-0.0189830158438294,-0.6718582764991603
-0.8505366258479894,-0.5738659584895609,-1.1591211601360154,-107.65847635323344,-143.34270931806552,-17.720085726182482,-0.8364825083187422,-0.5296691405946105,-1.0356207491743468
-0.2741003482816762,-1.051764404815917,-2.306495003893936,-130.28969481691743,-139.22565146606306,5.845069138994373,-0.5154487366714104,-1.0537423534108774,-2.108351216522373
0.5605181204956186,-2.172317223214064,-1.2213263831288144,-140.56966783933834,-27.482655509003457,25.736455156525476,0.4464727432768389,-2.1131150291355767,-1.0748732656142934
0.6822061707079083,-3.494237824312462,0.8521374767647888,-54.44978792475156,14.57354658597221,44.77612440661259,0.699137891240014,-3.221383485192936,0.9080454730113316
0.6883396454613627,-3.2540653979731107,-0.1781726451953459,64.04345730933963,-55.9729817270441,31.03527546545301,0.5809845512319547,-3.134273816196985,-0.054410046945829
0.4565448551882733,-2.155972617752088,-1.3072590493490277,67.29917382103284,-49.97285062278924,-15.581584450807632,0.3374299419804039,-2.2165552615739506,-1.2258054699368746
-0.0387319063790994,-1.5737002914027929,-0.5978609445181431,27.84912352792993,0.5260758191305359,-50.1695223012214,-0.0934958362112013,-1.5407766258033853,-0.5928719700690079
-0.5129729186315789,-1.5622396490493555,-0.1131822488048378,21.91935727994513,12.96652157087302,-51.293509905634274,-0.5419599872479773,-1.5083625557609173,-0.0374921795772
-0.6697376607758508,-1.8575467131428376,-0.1632248851699232,5.744912128570765,20.513401278603062,-33.566754440288754,-0.6870940274104609,-1.827339779915524,-0.0970411060864123
-0.5382536449740307,-2.117380052250384,-0.3129578859095128,-25.23422573572304,12.460085377793606,-29.88768948533732,-0.5838018548859524,-2.055419032604915,-0.2572336397825102
-0.3676535872338207,-2.385277659269732,-0.1695731689609659,-46.65530641097396,13.083374041253878,-44.98539254143014,-0.4463308110983113,-2.273140308583208,-0.0968580648187581
-0.033992975519797,-2.5276163755036603,0.0473277438369822,-42.67014670810055,37.06207348761135,-59.5222631523444,-0.1085961617389003,-2.4052571757874928,0.1246859254822216
0.3553306492835832,-2.388612309670693,0.0540230914144483,-24.328310087680105,56.23052448182544,-70.50343388738796,0.2723903285863098,-2.283807028729295,0.1372842609211562
0.7708200166265354,-2.04909880632,0.0772723518955586,-2.779246153510945,72.27093716785771,-83.12844095305208,0.6406160126502785,-1.966368828062305,0.1380954074069771
1.054428766447393,-1.3262394804995128,0.0812982062674151,37.394004196117656,87.31668800114002,-93.70374377963488,0.9560673856386952,-1.330172298666798,0.1600155244034849
1.0626146783554142,-0.5284477555429955,-0.0359082059453709,79.04890920196826,91.46677705968274,-93.0675709529147,1.0271859699678687,-0.5728960903397196,0.0382535255428491
0.9054127365680598,0.050712815100655,-0.4218822572287931,69.70234668800776,86.50947254562608,-79.27304658030282,0.8586042048845907,-0.0256366287796592,-0.3646154365478992
0.4169982784352187,0.376016683628438,-0.6515279199867093,2.6019698808205405,84.28985543192418,-52.05636159006538,0.3852979910981686,0.2584589769372068,-0.5986063533972126
-0.1731524295058634,0.3138193353226586,-0.3990658110039565,-52.97340297577586,84.99309882809416,-15.28726303539676,-0.152357125187902,0.2774055043103946,-0.3594194927968419
-0.651867686829521,0.2251652796094111,-0.3354689546067402,-57.2115103348297,81.89691116583164,20.609063149449295,-0.6052691443335518,0.2241170925790637,-0.2715636847305889
-0.8048897727691213,0.1369397626067002,-0.5278619895100451,-52.479131003148936,73.52961516903348,49.145634682483816,-0.787433336235934,0.1130413648671905,-0.4644825922698227
-0.5252121126525405,-0.1905131560922655,-0.5021164119761031,-64.65984287683251,60.89653819854997,59.5442068611149,-0.5117067239467235,-0.1907751285842797,-0.4557241907478035
-0.2440174257812929,-0.5860746243890973,-0.3606581278253141,-79.90675394081518,28.49525210590221,49.71616587773397,-0.2202154067449791,-0.5473802920841369,-0.3058978147611385
-0.019430407180673,-0.8888543725513837,-0.2759493223954679,-60.80794206562435,-6.157894188005502,31.210906811430466,-0.0442318603109671,-0.7788788656381466,-0.2065797805197226
0.2007059298159111,-0.86864733032193,-0.4239662137098091,11.561201079228718,-16.351519936911345,16.512889275762177,0.1552111143932396,-0.7608387791892988,-0.3507473452215889
0.450094588351678,-0.5784892841999346,-0.4452861998711361,86.54664671478753,-8.4365548070171,7.997895517334927,0.3699136190694992,-0.5047153253521705,-0.3691899187617063
0.6071723175840946,-0.128045587422807,-0.1591370581761918,147.07371885599568,24.97195841169266,0.3119394097311099,0.5259630919225988,-0.1048640909527699,-0.0865636733142215
0.5438894786188676,0.4551797121739359,-0.0189319256181426,182.04176582343788,50.4011333352428,-0.692013969290961,0.5148091520807827,0.3672622448541858,0.0413227313659393
0.3422237944233318,0.9320276139964608,-0.0370881372283436,174.49820912674718,57.757350629429205,2.9133985872008554,0.3657899929313572,0.7906484053045124,0.0445860996271955
0.0678307372735499,1.251388621447273,-0.5010107548820194,121.64774278405794,48.59260229920049,6.270921848936998,0.0878356454565848,1.0307493380757695,-0.4399909325805294
-0.1844714103461886,1.0756937683447605,-0.5589199301310777,-11.620105300164449,35.08768100761672,2.5546299843056888,-0.2136921020836458,0.8702309966899248,-0.5151240078827045
