ADXL_X,ADXL_Y,ADXL_Z,ITG_X,ITG_Y,ITG_Z,MMA_X,MMA_Y,MMA_Z
0.0460800160904661,-0.7365260896356196,-0.4351455826277105,9.261866411750232,35.83803294614067,-16.683194166375202,0.0215135368738477,-0.718715475557988,-0.3757256312191784
0.0450808767191433,-0.7520013532471876,-0.4032469289529486,8.518886185326162,35.430192854677664,-15.923447971317408,0.0178486899096046,-0.7267523485754275,-0.3435034348146837
0.0346939238910108,-0.7490549274298828,-0.3848405539854101,9.979186132944369,35.088625275940856,-15.05992569765302,0.006505644967116,-0.7288854236024627,-0.3172313296895319
0.022248938147073,-0.7349291777260905,-0.3746729812807265,12.360388016830791,34.77185047828836,-14.50818238576728,0.0006638426588173,-0.7172587087031469,-0.307263011525507
0.0200448444589468,-0.7235666026536185,-0.3725786563160086,14.55145579245519,34.111608455385095,-14.79932202231704,-0.0069648878618621,-0.6945253719820219,-0.3037895993156692
0.0032501025372546,-0.6958899552277806,-0.369359453251285,15.996453550123771,33.1753217711822,-15.682637143796322,-0.0190259891283797,-0.6720296568429199,-0.2997436484122289
-0.0101848153771205,-0.6635031984886264,-0.357409797844096,17.075442492637684,32.058278333720025,-17.11838371315976,-0.0237187371907055,-0.647438606985056,-0.2905758774781565
-1.7059215045159076e-06,-0.6381535960999326,-0.3553448632727807,18.942122217880893,31.09659438015872,-18.525847752656954,-0.0189617411239696,-0.6231805071219058,-0.284834985441268
0.0197731918146848,-0.6083580917996216,-0.3473449627182962,21.03406139946677,30.370431971020697,-19.688247641860443,-0.0042893563169392,-0.5981208640020363,-0.2848710088290749
0.0405273394494346,-0.5920524194583221,-0.3400913613961468,22.6777648692289,30.04730023994242,-20.89595257209232,0.0128362668421114,-0.5761573084618421,-0.2778110753918055
0.0713308832615724,-0.5880509152039072,-0.3430522108400357,23.417609892209143,30.36252382682842,-21.651890455039776,0.048159059312873,-0.5749696151571291,-0.2693901379395819
0.1077003161430629,-0.5880168536211016,-0.3327016065543249,22.92306521658579,30.89815111257989,-21.942466645361492,0.0881177481634918,-0.589052024418752,-0.2669926473649096
0.1177597220775184,-0.605494382156986,-0.3242545238603127,21.866687436008725,31.44070302689593,-21.29769213455385,0.0925203067099721,-0.6095588250835544,-0.2648095214187728
0.1212555799630872,-0.6472013688525811,-0.3156552868712069,20.602449492238176,30.596659011603396,-19.65116851815398,0.0934194072139731,-0.6363421698811724,-0.2609725751514536
0.1194643211901747,-0.6882436354990262,-0.3170455517184636,19.61151097727465,28.505168553567884,-17.940299723206188,0.0918727226759868,-0.6621288654331509,-0.2607769003812898
0.0957141517304647,-0.7144697368764739,-0.3221709908635457,19.200570773534118,26.64568709787857,-16.024062089010062,0.0720878920824059,-0.6887556588238334,-0.2569320483694763
0.0826686555167016,-0.741631339400948,-0.3060621387067846,19.58049631828725,24.352611224640075,-14.225255396468176,0.0608225533831306,-0.7158273659766985,-0.2467467761120144
0.0647238883323276,-0.7524290957594718,-0.3061330737199658,20.91519378527627,21.887505674006235,-13.27056205446952,0.0396592512951928,-0.7347574111775561,-0.2436435884610523
0.0397813172275849,-0.7543937557901397,-0.3058654461016957,22.443071773658787,18.604748403317632,-12.658623075872924,0.0136943285662997,-0.7424093380296655,-0.2449370888969644
0.0323350999110827,-0.7598784665790008,-0.2978385459396314,23.352046689426174,13.959929109159564,-11.946838057570686,0.00745836342823,-0.7395957611890798,-0.2433908854615322
0.0353554832684918,-0.7540914044468802,-0.3025953130642559,23.10344570045253,10.43902536225193,-11.47149158567011,0.0096339750954996,-0.7408699393942227,-0.2347528461169606
0.0517992625734324,-0.755885495835702,-0.2914811775451392,22.08939994732592,8.45797992488829,-11.374030438574586,0.0231717516506689,-0.7507100816764807,-0.2236455074843728
0.0741020349274052,-0.7736949236267266,-0.2823488188553636,20.465804542766957,7.121609342984322,-11.289845388620076,0.0454075801549104,-0.7640489747023602,-0.2196631813288232
0.1049262637799069,-0.8077493529989608,-0.2807518390771222,18.19014010011461,6.431537664530121,-11.091073418507944,0.0715636969373302,-0.7930834791532233,-0.2155043083497166
0.1373452141449025,-0.8474027933701938,-0.2656479600223742,16.295695676309027,6.71108529708354,-10.84819300665038,0.0994207723160444,-0.8281223627398139,-0.2046980335364562
0.1630948791409735,-0.8766157420392071,-0.2445155130400703,14.949434797468436,8.120125583553913,-10.712282816934575,0.1259188196523551,-0.853970389627732,-0.1837926481190839
0.1904621556354727,-0.8958833574516201,-0.2289144312449903,14.438716453281172,9.81381016587791,-10.816172986019508,0.1505903768647382,-0.8724667358006519,-0.1669747212195681
0.1948641232699403,-0.8965109385914686,-0.2297071859534712,14.42355098615832,11.789686335520251,-10.957192326011835,0.1597209247190628,-0.8761527461049186,-0.1657528620607924
0.1880272569266988,-0.8907800265242907,-0.228428222147231,13.385774816206114,13.419930271470522,-11.113221415214092,0.1531488299375095,-0.87075195050628,-0.1624724297850785
0.1835873327114496,-0.88627176758004,-0.2287390241208133,11.985362202321282,13.738535024001118,-11.138359699860152,0.1412131330675261,-0.8644412823951206,-0.1614909007990172
0.1671609238476772,-0.873641939451555,-0.2331899549777085,10.86734824668735,13.870161973692696,-10.812419841528015,0.1295755913471078,-0.8543376630216438,-0.1693535159126698
0.1601017130430019,-0.8634003725571152,-0.2314932847005328,9.256789686949546,14.284492243046046,-10.344351570721216,0.1197363944806026,-0.8459642385614623,-0.1696475237795606
0.158817414786368,-0.8642896820947066,-0.2401577129184714,6.8442193434222265,14.61176565306563,-9.944785868613884,0.1138012878180881,-0.8419007779753991,-0.1647882131414282
0.1480193275756746,-0.8692311318241868,-0.226696370855469,3.8635994282531017,14.63742402026435,-9.65239010368398,0.1112130195626115,-0.8428260354975282,-0.1586834737049679
0.1467209932307568,-0.8711757397898614,-0.2036350554120556,0.9299818395720384,14.33180658691102,-9.068136548804503,0.1149168381358566,-0.8540639790268034,-0.1442604135359529
0.1656403626197965,-0.8849655526561739,-0.2115868716864475,-1.1623292907221972,14.702905345283536,-8.206353346487429,0.1346280309101087,-0.8700983917179952,-0.1379498060666538
0.1850624807920609,-0.9043918121052832,-0.217502070594267,-1.82223397997552,15.948117251215054,-7.347787983548206,0.150028586729884,-0.8772017313177171,-0.1492050543526352
0.1943464200349807,-0.9065180912428576,-0.222526762611958,-2.587219442121676,16.987766621054284,-6.127302432793023,0.1527640505205862,-0.877833149591764,-0.159465478055186
0.1956665505697603,-0.9079361070726486,-0.2276341413910809,-4.863457715690166,17.499867104889876,-4.896136547053292,0.1514677668831166,-0.8823643620189937,-0.15912184089894
0.1773417040531826,-0.9132848846012696,-0.2192488729901681,-6.490731004071804,17.492034044162374,-4.040213816563297,0.1389012053409033,-0.887283048612435,-0.1548091424693072
0.155832595572702,-0.9130163721559632,-0.2153113587128498,-6.490880535840595,16.51986461146043,-3.266912945185653,0.1255252777089744,-0.8879987021315214,-0.1551699455921519
0.1419520883587171,-0.905109355796638,-0.2171188582628507,-6.139089735744601,14.822605057224632,-2.680161867828668,0.1106975852221204,-0.8813122620009152,-0.1543963405328812
0.1233308192658093,-0.8916414247516544,-0.2207863217877088,-5.863720237256309,13.16592615881308,-2.1575123046365,0.0906926307269999,-0.8697577155467648,-0.1560111919130767
0.1113525913823357,-0.8874073281137369,-0.2280644975599796,-6.449658057618742,11.873315411819505,-1.42844279510207,0.0824271552124005,-0.8654142529274367,-0.1673566622030763
0.1209413391516223,-0.8958505559143766,-0.2312428929882982,-7.9445544534944705,10.92730507463538,-0.6466927302468723,0.0894582202206021,-0.8693634479271324,-0.1714664468269986
0.1389511494717469,-0.9132609951396546,-0.222895082803592,-9.196164104386185,10.098755296080387,-0.1000247294419576,0.10123664479049,-0.8808086054707633,-0.1603769096687784
0.1435682310469571,-0.9279096302271288,-0.2152839126868152,-9.501255817222784,9.096768894171584,0.1797664128456725,0.1079457712631636,-0.8942254852255503,-0.145272904533639
0.1486988042832376,-0.932459893892529,-0.2187426656068551,-8.786640996560273,7.701535274642086,0.3557092662550457,0.1156231774646057,-0.8986029709100654,-0.1476712240989199
0.1538945040444004,-0.9273501207415816,-0.2310377371007702,-7.972370274573381,6.118533913666163,0.2207544948492629,0.1254672549050031,-0.8963754736060091,-0.1629701588614774
0.1547458604334236,-0.9226506096902838,-0.2425670672655263,-7.856787613313248,4.330344798817132,-0.2959309247086404,0.1277342933461757,-0.8964621371931012,-0.1755592706300339
0.1627298909998109,-0.9322883225923474,-0.2501420940105766,-8.918892586018933,1.6753084415751467,-0.669519247429683,0.1257204778842626,-0.9064041877287684,-0.1874667367374729
0.1686940969701537,-0.9554936003185192,-0.2524336196237096,-10.696928976819557,-0.7307811025773528,-0.5356585302106822,0.1269771734359171,-0.9276520683209478,-0.1848303839609705
0.1744194755718709,-0.9861353319516746,-0.2359336844676301,-11.546903487179565,-1.6075338870828773,-0.2421912313502021,0.1322493640210812,-0.960456489130228,-0.1760109170420501
0.1664541868063899,-1.005204873669055,-0.2285758144037321,-11.013725877784625,-1.9654477805276285,0.0018147429077175,0.129461208228696,-0.989525822606704,-0.1709146725926103
0.1625517926887813,-1.0263062907409215,-0.2421516271427733,-9.378380028121162,-2.7131315911741725,0.0614409988539997,0.1243974935046656,-1.0044913750963074,-0.1689833687834406
0.1800940109695535,-1.0487044195890085,-0.2509542724454641,-7.674696603392687,-4.003327632926008,-0.5454554137193242,0.1341564021243851,-1.0196948452530834,-0.1822607586094957
0.1894287990156024,-1.0500301416868592,-0.2691802381176246,-6.287359301657432,-3.942851884562775,-1.3581565083421483,0.1527973856796031,-1.0296604991745817,-0.2101012967961634
0.2181698960608868,-1.055773363527274,-0.3195108835880421,-5.009835075346335,-1.2318889691340538,-1.8278284619150535,0.1811324533695773,-1.0334128554638535,-0.2582917199673921
0.255460512901935,-1.060081037309941,-0.3764448562076544,-6.180950326600063,1.2878232747691707,-2.084049240457753,0.2134959159435893,-1.0417001765911025,-0.306840244708221
0.2630150482477977,-1.0682380480634073,-0.3883987006389008,-10.571396926685123,2.316701681037437,-2.288257860753049,0.2289284131373613,-1.0574660273178542,-0.3254090900029508
0.2718097786797986,-1.1121586452551515,-0.3599602252843717,-15.783232052728504,3.2710480643682547,-2.0310277875408933,0.2318372408567073,-1.0920188376569353,-0.2995518586226425
0.2844368248948023,-1.1820423883041111,-0.3110233496106238,-18.58720737269439,5.153845008855306,-0.8688762042090925,0.2351067047966957,-1.1482286711143068,-0.2480059742265978
0.2727021071888347,-1.2599796285016192,-0.282249095242093,-18.59230193450238,7.113705260381129,-0.9735245164990618,0.2278324968476805,-1.2243191368349473,-0.226696830279678
0.2698776417491327,-1.3353292661586516,-0.3132915729029462,-20.107133918711774,6.843771918511611,-4.011430132717635,0.2239488523315126,-1.3024428464757607,-0.2399265664347923
0.2956823875367074,-1.3906971603221567,-0.3584953601365407,-24.263773229962595,7.078416135769328,-9.796793307690098,0.2347213102622886,-1.3544076851732998,-0.2848752547592001
0.2698149575668465,-1.399021529175538,-0.4081530593892596,-28.33380165558996,11.859314164341605,-17.19168093135824,0.2119637581649387,-1.361731642482306,-0.3448143033031206
0.2126466443483397,-1.3670761802930345,-0.449857396387418,-29.272275604906174,17.1059154232003,-21.757155029487315,0.170166427919249,-1.3265032632350393,-0.3823440806964494
0.1972908118307534,-1.3121130404134496,-0.475634722866558,-27.833104125987383,18.384488822505137,-22.27234377611039,0.1551337791312881,-1.288040712087018,-0.4151778353755947
0.1989848321626877,-1.2741252398450331,-0.5128483406456463,-29.604131140978243,18.240062608472776,-20.43476663220986,0.1561744746565709,-1.2563521721244135,-0.4463546316545601
0.2253477323986162,-1.2726051220868428,-0.524867163755736,-32.76909185806547,19.55151429652284,-16.078706836188655,0.1843962997025259,-1.2335284823536012,-0.4632810382226328
0.2629852691751528,-1.254631798213194,-0.5195479071213115,-33.22654338687102,21.024101699714617,-11.764042366696405,0.2255042395052394,-1.228950910048591,-0.4655421818319975
0.2798550786684758,-1.224613432758007,-0.5196888308332313,-33.196729737022615,21.779779415166587,-9.268964885714349,0.2348076863533058,-1.1996714580191254,-0.4661963145009614
0.2719068862048466,-1.1624390722828215,-0.5209911684478623,-33.0001063602133,24.65197193126489,-7.621932022479976,0.2163155760934555,-1.1300621375711382,-0.4666720313049403
0.2464124775952874,-1.0556961917399064,-0.5223265046082906,-31.628771275817183,30.173572976744467,-6.201788303231987,0.1991454469709785,-1.041869534722399,-0.4542732408838581
0.235829646586681,-0.9759096922912514,-0.5175706016044808,-29.609062985901915,34.948435690375895,-3.941263758273149,0.195916370688983,-0.9530184903122751,-0.4574816855987627
0.238497055323798,-0.9122862922601214,-0.5189929070640796,-28.9752948917174,37.29378215537724,-0.9300984875187144,0.2024487247426677,-0.890015469587806,-0.4644548910404124
0.2551396912303573,-0.8789040647166975,-0.507704251711871,-30.071564452652368,37.80187805215808,2.4446927963129204,0.2182144828814366,-0.8636774614098068,-0.4528072972233769
0.2607149511548098,-0.8871149901673314,-0.4966218833675684,-29.71337259212815,37.05992352897271,6.60936399711125,0.225043000862207,-0.8674463054569548,-0.4422562376520884
0.2376586093420039,-0.8903826882571324,-0.504409689599737,-27.540965428897128,33.978222401856456,11.75989742237556,0.2088274671331788,-0.8763160403690549,-0.438887302893736
0.2246885569005151,-0.9095581535888004,-0.5028632043439598,-24.43680177540125,28.87907023002325,17.808530680276206,0.1892843770110046,-0.8781983098281664,-0.4442477055793774
0.2201898765243611,-0.9182126869002588,-0.5063546986576154,-19.60483628703924,26.32188478637182,23.886272313344964,0.1822026177231029,-0.8834439632421648,-0.4472156202469454
0.2160675102461637,-0.904266806387768,-0.5083748044960026,-12.461496487178511,28.503848287541192,29.15489166174907,0.1833758059657355,-0.8792884875467057,-0.4465160158990242
0.2076080634503199,-0.8812883322855899,-0.4889759595186408,-4.20582173622863,31.69377279951673,32.858637475683835,0.1761908252451699,-0.8555346549710936,-0.4409961688039494
0.1887963395542501,-0.8315995821561447,-0.480575204222811,1.3038139822203234,31.5318775059227,34.842063552627295,0.1565432041006859,-0.8228327177709642,-0.4229335428154011
0.1468960613830705,-0.8006286146934047,-0.4680956378614697,2.4702828539434685,27.464983366148708,36.004014407585046,0.1147456322963596,-0.7890095310835235,-0.4041141814489231
0.0752920155041941,-0.7781200748875433,-0.4414064716271654,1.5843925506210974,21.600789384384647,36.8255125845636,0.053918391789648,-0.7653708901716356,-0.3838148763036454
0.0233917986688094,-0.7561509910742139,-0.4300700358740231,1.3336242469660902,15.643978964409197,37.69884670810342,0.0102456106041159,-0.750539167368487,-0.3645375694170593
0.0032438227680016,-0.7604387266289788,-0.4149583303809283,2.57393593132827,11.07797405523763,38.81549725385782,-0.0168184888862954,-0.732327563117284,-0.3559161145055011
-0.0007514781891442,-0.7477681444596049,-0.4096073611314026,4.324965526762408,9.239803599760474,39.89339111234085,-0.0236536222985854,-0.7237183557705178,-0.3515238358137428
0.0215033897460606,-0.7341490498892405,-0.4064544418016357,6.289099055964812,9.819802339145502,40.48947585699164,-0.0045327782380889,-0.719820303349452,-0.3402717878387349
0.0615629289558796,-0.7387545173224681,-0.3771249316029286,8.59181904607102,11.481219826879771,40.25376878508497,0.023534880179908,-0.7136232194721508,-0.3197202832333279
0.1076103722674421,-0.7408816313215608,-0.3658142077690251,12.061825094738166,13.875321908036462,39.63940478479014,0.0716653946811226,-0.7208075855584415,-0.3004944840563432
0.1505766940392152,-0.7426225113324709,-0.360846731045831,17.583103202096375,16.871487582796533,39.11874578534295,0.1146930847285862,-0.7217558999494486,-0.2912818949952669
0.1766540883487834,-0.7356453854746098,-0.3526540168899983,22.64347842883688,19.33975546099679,38.92841227851831,0.1316106562878949,-0.7125187508842282,-0.284267423538012
0.1850730303560589,-0.7190257530532957,-0.3413840935887809,25.25634876686384,21.355507714393354,38.81938808161743,0.1440902908800805,-0.6983706691389047,-0.2705820478069706
0.1819377585094861,-0.6788853057610452,-0.3245129937675261,26.27295121916205,23.440074935112005,38.52835237684409,0.1453506651731143,-0.6652216458700744,-0.2620462802321235
0.1700535083295508,-0.633023686883251,-0.3298323359795757,25.662377263636817,24.902173172300515,38.34780790928076,0.1356142803296222,-0.6300325420758288,-0.2622171055753202
0.1551178503833788,-0.5949524630292671,-0.3335075318585231,23.068933309892035,25.403511115833734,37.75238058375747,0.119441504643979,-0.5976465798959156,-0.2676917595052139
0.1257571615377276,-0.5707360562789787,-0.3462495823979913,18.790882872510625,25.34930943841813,36.69796057040001,0.0971560158566081,-0.5735969027959811,-0.2779085645957899
0.0970286045557773,-0.5915567424223649,-0.3407369458879984,14.664198259299503,25.793950231809657,35.50815312214851,0.0775633053938373,-0.5806619602070222,-0.2770220031824909
0.0911023616786178,-0.6042718300262927,-0.3388327484000047,12.18796616333413,26.825894172295964,33.95660113067203,0.0615549954963084,-0.6045895815954596,-0.2718451562317654
0.0680226732695083,-0.6487951988564471,-0.3442020134682695,9.64451537855754,26.851986578093623,32.42519570038142,0.04504504575341,-0.6336052900373467,-0.2708848113706325
0.0411079750668172,-0.7272990922214624,-0.2907397112645508,7.011579946250184,25.35991156222089,30.963719751260133,0.0229435417573172,-0.6725628683464979,-0.2640160586062401
0.0440720455477318,-0.7347159474600653,-0.3031857297297815,6.295525596046392,23.89031080220833,29.64370429843551,0.0114435192220132,-0.7042688860145052,-0.2590583176273128
0.0394835942824651,-0.7426707149300549,-0.3179412303424537,7.214210019985325,23.91523711281263,28.47976631675993,0.0121434040161954,-0.7172360626710064,-0.2630361073342694
0.0207469485767748,-0.7377798908498989,-0.3095396903762117,8.474440807400018,24.971267781062867,27.126584270171893,0.0079951163122541,-0.7185426701808264,-0.2817715123008692
0.0190251206755424,-0.7104383230134872,-0.3846080824453209,8.842516897088554,26.06238135529681,25.828909115095836,0.0043798945105867,-0.7176209955372357,-0.3061586537916412
0.0356879325323886,-0.7425256411079261,-0.39437284508097,7.284479616865606,27.03515225358489,24.451578629596305,0.0047719278136584,-0.7281682332102954,-0.3132128012433699
0.0435371727447615,-0.7761280014785096,-0.368209131658414,4.846014320682759,28.049607481738917,22.94600712883329,0.0088876648118524,-0.7524375237181654,-0.3105517940180139
0.0443711259402679,-0.8041388102965374,-0.3659359199661614,3.6032660880453022,29.30902423382683,21.51914127283651,0.0136999413062893,-0.7835036286795164,-0.3035239094111782
0.0540280062738159,-0.8348515124045937,-0.3568248553976093,3.332970053267484,30.840260035776307,20.22103558957605,0.0224312390293222,-0.8124798228606183,-0.2965447942962164
0.059976131976667,-0.8465352099398795,-0.372419494017085,3.0548438279904704,32.49812783554496,19.132711328607066,0.0380417300892284,-0.8274050791187336,-0.3029675285141864
0.0710413232548807,-0.854088217815383,-0.3746965140108342,2.3947027364829667,33.97527639297134,18.09826075516944,0.0430503145600176,-0.8343270576203996,-0.3119310509098801
0.0810218151253199,-0.8579486554488093,-0.3784530503228732,0.8270766274756919,35.85114520329147,17.694889830712963,0.0455070298595432,-0.8435709392320428,-0.3137240753839009
0.0876927834130738,-0.8746260202992937,-0.3827354017668348,-1.0148604206914902,38.99747696017295,17.961344025375606,0.0544870673374391,-0.8550145352960872,-0.3111786989163024
0.1021432089786417,-0.8946843962555482,-0.3780344011615496,-2.606644041184605,42.81526461969834,18.02275220232094,0.0555445187462773,-0.8654627555403448,-0.3107044088982506
0.0876557694618538,-0.9032534334361578,-0.3766409878489379,-3.915099098646897,46.2995859163732,18.136476461149417,0.0501059592038423,-0.875194486214566,-0.3073938271030622
0.0663261657826162,-0.9203784423898562,-0.3658725621568113,-3.9448270463257114,48.8004024618384,18.620534069194854,0.0363057250915861,-0.8893688775613093,-0.2998998400665549
0.0529304462708839,-0.9383231110798084,-0.3633636334487536,-2.5155187223000213,50.40903641616424,19.24908345610951,0.0171169014483459,-0.9023120754701572,-0.301411365358593
0.0300683472533644,-0.9436015212018068,-0.3636335056647459,-0.5754053914351718,51.74220217330216,19.970808142530867,0.0022294721251549,-0.9109367018893634,-0.3031009572521462
0.0268743748815864,-0.9390518208490554,-0.3666954502071601,1.0516468458581114,53.2219859542144,20.63074652456178,-0.0063681781639334,-0.9102674165463244,-0.3000361650650289
0.0256386247849181,-0.9281802957909052,-0.3688847043739507,1.8248733400489927,55.29894540231268,20.89346729351897,-0.0050774462974469,-0.8949816464306801,-0.291893721015578
0.0244067039983098,-0.9174750994439856,-0.3562433804374491,1.7369699907236722,57.57698722162181,20.69865324352461,-0.0022686372866115,-0.8817373658853372,-0.2800025576075159
0.0320687967692925,-0.900900566327981,-0.3376414812162009,0.831879047525036,59.64534225580668,20.36132740662527,-0.0010316628910153,-0.8752127463412753,-0.2724757850691182
0.0287002451656402,-0.8912200589488821,-0.3248721593486899,-0.4316789206523048,62.00358603960934,19.938756050669173,-0.000586546539691,-0.8700606097546156,-0.258493342547318
0.0326276948535777,-0.9015691250672054,-0.3232135687349768,-1.314139949154081,64.59338431081297,19.58678964589492,-0.0014332204184884,-0.8718424625135016,-0.2493336908656668
0.0366220225310338,-0.9065523735203576,-0.3183001205006566,-1.9842315643088368,67.38597386121221,19.471875463449383,0.0020851272092477,-0.8780934533307896,-0.2519983531373414
0.0373969370703567,-0.9019323621203768,-0.3224569365963857,-2.501790043715566,70.45995297598664,19.322417373240004,0.0072662509405466,-0.8800202740657963,-0.2537007404819486
0.0566983265618871,-0.8974966294605098,-0.3326465618550792,-2.9012196096852088,73.83781712971069,19.100009976429977,0.0186576439552162,-0.8759439519657641,-0.2570341912219257
0.0712981831224563,-0.8876594760543317,-0.3295489001032802,-3.774629193203829,77.90579892675565,18.84808943149264,0.0344220391998761,-0.8694411134654882,-0.2577192051087019
0.0880518087519341,-0.8875896904671231,-0.3221013444075331,-5.381270652251345,82.1277483443369,18.712153247110017,0.0525463224057984,-0.8677289793708964,-0.2532860977167258
0.1096716601281855,-0.9035902266994094,-0.3016256618365871,-7.241448406838029,86.62101157780445,18.81815567155978,0.0718325529470465,-0.8756899186891132,-0.2379492744822376
0.1012029809410231,-0.9150946151924216,-0.295277353869934,-8.140990980841503,91.1261419809744,19.030156841120775,0.0664397222917504,-0.8859136268171154,-0.2308082939734414
0.0912866304931977,-0.9252878133008116,-0.3071138391767827,-8.180041249274721,93.6217958187705,19.529528580458223,0.0569248020563637,-0.8988164735018713,-0.2451385153858786
0.0918831222550456,-0.9391522664008682,-0.3057525352351861,-8.406055474333968,94.593259364414,19.986791303107086,0.0642538711951101,-0.9146762802719296,-0.2475491157090519
0.0709049773106417,-0.9376138252789428,-0.321648073907044,-8.25340061577166,95.5210228226242,20.16388552914424,0.0429389205821699,-0.912754705895078,-0.2533795794041136
0.032132253309582,-0.925224745003686,-0.3429632344018546,-8.745563433463145,96.00416492881466,20.999871468664963,-0.0011703655179417,-0.8971720513193739,-0.2727724645833859
0.0128113032158325,-0.9327593737540502,-0.3310527359722837,-12.300992050162543,96.90002636600232,22.87729829566828,-0.019107827200147,-0.9008214359328328,-0.2648629636149567
0.0372837232130568,-0.9680662410771916,-0.2892543317852755,-15.617797115005391,101.1793465379698,25.37279825406928,-0.0030018083841242,-0.932768858185708,-0.2265846508372252
0.0768304486055732,-0.9996989069926834,-0.252360254066914,-13.467956799042984,108.2633799998808,27.488230924799872,0.031699456764909,-0.967002469244336,-0.1923059657996875
0.1082704444420964,-0.9988089567613304,-0.2587749054253135,-7.662203911365772,114.12252973024336,28.277855146750245,0.0661026633427691,-0.9689763157143996,-0.1935308325861578
0.1332323830744781,-0.967246142910431,-0.3024248985328231,-2.9048879267504666,117.81098270192756,28.265603925935725,0.0943986658068987,-0.9376184477299616,-0.2288610754131214
0.1282252872589064,-0.9217572450566176,-0.3564784154177813,-1.4528060835386716,119.62112311067148,27.9503232839305,0.0959177823412965,-0.8972270458232499,-0.2784444428076931
0.0732487911405215,-0.8840290883799432,-0.385237169374212,-3.3876008568476936,119.75015808107216,27.7483665991454,0.0525330584241221,-0.8650152665938955,-0.3177353585040005
0.0042792660491963,-0.871968913853139,-0.4094566957357021,-7.329912343778807,118.9971757870862,28.68694459192691,-0.0120392943771636,-0.8614820928408807,-0.3411753901088157
-0.0599698321067951,-0.9050502243525712,-0.4436045060244044,-12.354798841649815,118.40664705034546,30.40287427348036,-0.0937041521286365,-0.8882921819637798,-0.3762447504036478
-0.1359932916556009,-0.9633986175842628,-0.4566234783148126,-15.604337649424066,120.21369465218046,32.14824471470968,-0.1737883320470046,-0.923833465672354,-0.4018637943948365
-0.1907338260748418,-0.992274038844497,-0.4504893941258981,-13.89316308886376,123.80350545095423,33.803807851070914,-0.2200744567424591,-0.9535351093518976,-0.3790534940592571
-0.2142355877014037,-0.9902519427345848,-0.4131765074635788,-8.820450439532078,126.17187428139104,34.147018292796425,-0.2434754791199026,-0.9529687397883476,-0.3379060557524205
-0.2144068035758259,-0.9651444196598638,-0.3742561354744246,-3.132312757840668,125.83931909708996,32.76526960139378,-0.2326356084496024,-0.926537874735228,-0.3123453195244567
-0.1711875752295061,-0.9272786135679948,-0.3677812045174777,0.3581674448691098,123.65366345157702,30.17670745121219,-0.1939694916282087,-0.9040927187149956,-0.3021171109486982
-0.1248354773090547,-0.904720391705682,-0.3852491168822212,-0.7633015788877084,122.00039281325944,26.51776233717139,-0.1585487304149668,-0.8818122653934326,-0.3161213999449296
-0.1010995675656634,-0.9028578134141608,-0.4116131349447918,-4.488700879527068,120.15792403115012,23.58012512951228,-0.1249133074175215,-0.876219793605989,-0.3392644652418596
-0.0669988937866021,-0.9383674585074948,-0.4078455003538155,-7.533022500977918,116.52547796447404,22.698616222980515,-0.0968731267034733,-0.9127409831805472,-0.3414461731680293
-0.0449785312318744,-0.9846264942129082,-0.4123014288951017,-8.802000208482225,112.93848765385628,23.4217399946354,-0.0765858163631118,-0.960885855564854,-0.3489495631466629
-0.0392892450021877,-1.0046553898694977,-0.4517203096103087,-8.68543020176898,110.31991991227876,25.458030922475263,-0.0614547054731985,-0.9839972310325646,-0.3857415381764695
-0.0173890657746678,-1.0015613382475816,-0.4782304850643179,-8.131438537706037,108.0704723789036,28.320749796660827,-0.047896423644532,-0.9769539288892222,-0.4246141731807065
-0.0201248774016852,-0.9769668371665764,-0.4884626728667904,-6.640881275442615,105.7181099430668,31.298309071028555,-0.0478489512077569,-0.947806084115668,-0.4378356753663353
-0.0323521740932355,-0.947407280670968,-0.4918598402622239,-3.160989793075486,102.10909310565884,33.35239574818064,-0.0543788674637288,-0.912112610905269,-0.4317932637019115
-0.0015017791700793,-0.9062009946882866,-0.4947636505788061,0.3362266209658532,98.15586316944594,33.35058830781475,-0.0282855970141223,-0.8786040723478663,-0.4294901119102945
0.0427268808972675,-0.872403474408685,-0.4883012875026682,1.715223304982539,95.73152226966154,31.2375124914881,0.0149069019656575,-0.8507741810532448,-0.4250498078917714
0.0975907864512788,-0.8605069293046396,-0.4819940225876286,2.3244436227169447,94.31119847421358,28.01037406866217,0.0624440463558125,-0.8363990208857381,-0.4173275536778995
0.1434851670439563,-0.8516681502614492,-0.4821057156936728,2.7423522645930487,93.41805357762722,24.886892893684877,0.1051486648645275,-0.8369483621794729,-0.416118720719649
0.1588150720678277,-0.8624698056397777,-0.4649796476455984,2.511512680989612,93.1861757719975,23.28526459812384,0.1202303964611549,-0.8460823403162787,-0.4051912594063949
0.1776470417907696,-0.8728528290372349,-0.4605951962434904,2.110555443161,93.3702133353068,23.50805862566153,0.1356731176461034,-0.8530886654340517,-0.3959149477464333
0.1840467822110909,-0.8689070868999432,-0.4654803186005796,1.4554054596343555,94.44454115411332,24.17559339175062,0.1464816407852598,-0.8557944071216375,-0.3989192401935539
0.177908725171602,-0.8640237911571067,-0.4693202701732856,1.499229784501197,96.7274261439608,25.001826262572205,0.136849816012094,-0.8509567514192959,-0.4061286661292207
0.1749034503104175,-0.8521442913179269,-0.4756139682972938,1.9515670521076596,99.31645005757888,25.38375720784503,0.1310272614492516,-0.8341177767520311,-0.4167535379406933
0.1693410923995159,-0.838412797204402,-0.4614682300075367,1.4078253612672822,100.6507659524382,24.41125346338745,0.1320630975787143,-0.8239639835873814,-0.4067395048414693
0.1835640567158747,-0.8411176780254102,-0.4508465007084412,0.9641226328564272,100.38394526206486,23.163078175088284,0.1424973947323267,-0.8268074796866918,-0.3873850942172199
0.2047874277360065,-0.8558370539012026,-0.4420533544163575,0.5501378841294868,99.9958489002121,21.753963592055158,0.1670950699445491,-0.8347761176580039,-0.3765132136596391
0.2160643617780638,-0.8647004657838655,-0.4295727093136884,-0.4222261607475829,100.1326817829506,20.228919387600914,0.1889220975209946,-0.8506053694224766,-0.3593374988922182
0.2321131102568377,-0.8912517718047298,-0.4207803746836757,-1.064000666470874,100.23625263425114,19.581714883937494,0.1977016979181119,-0.8688468122605505,-0.3518646048435156
0.2440023334230696,-0.9187856556908596,-0.4097029603922382,-1.1441612462058623,100.38261920804662,19.60322995344312,0.203850321409465,-0.8853978121220076,-0.3531613765419614
0.2389418325393535,-0.9142651983650486,-0.4080268915116314,-0.1372978892988867,101.05770139932451,20.07852810284908,0.203890217101992,-0.8918638432259931,-0.3422837166882179
0.2357891664840664,-0.9065915333809168,-0.39283243380768,2.0867707719328425,102.06043385763392,20.743801595089018,0.1986441313194685,-0.8837454972942705,-0.3259948395091477
0.2390697061630376,-0.9013536717596023,-0.3767551354523469,4.070542834549989,103.22477303773444,20.98651415653366,0.198786562467999,-0.8750483227020306,-0.316068929300793
0.2214973892156393,-0.8909369568451955,-0.3827320122798731,3.975580472461016,105.04714684657598,20.60562031862337,0.1905153558357665,-0.8719373136133024,-0.3155605026041006
0.2060508454245977,-0.8888984364370777,-0.377566109707308,1.4914890342425724,106.8328662532466,19.561068795729696,0.1767354107370468,-0.8751620585424316,-0.3134075050865085
0.2007156168470959,-0.9006503719332619,-0.3650210863438657,-1.2240995996858182,107.42007782741504,18.327592352756835,0.1611285973052082,-0.8803151750659364,-0.3021286058675447
0.168487621404273,-0.9118119569948336,-0.3573981717465752,-2.9807942116368187,106.14123073507278,17.44006570230424,0.1332118575388011,-0.8845243675492579,-0.2889200365869767
0.137816162628933,-0.918184746656829,-0.3485123108424853,-4.21909871835439,103.05262163625945,17.153490538059778,0.1076756148356392,-0.8917666902596109,-0.2800105200949231
0.1273577497609296,-0.9254746970977596,-0.3457838875357236,-4.602163375617549,100.40174404864112,17.705437506096004,0.097151659217739,-0.8975233598460446,-0.2776034131222467
0.1236863270187124,-0.9339041382622504,-0.3414678658852799,-4.089198508153592,99.2816679207206,18.534372828520823,0.0929601622109973,-0.905062746808864,-0.2741149323607348
0.1266210661952604,-0.9504723639405872,-0.3219933442642305,-2.905601920893572,98.25327517674216,18.97938366255196,0.0915947745575921,-0.9157293936435502,-0.2604168733022241
0.1250860510108285,-0.95892542018309,-0.3049948133834132,-1.2175660945646791,96.19109841450374,19.25184658103157,0.0937058311787369,-0.9220332061124108,-0.2409620300069734
0.1254004892559669,-0.9552778651662036,-0.2970788008715257,0.5928050800515808,93.59631640430084,19.63919048875184,0.0937745349728098,-0.9250847341082392,-0.2307839967160396
0.1348682480596717,-0.9491681966542234,-0.2963205088958769,2.072604684179724,92.43115267021656,20.127987067501827,0.0991866861638239,-0.9198381236397974,-0.2383288056758905
0.1403830971990646,-0.9338285742796308,-0.3156158784369407,2.274639494814036,92.83796996065888,20.151989389828657,0.103214557446502,-0.907146483396782,-0.2476111835175756
0.1303698761869206,-0.9273935787396186,-0.31866714993622,1.2501394583756444,93.08221241886636,19.584933084217894,0.0947182082637278,-0.89779764731495,-0.2479361758178564
0.1236302543305108,-0.928660094697261,-0.3034085465825802,0.2728766947682649,92.81809448061428,19.391762434141565,0.0939777842909841,-0.8957779389941747,-0.2484333292690168
0.1327248245922954,-0.9340873350708644,-0.3014872211041687,0.1858386467643177,92.64167256575216,19.619034650149143,0.103866086726348,-0.9056997648387408,-0.242571351093256
0.1396816782553803,-0.9507901796759228,-0.2912993818653406,0.8635522642474868,92.6955603794846,19.740580134477767,0.1094454691576239,-0.9185609404267367,-0.2314687841865508
0.145109071054954,-0.9520258616605995,-0.291882003329253,2.0900051142022167,92.87912580513994,19.91855495737532,0.1117538022100488,-0.9210341753513362,-0.2294000477789259
0.1520674247719795,-0.9516641553595866,-0.3021325101383433,3.863781452477648,92.87357094032848,20.081042347623576,0.1160227172773074,-0.923260495459682,-0.2289488036934295
0.1502553578257286,-0.9591699542295796,-0.293370163576467,5.5206412275928,92.06593164087003,19.81506720318593,0.1146182094464455,-0.9261592944077764,-0.2291327211526213
0.1340191660806143,-0.9493471754330576,-0.2925341417266678,6.630763388329431,90.4263567834933,19.296621207334475,0.1016147977240622,-0.9201970983350456,-0.2268359026460296
0.1175887034109834,-0.9418319616746248,-0.28948583166641,6.750814375116739,88.20568529641162,18.97618175858292,0.0854679107242869,-0.9166164314901696,-0.2159581155541781
0.1049719384122147,-0.9358512338138172,-0.275308053063849,5.642721441373234,85.77999297141788,18.32884850158244,0.0711069951065101,-0.9088616105986416,-0.2115283948569908
0.0831086436214493,-0.9198507008861488,-0.2726046822921555,4.129744298176536,83.98455373624454,17.135874355781016,0.056749771971219,-0.895099258915165,-0.2108353522481896
