ADXL_X,ADXL_Y,ADXL_Z,ITG_X,ITG_Y,ITG_Z,MMA_X,MMA_Y,MMA_Z
0.9982872016436672,0.0450570801245754,0.0715037526584379,-1.137076736514319,4.3584960499338985,-0.067901165450891,0.9599889316055517,0.0226677112699268,0.1419900834480816
0.9950145052832636,0.0399437056706566,0.0776285480018715,-1.2467429213502463,4.542230410710859,-0.1426232018277115,0.9568294965324192,0.0222542300146639,0.1450942914923973
1.0015445277124844,0.0399785815687267,0.0779455189394831,-1.358014233192728,4.64496375799446,-0.1808325207527986,0.960098103884914,0.0198645175037385,0.1438415615629968
0.9957026968065118,0.0405195119867529,0.0829947740061973,-1.308082904763174,4.581300431945819,-0.1502466827718129,0.959548512782688,0.0177758201957801,0.1475350298552226
0.997023048734664,0.0401560484217223,0.0717546055510819,-1.008049966332597,4.19692951277143,-0.190568024359177,0.9570111058573864,0.0200972927409907,0.1467940524809055
1.0014985054845973,0.0400656923246358,0.0689676057449866,-0.8456554847002759,3.964611573691657,-0.2631273987999201,0.960304883508001,0.0221385121122362,0.1422444438310929
0.990389646437037,0.0514451848337535,0.0699238185869935,-0.795949436805727,4.080848282525445,-0.2902448536977738,0.9607087336502274,0.0233111166583494,0.1424910908370757
1.0004891160374343,0.0516774623618674,0.0719320296803311,-0.8457184289066013,4.116577239325836,-0.2752659936938724,0.9595801281615756,0.0236645679619681,0.1420133553143368
1.00472077029618,0.0424554455837297,0.0801738481878324,-0.8453883414389965,4.160291728573417,-0.3241561530046974,0.9601688767274564,0.0241647087128152,0.1429522842126704
1.003705417292636,0.0448437725378383,0.0687717707386151,-0.7804528919763967,4.1855628832684655,-0.4070934878973949,0.9599240350753412,0.0253969433725962,0.1430342376319955
0.9990084397157544,0.0432429120492481,0.0822797261812769,-0.8245607214940036,3.989813917118416,-0.3878410953970982,0.9606758178820692,0.0241664170529185,0.1420159907198434
0.988764459028572,0.0443320713105507,0.0969349442508991,-0.7492703764656861,3.8733170288086542,-0.3417719549041584,0.9599130892658938,0.0239177489594413,0.1430769904107227
1.0049164701396918,0.0441305632260989,0.0773548050470043,-0.6846395754395367,3.813945748580456,-0.3002427831957246,0.958857531912739,0.0243549853319916,0.1440479185709682
1.0015335107586254,0.0394321736262498,0.075655955380994,-0.640372621969346,3.5753487400528177,-0.2635038815601073,0.9601822920816636,0.0247563592117011,0.1459066850349046
0.9915579813705412,0.0470944178633019,0.0743079828724595,-0.5019185158224269,3.3249880566069665,-0.2309233340154745,0.9590758550027784,0.0237633112205808,0.1451413935949526
1.0047260806631042,0.0415107375936658,0.0743828218176826,-0.452829809423615,3.254461167638315,-0.218047928168384,0.960271247295236,0.0227513254280359,0.142754316576068
1.0084038508537607,0.0395593263297569,0.0808141210071532,-0.288762598951382,3.3617616902824423,-0.2408503501326198,0.9649528683584548,0.0240735948673726,0.141329335759987
1.0066119793835613,0.0492569626555421,0.0710933409224368,-0.1252529608248048,3.549295480910497,-0.1977432855248235,0.9641758143131536,0.024652690035669,0.1398524965142619
0.99928603318984,0.0474164319138148,0.0724037454848993,-0.2384291730945563,3.722793174621539,-0.1444093490609183,0.9610337318889998,0.0294795921615827,0.1398174254643681
0.9954384759440444,0.0507705243344792,0.0809675239161854,-0.3779644168997419,3.920942495266965,-0.0809732865588363,0.9583671344315636,0.0294662360536581,0.1410444081827463
0.9964876965283948,0.0418628053464588,0.0751548610300604,-0.5699666703519095,4.131057880860354,0.0043265299658445,0.9579193617279012,0.0254624701113048,0.1446853737504319
0.9927402103656816,0.0356511617001207,0.0672013440763343,-0.6696393697734014,4.0604535472324965,0.0622038707719765,0.9632573959296274,0.0254312182123644,0.1452118606189312
1.0008917798979504,0.0458703140720551,0.0819210489065759,-0.4029957614749253,3.67519622419499,0.1495740993957887,0.964085467225918,0.0209491012564527,0.1437488090460081
1.0060370457414676,0.0464896755106487,0.082983094345324,-0.2722807943680514,3.3451676714545844,0.2165617610883133,0.9610038313468448,0.0227443723468094,0.1450861281225325
0.9946317903513872,0.0474649406223005,0.0691379420290859,-0.4298541857943052,3.2539728994373545,0.235786065569375,0.959487598588599,0.0245812560886226,0.142248654841776
0.993218354532391,0.0417738608548329,0.0833592382562158,-0.4695032935549579,3.3309689575286083,0.2064620048891738,0.9576297973092536,0.0189933457002261,0.1391111750237704
0.9994297067412105,0.0413925921804489,0.0720315092161685,-0.4458933652028875,3.441445610886399,0.1396044070189102,0.9609108580358668,0.0209645927900804,0.1382371425143549
0.9941099805880846,0.0497016925599416,0.0592208433524983,-0.5440327196474053,3.613652821522521,0.0027457976614653,0.9617058989973212,0.0266274644225006,0.1367997412706388
0.9938104542085184,0.0464909702674315,0.0759987456736035,-0.7297912881054271,4.001708771614208,-0.1784951739793359,0.9578133536766672,0.0285401983810278,0.1389210807386488
0.9976828146152512,0.0436589905871411,0.0703531753604785,-0.8621821325957538,4.370915619183683,-0.2214392218579879,0.9581078147967989,0.0240381574500414,0.144215069299521
0.9947007810171052,0.0458806577865941,0.0725604064513736,-0.7123593666929326,4.391189930452893,-0.1864229445467838,0.9607685123414365,0.0206860960735604,0.1480259900451835
0.9972396020948168,0.0477886370349267,0.0768191316509242,-0.3604353762644752,4.19025782607837,-0.1394405452905794,0.9661614741787335,0.0220954808731935,0.1453203856626534
1.002086418310813,0.0444396308160701,0.0625716449364548,-0.2097437588240958,3.850709530396522,0.004006501593777,0.9663274879257296,0.0200809122516669,0.1388918490333476
1.0007041877430676,0.0501893239700515,0.0678189707198575,-0.2804626151895829,3.6507293801884986,0.173451236254815,0.957502653985316,0.0233699547698535,0.1350797924688069
0.9966387314676152,0.0521605907672931,0.0755468872877054,-0.5575228019193141,3.975272396178865,0.1836563734188535,0.9560837711263566,0.0297558361377892,0.137487557018151
0.9968581860335348,0.0447513146957015,0.0709946528768498,-0.940075892371067,4.490087261151724,0.018121365352479,0.959890285111524,0.0269825815655122,0.1456732183794126
0.9930334057831108,0.0503948597223689,0.0711436870323002,-0.9522883849627302,4.908819547223969,-0.0834483898081274,0.959154356791164,0.0251850821429496,0.1460008620723943
0.992301805793628,0.0428170928595171,0.0761144876630063,-0.9050331535002938,5.023483550793985,-0.0793512548870138,0.9594111398593346,0.0236819158162622,0.1398898338839999
1.0011500836013512,0.0353065590686875,0.0778649211856789,-1.0575161320845985,4.823369009753391,-0.0998313735278854,0.9563081048039588,0.0162481906623316,0.1424039262676686
0.9970240280328292,0.040839871274168,0.0802687977581013,-0.9476353613573396,4.820860108780529,-0.1821902936291255,0.9535770473458942,0.0167496399930831,0.1477127435800266
0.9957747063413136,0.039081521932631,0.0915590733541576,-0.6740006421605406,4.89988406595712,-0.2989676617872434,0.957698350699876,0.0203365674004738,0.1511687155750625
1.000532601174741,0.0444885032483959,0.0890560121622964,-0.4334575303823504,4.651811544906401,-0.3168564566506898,0.9613822872457848,0.0182231747579304,0.1514377961679282
1.0014920450064253,0.0454494469639717,0.0757705949008537,-0.1610766865538859,4.177440938453125,-0.2373114337511396,0.9658838276835352,0.0223999521010923,0.1446262370967592
1.0017716503333325,0.0425562078688151,0.0723261851337917,-0.0251065828357821,3.932440890199785,-0.1013069339312299,0.9626114324231008,0.0280352674971479,0.1390573814149521
0.9919117627647068,0.0520009846902591,0.0707521375595952,-0.1283912436167855,4.094958885663815,0.0193300132386238,0.9557420982153462,0.0271965389166725,0.1378955065459935
0.995479139051012,0.0510906887211431,0.0699619611191719,-0.2500094927381311,4.438765199413369,-0.0045828002951997,0.9602611582696836,0.0281130223320166,0.1417106833893666
1.003035763423685,0.0433074434634548,0.0677507014652152,-0.2823381802151147,4.758868125835625,-0.0367559039221914,0.9616758491945032,0.0295053978187291,0.1481999556563204
0.996053893214028,0.0472643898703794,0.0775784904860854,-0.4445189401334332,4.726212308482055,-0.0019746499303638,0.959894086518045,0.0290696078287661,0.1521273720424923
0.9978937387318172,0.047485128261355,0.0919931005154644,-0.596535417728683,4.4033892328753845,-0.0095719827062684,0.9605368014184156,0.0296893960698237,0.1543237168013294
1.0014743628070115,0.0424765341552464,0.0819182757121505,-0.6136366220424254,4.014052772557502,0.0087705773117189,0.9589156819206616,0.0266136408387954,0.1512360403414667
0.9984131203542328,0.0420344171825817,0.0766738978847779,-0.7177306473175675,3.650262716326982,0.1397222148793958,0.9594422377799712,0.0225364677214872,0.147544907370602
1.0012015804840866,0.0428767948333579,0.0781707503089147,-0.7261548208920364,3.534899474998624,0.2177615376655735,0.9582441119682956,0.0234057796016113,0.1443086003987737
1.0061600156394102,0.0448079304357877,0.0694789605442405,-0.6511727569931043,3.572841185551832,0.2311076170643923,0.9598315504321356,0.0264514842160577,0.1388639457132792
1.0038611134278443,0.0397702602702678,0.0703682701984586,-0.6485778664936027,3.718003331634333,0.2391861253852469,0.9641732567075472,0.0261583711087438,0.1395358350418127
1.001384147942448,0.040271669711208,0.0741100908782697,-0.5878637488549556,4.005241818539919,0.0942349367362817,0.9608969087839724,0.0235032249613332,0.1428203606019064
0.997589269190845,0.0538682670204827,0.081830116785933,-0.63443081583608,4.318681380016508,-0.0124555477649217,0.959186101223812,0.0247248108120071,0.1467366182087198
0.9929695333232772,0.0514429318874452,0.08446577962438,-0.7724367796135777,4.518617610362459,-0.0667835589298309,0.9584976364927668,0.0260659608885106,0.1502937760069645
0.9927761577928872,0.0455751526947542,0.078195997145999,-0.9220235989226324,4.49610199745375,-0.2077653838144983,0.9549757207413978,0.0256747248698508,0.1478539196800496
0.9911261399221936,0.0497004116316849,0.0894654293178485,-1.1411949591619106,4.264799804297089,-0.1853465942808509,0.9581159268943216,0.0235540179234689,0.1479280790325293
0.9948716040974636,0.0417080831978061,0.0880248388030517,-1.3099725274686078,3.883110159105126,-0.1644968119242989,0.9613848660092406,0.0222079331898567,0.1505231821001822
1.0004072167979756,0.0335120114838845,0.0716001773561917,-1.4958764048995086,3.600494363750467,-0.1942096245115755,0.9646802279650328,0.0215549720940932,0.1452802808806686
1.0031145213290404,0.0355439622705999,0.0679832137628402,-1.7219315248313571,3.400644695136481,-0.1840279057735926,0.9719399944179106,0.0151032944905174,0.1371356923765053
1.0061056044496417,0.0396554945489476,0.0702836348341369,-1.7733399005939117,3.3551665282649994,-0.3385911462087861,0.9678849326928494,0.0165987845487848,0.137849811227763
1.0042459215831137,0.0448070790287093,0.0794614229720428,-1.507827720863319,3.7702243208652337,-0.3798028912699718,0.9626003933358208,0.0247221652389335,0.1427364520612452
1.0015351734925817,0.0487017695772186,0.0766195856670342,-1.302528833012596,4.18973965662686,-0.2192650904692265,0.9657859126680964,0.0281069944619517,0.1437155417530663
0.9983221745156232,0.0535422044239737,0.0747857640779584,-1.4871656048457162,4.522268948317319,0.0100946012461242,0.9629093962905348,0.0322509900327159,0.1494039320346759
0.9986341108330898,0.0583170744440253,0.0902614805373634,-1.889535685868532,5.104754984730047,0.2964449487312618,0.9607688792680822,0.0321401223087808,0.1579769385897804
1.0010736818298238,0.0568973578118498,0.093217050153283,-2.5589148516090754,5.379628958972457,0.3897830085640591,0.963269773576634,0.0303784509425597,0.1616231828527234
0.9994971726957588,0.0477220887377028,0.0913499040347941,-3.3365322463640603,5.223184235366304,0.3850509250602716,0.9648338920044756,0.0260398255616866,0.1613876550237579
1.00072107612276,0.0340907766552139,0.0952105106626609,-3.823200654385624,5.122272655428149,0.2759860426197413,0.9611324683446928,0.0146158286608818,0.1569848642572394
0.997462133454322,0.0249544897427525,0.0955553462923624,-3.882434843055912,4.944904408875359,-0.0823532802504046,0.9526155633806042,0.0077361248930554,0.1577309808223007
0.985816216179517,0.0229281036532307,0.0899479432355572,-3.379102076528011,4.797183522353617,-0.4773244364686991,0.9486951453533358,0.0055154457963056,0.1592121834011547
0.9752386711135216,0.0164293270957579,0.0869057103861679,-2.284386669757136,4.607823733274238,-0.8797555105598555,0.939948136002482,0.0036790431320034,0.1569279184910897
0.9737684373498224,0.0145146675340946,0.0975231352248727,-1.12838920666564,3.9145193517425354,-1.2157542097691554,0.9339059867953304,0.0018161304163917,0.1598506121375774
0.9799235526959592,0.0192462366585164,0.1028925487909467,-0.4189883625971328,3.182490585634393,-1.387859533377299,0.9395229209452426,0.0043315252868683,0.1587697189741567
0.9852521728731748,0.0186942591970834,0.0959600084070761,0.130831922348841,2.6007925642816105,-1.4120426211980466,0.9416565446444208,0.00856910690553,0.1539842518376067
0.9942297504034968,0.0250330839739301,0.0867875169392801,0.6378188741915938,1.8786304539287064,-1.355447875095796,0.9493705908819876,0.0070061808156072,0.1503658488247179
1.007212804053741,0.0272260062412872,0.0714000552395834,1.2224507603989083,1.4591196492555412,-1.3582698091786578,0.9655720871387464,0.0118344354014153,0.144780843961801
1.023307695211261,0.0306269417739791,0.0631052194267662,1.8919437864641584,1.6622455564215886,-1.4113014576698717,0.9808085096162124,0.0175272799041801,0.1374992101293597
1.0304231840504836,0.0433013284591452,0.0720569367488399,2.1485889148123847,2.0646706328327187,-1.5235678660581435,0.9888665747968818,0.0166298392295414,0.1360937721860649
1.0195642346039389,0.0419174714227898,0.0791605315715006,2.5888936870866237,2.277944185956706,-1.2621478310279757,0.9831810193631062,0.0197482402723169,0.1456487249527257
1.017563682059964,0.0411891527040563,0.0770381796489509,3.5007270890334183,2.521153752519751,-0.3801824385679233,0.9759260391355922,0.0209109245825942,0.146232069485957
1.022633136553324,0.0446416463010324,0.0816476799727725,4.062681420767953,3.112584665257507,0.4388697615823222,0.9758517246427314,0.0223454314543177,0.1433592660074346
1.0218037204148025,0.0472224741443684,0.0814961722174612,4.2282217694075,3.865713660348304,0.9429162439220304,0.9784299120709256,0.0276942188573902,0.1450606767390021
1.0210661589130154,0.0620736118289242,0.0645888289460962,3.971490912508997,4.268450120215892,1.234214954460262,0.9773644400150444,0.0348562015689802,0.1331681297531987
1.0121611147304792,0.0716604277661103,0.0557447041893662,2.96699004441878,4.388751328379776,1.3562877327825589,0.9730253014615552,0.0425922719351369,0.1276396798041751
1.0008849634887669,0.0588721128383068,0.0647817522655091,1.9377991382358004,4.708874895593429,1.5475482606016724,0.9650184637243288,0.0400828784025424,0.1386269428729759
0.9955793986519134,0.043254548619823,0.0818503318644349,1.5559260203666163,4.928109020869752,1.6047987952033156,0.9526090615030904,0.0363473570116276,0.1491609610129787
0.9894583380576198,0.0443723114574511,0.0877384430511554,1.4186099917630826,4.514173573670957,1.4318177584007794,0.94625166796554,0.0351194540048777,0.1553301360024553
0.9834386185457424,0.0550366246476824,0.082155566694257,1.2335895411316191,3.575118394753104,1.2565339579440318,0.943999255679391,0.0317954920022889,0.1495316094183713
0.9866226114569684,0.0570040686381579,0.0787764540531048,0.6762716112573409,2.993513209040535,0.8791737675617612,0.9442971602353694,0.0328107160722098,0.1393856493059123
0.9909474042697668,0.0504981664163662,0.0715198891360565,-0.3015319197050566,3.0742774058694,0.3596357858662541,0.948744467210981,0.0305050551830886,0.1377335172125696
0.9856657630752964,0.0539478152284335,0.064678841339189,-1.0295784057105588,2.7859982367815705,0.0897324852194564,0.9494872367202296,0.0293146838941663,0.1353264391910019
0.9889759436692886,0.0528412179710074,0.0621592732439292,-1.2986716195844976,2.2274705677620514,-0.1162622157312581,0.948391397666836,0.0303505115858999,0.1314124994325427
0.9972954722737184,0.0423329652471003,0.0651141650521862,-1.3285062814762183,2.0890911056120687,-0.3707143690283148,0.9516448700774685,0.0272242300088718,0.1346098817670529
0.9961948083988574,0.0427356008145996,0.0698547545999536,-1.3108441807583475,2.1946968786782364,-0.5301712204048588,0.9607719049392148,0.0301479200248898,0.136699861488599
1.000044744201745,0.0471679090954938,0.0662882256008542,-1.1146452692524682,2.528746642255306,-0.8559786994283709,0.9640179791595196,0.0306945004183318,0.1323632206056765
1.00266314078569,0.0524966062591313,0.0630994702408095,-0.816965928795223,2.8345872911575967,-1.1478754462021576,0.9582906515278334,0.0282562183472085,0.1305385431234681
0.9974866585502832,0.047404913401469,0.0693954149544586,-0.7004042518600072,2.9591220368736773,-1.1227056659571926,0.9566575708761952,0.0296808244496027,0.1362381875831553
0.9976142593809022,0.0401742443101448,0.0783475233821859,-0.5980829840431525,3.018833186600278,-1.070080571854504,0.95613412770904,0.0260096459717761,0.1438042834399969
0.997662492934775,0.0511754299994319,0.0800603995273347,-0.7655879520725385,2.764393125983111,-0.8866753443750304,0.9551326319769656,0.0255083360925772,0.1454227972895169
0.9970158777312832,0.0505490534391379,0.0823689734518407,-1.2315681722746856,2.122550355457309,-0.6327654704328196,0.9563820464403824,0.0285801209530769,0.1479384357738326
0.9949732538861532,0.0384957516289025,0.0790050550357476,-1.7659631041935164,1.4385358969742716,-0.6882844931741835,0.9579846693514912,0.0237490460234188,0.1517846422526332
0.9974398943214547,0.0369576421133607,0.0715799091875626,-2.204838531336156,1.1449370307305446,-0.9243886569287088,0.9628899712534555,0.0174979146767606,0.1455327269659794
1.0090758998800349,0.0316973053629627,0.0771439583617946,-1.835589571345691,1.253131345836417,-1.0608531014745808,0.964346510719295,0.0140817924088049,0.1388009093992205
1.0040365508678704,0.0267255753811254,0.0762679853463388,-0.9272503205525324,1.551673042653796,-1.062297617542703,0.9582471351128252,0.0099664224821602,0.1405409043717152
0.9966425183163056,0.0343268206869186,0.0780023875532745,-0.1085260637141253,1.771351207244127,-1.022757016629251,0.9547413271004086,0.0103481974150192,0.146022863054112
0.9974593688379588,0.0406796644217518,0.0897635963174595,0.5946579215897625,1.6468643407071977,-0.8751166727142076,0.956896431755658,0.0162935365519837,0.151051917316412
0.9943372247776318,0.0425188534250024,0.0913763616759445,0.9060787216273236,1.299274556270223,-0.5989990330885239,0.9609184714310632,0.0213767068513246,0.1504234689641853
0.9952629105753864,0.0482854635950947,0.088221077657398,0.83769378030828,0.9627477150241234,-0.2415026660243645,0.9614742595212455,0.0240816189202553,0.151321143373364
0.9969667709202604,0.0479114322696768,0.0800450216541771,0.5516423739038393,0.7177460063957932,0.1083022603383067,0.9626854151314695,0.0214921518074008,0.1513019325634435
1.0034080622652928,0.0388114861424074,0.0756056387368341,0.2322679033618065,0.3887667155253335,0.2144927707161798,0.9678019087659024,0.0167945794012782,0.1438888780772466
1.0046160679475853,0.0324800225277407,0.0736982109658593,0.226119491757299,0.1438022423621069,0.1981466302597247,0.9643997041941258,0.01288091191204,0.1433556122258307
1.0058213254168331,0.032495681260517,0.0675808604883765,0.6407205758411085,0.3922133346210582,0.1858301921964067,0.963226550655226,0.0100113468865151,0.1420905537905206
1.007274956896698,0.0369594666909203,0.0693639519764329,1.377529849633638,0.7576741742443266,0.3545036420659568,0.9685462933017898,0.0115640547475848,0.1383354102647323
0.9995980708883778,0.0351354243017686,0.0755202055971882,2.133930404869335,0.9870006398369908,0.9225584533112294,0.9648377663813636,0.0157272854267148,0.1405510519357669
1.0099386555150485,0.0413682696130505,0.0733130537965388,2.5287087317076966,1.3153994771404829,1.3703429406725525,0.9660047520435304,0.0262590813171793,0.1357946695027354
1.0137694403808375,0.05992089900895,0.0629078181935069,2.355733874127273,1.5373117325026144,1.5554058678670657,0.9728443336007946,0.0378020279587279,0.1344969838623213
1.0136195317975174,0.0594271953581503,0.0611774453594685,1.5757111977832012,1.580008072550723,1.7782307063904104,0.9746308105741984,0.0393856811009981,0.1344690709041215
1.0222184392262812,0.0507297221202217,0.0563925727920274,0.4651666990480956,1.87441299397615,1.956240440435076,0.9742500394899374,0.0357373805512931,0.1300829436141102
1.0076972642440958,0.0418642025908108,0.0513481533684309,-0.3080159217175982,2.5186927138130915,2.106680335962948,0.9678405014626548,0.0297444578729733,0.1336278004705957
0.994239472895608,0.0361907092859234,0.059771461968934,-0.5266548701388862,3.076873859682148,2.1823096915022906,0.9619389895274004,0.020939247562171,0.1302793094306885
0.991249207414987,0.0426593989701903,0.0648516305773087,-0.4955510449550194,3.1685114700932147,2.293298996414168,0.9575572204995784,0.0175919482468789,0.1288571897494564
0.9927177550715998,0.0403642843928561,0.0697386139888202,-0.46352234066201,2.9701708754749867,2.417347318815755,0.9523385759728964,0.0191530760182385,0.1333158749925498
0.9957739069737418,0.042109628050851,0.0595670475264816,-0.6516520776102402,2.882733374257048,2.216026486302366,0.955019046097661,0.0187604207023371,0.1264517848242579
1.0016170171171923,0.0463300290280193,0.0553787326773257,-0.9290477708994548,3.010720875399012,1.8352907750540677,0.9626253704972048,0.0239738795845581,0.12302207154028
1.0138160838004562,0.0434113297960869,0.0638245364190326,-1.005556735444492,3.2174389557806307,1.4857867354918508,0.970859109820241,0.0284220020452816,0.1254481936711361
1.001595333774723,0.053055541994267,0.0482443821247769,-1.105295702586286,3.1746024104538075,1.3477451299488212,0.971194780772829,0.0273112247012512,0.1256880408939819
0.9902180444380048,0.0519742096814789,0.0573879127288489,-1.758517189770206,2.7901370304529163,1.5559978082927657,0.9623358396819024,0.0281520401560425,0.1274275828337739
0.9949598886307922,0.0364797839514743,0.0743470841324764,-2.6516121349542017,2.0306003594592927,1.9964069013309336,0.9576487962650856,0.0221468034210935,0.1323839832723466
0.9950304240727992,0.0384016074446976,0.0632280761094917,-3.1884700801478307,0.9408652451973452,2.4310795238170857,0.956287625266198,0.0189467744978325,0.1343583788215833
1.000210413472331,0.0485587368115107,0.0558391187209242,-3.8944134469629055,0.0573677404491705,2.4797705006360804,0.9573782668789036,0.0254622452517234,0.1240374770448168
0.9958715410312048,0.0466393839097592,0.0447314878048399,-5.003959838500699,-0.3025819361500998,2.3457049395150134,0.9573784849146594,0.025253778064046,0.1138268887199572
0.9915253647884285,0.0360768554894043,0.0445750540862391,-6.067744512324173,0.052322051880244,2.289712544525176,0.9574115408356154,0.0163706944026798,0.1129273562930681
0.9992716933468642,0.0194040087345906,0.045108548783273,-6.743700421262711,0.99115029067226,1.9766427624815663,0.9613967804470896,0.0033532897273488,0.110737331527095
0.9975175763413244,0.0101734124411578,0.0392320212568251,-6.879322494234284,2.168477938132628,1.3924348739906254,0.9584831123955928,-0.0041481415704895,0.1075200799356042
0.9926836988463724,0.016864771149757,0.0503535213610817,-6.984575597323896,3.330018851915133,0.7311289925901803,0.9558603777120234,-0.0041953721195412,0.1138073113192079
0.991592290967524,0.0168719345096166,0.059253426551662,-6.914370891247435,3.871677179971854,0.1944274273086978,0.9539092801678044,-0.0040800665149125,0.1260349732597016
0.9877218566068464,0.018348175416045,0.0619290395722067,-6.484920427314582,3.922510986531624,-0.2062118520239054,0.9489870021217396,6.3208686479389e-05,0.1300951245726271
0.9845804393173712,0.0244004215634329,0.0640115163787821,-6.375899743125878,3.888382952935491,-0.7548797474816397,0.9489948001730376,0.0070014612993151,0.1326391834941475
0.9806678938542864,0.0250104845484607,0.0722534278831741,-6.134615747217043,3.3163523546025,-1.1174266521000873,0.9429695273978826,0.0133946384300658,0.1365160040951203
0.973250507161151,0.0372702352443512,0.0746829907994605,-5.642513658007197,1.9684881937887124,-0.9641223122329664,0.9375626456697362,0.0184060316488803,0.1357016116435087
0.9779244830842152,0.0446223880774557,0.073815752992903,-5.643303327772072,0.4220119371276997,-0.6144100980548461,0.9448969514982144,0.0202431314236998,0.1396907371606926
0.9972225378594084,0.0382740261679656,0.0826373221624409,-5.7087507264591215,-0.7383633637047136,-0.1496123478005718,0.9548794737154668,0.0172261550871411,0.1412911281785338
1.0038120023052377,0.0372014344906604,0.0700288720594106,-5.204710023542858,-1.3000536339287074,0.3630166505611594,0.9592395291481718,0.0132933584876197,0.1382474025064167
0.9908755900400454,0.0393661639577353,0.0567524860543566,-4.506346715279288,-1.547321847537347,0.7429756989129821,0.9540145762212342,0.0184285652129626,0.1326682279281085
0.9856063907042024,0.0435642574368098,0.0607876477854482,-4.296816485103541,-2.05738255690516,1.141598351362018,0.9515376211416032,0.0283129428704121,0.1215914017263713
0.9957474513404734,0.0462158953032847,0.0660198087271492,-4.337031314718859,-2.484831325146705,1.52808305935062,0.958205902000903,0.0313142315395999,0.1287832679784427
1.0034717802535944,0.0477055773084842,0.0748406043592396,-4.093422768997166,-2.4935463924927728,1.6844006600765429,0.9624920330871222,0.0324505426745317,0.149246365431182
1.003555385563217,0.0577916945269215,0.0869074735376987,-3.434470655629373,-2.454593176106661,1.6380374032006944,0.9660209685565476,0.0427965407008169,0.1551845377593817
1.0079753196083123,0.0641373613526018,0.094702234176096,-2.607106161213229,-2.32296601882673,1.8566720387323847,0.969737429152001,0.0505752561341595,0.1514561804635038
1.0104890369051012,0.0743984362989031,0.0748700271879228,-1.9947812522672523,-2.00165639005638,2.601054629207188,0.9697843204536764,0.0555932891602372,0.1475335333114707
1.0003571837090766,0.0966577730530088,0.0649601606427014,-1.6142553633934176,-1.629552964666057,3.4434507440801707,0.9677446990626886,0.0684641660026611,0.1415574750947401
0.996205833438061,0.0941335183040975,0.0690245912346917,-1.899945814816926,-1.2824327768880792,4.228962055907547,0.9611253358787988,0.0719398848052152,0.1345570436574989
0.9939101622702488,0.0892248123508638,0.0636463886264284,-2.511782108206134,-0.9152753724392972,4.899237610723726,0.9580622691779768,0.0689151141510636,0.1315749608184722
0.9930268725127824,0.0969683935768123,0.0798358540642204,-2.776564241970555,-0.432903332467037,5.289592607864676,0.9647820755745882,0.0662731689399005,0.1314749147283933
1.00477124688174,0.0812449081293645,0.0790590733482394,-2.9571768059239947,0.2911496338607107,5.570687139382788,0.966220586726398,0.0569623590824727,0.1332240001554687
1.0053198844678688,0.0681801584028664,0.0784148105863523,-2.66538428966658,0.8297026256412405,5.8194200763745485,0.9654108834588658,0.0510502733109488,0.1433266609844939
1.0026407577026233,0.0709922756860204,0.0959953854208266,-1.8343875040573228,0.9186540540305692,6.168084084276437,0.967731135689928,0.0544738289863335,0.1570875918045189
0.9983741815878474,0.0908075113575491,0.0941821134595454,-0.976904088815158,1.145245989961044,6.532847385061718,0.9583804079706424,0.0709004901443284,0.1577241808075027
0.981424140953323,0.1281307933767737,0.102747494224094,-1.235297141154703,0.6070185144449527,6.451341546545222,0.9496848734731108,0.0965446931993358,0.1602402502783816
0.9769555674353726,0.1507167432948714,0.1225428564988211,-3.629573578007106,-1.475035099514972,5.991085834340777,0.9491729706842988,0.1173117001464183,0.1868013365348494
0.9659074632104032,0.1536657607665018,0.1598194592166657,-6.84016050807603,-4.866113339536681,5.2879202636096325,0.9362333690855555,0.1211524083778572,0.2184667336662453
0.9454551686160168,0.1378450374480034,0.1839231396647282,-9.608288035662538,-10.071690177091336,4.567211747864578,0.919982088719544,0.1087142259459246,0.2375830009413954
0.9491822641492388,0.1122419399749306,0.1593283991113039,-12.59529583505967,-14.566285524257491,4.06091880822694,0.9178238208512776,0.0883537015229879,0.2317638038465951
0.9634697028604612,0.0787584787586745,0.1350489117981047,-17.09689224265662,-15.674105886702945,3.301249066063777,0.9244763023098048,0.052337510827924,0.2026625189685684
0.9800345913220538,0.0259674274287235,0.1080962247204379,-21.79994290608896,-14.485513195223692,3.049796525807795,0.9387776029922148,0.0012764330620181,0.174546880546303
1.0009710500124962,-0.0272180081749487,0.0818458266910826,-23.317452347030105,-12.527115809620168,4.442050007086047,0.9612144801198056,-0.0493610135063606,0.1493352826291735
1.0280166953822865,-0.0718088579574926,0.0755350277622583,-21.03900067109257,-12.549209939335118,6.986717757855693,0.9894861154862312,-0.0899510795887314,0.1334318319437962
1.0540875639220475,-0.1032446937861817,0.0721542975289524,-15.816670823995729,-14.79598172046744,9.754876923746252,1.010584903040055,-0.112789028147454,0.1365537028962967
1.0484685312496231,-0.082341018874642,0.0733751147749466,-9.093315635089896,-16.87493669417525,11.762127969460598,1.0077117633202513,-0.0998758212740956,0.1454259300273102
1.0233270447503109,-0.0240099781831252,0.0693896944067999,-3.9625505004845736,-20.10992593674778,13.007252303295264,0.9878056666600862,-0.0510263090224084,0.1420443645813344
0.9967733906907108,0.0111213625850203,0.0477946691150895,-1.869362736809518,-24.81503199055939,14.274211018786144,0.9561411635504012,-0.0072298906356976,0.1169170991201563
0.9634283807432128,0.0282002418604777,0.0220703959619677,-1.7316941209437453,-28.355898401693217,15.453730134668811,0.9228418070153284,0.0093958607263243,0.0898356869605823
0.9443004363990346,0.0216276110489407,0.0055391986050769,-1.5670817060504043,-28.842396043122843,15.941026022823989,0.9095917145746196,0.0029916799794745,0.0717653249725019
0.9505665887326804,-0.0051570453201018,-0.006954557378244,-0.201905262127258,-26.4549826180696,15.552805188076082,0.9132337094449074,-0.0178751166906435,0.0554812499010172
0.9639007211830748,-0.0047408413576224,-0.0215615601745353,1.5700163744157467,-24.140121020151028,14.234747218756782,0.9249592967511592,-0.0274678215896499,0.0451196218746835
0.9794391197238388,0.0045105301086513,-0.0415148569924078,2.662101913496852,-23.716640272567584,12.27713243358156,0.9430522823721728,-0.0217401007004956,0.0293310242130358
1.0038362977808395,0.0030121813205825,-0.0550024583525514,2.9806885532982577,-24.31214021983008,11.161268096843129,0.9627105948948048,-0.0177978582729789,0.0140025089472962
1.0179354557725508,0.0058948014340188,-0.0548701473965759,3.16403692339931,-26.006041434488093,11.264523679975758,0.979389693660977,-0.0155824242916607,0.0104954950684335
1.0188833134754351,0.0068983762688598,-0.0585555113605814,3.40398865929372,-29.628742369984376,11.943889171178032,0.9871168331959636,-0.0132467990750252,-0.0013045792699993
1.0181476926718147,0.0044053050575933,-0.0797864371702258,3.256307755123782,-33.5853687963248,12.987573756948816,0.9825268849343184,-0.0179068339197085,-0.0199243619791269
1.0083364791014495,0.0012369132258285,-0.1280520531839925,3.0180089190174333,-35.90110245017426,13.63174576419864,0.9725898611483604,-0.02727722829582,-0.0481228542469321
0.998701041509244,-0.0170795494683195,-0.1653387778200444,3.5858059577459924,-36.40101651289482,13.972713682775826,0.9625307910853024,-0.0418390740544126,-0.0859349279362547
0.9901289178678816,-0.0448865639555101,-0.1725524419006333,5.533378862399421,-35.578032914701815,14.264380323631164,0.9491658790333608,-0.069328931696261,-0.10156289223797
0.9878106850010538,-0.0681561768258944,-0.1692718560007022,8.38121829419316,-34.20374443485102,14.370864731222367,0.9469367053510528,-0.0943137903045487,-0.0974661107797553
1.000284227143609,-0.074310783403111,-0.1549549182803945,11.34627248485256,-32.29746579823334,14.591117386511684,0.9561665822559589,-0.0950290682467929,-0.0870826102589248
1.0093002377963765,-0.0400328271450667,-0.152843577248122,13.658088505300269,-30.521650126038228,14.922199289356952,0.9607038902811682,-0.0669672170452436,-0.0772756743333148
1.021741028617687,0.0026208327954588,-0.1503828460702184,13.408625522497571,-28.688147520095768,15.663964862395082,0.978425980764367,-0.0250339837806318,-0.076936513380318
1.0454846521731171,0.031500828044307,-0.1508420299083744,9.91332770938019,-25.53112372899742,16.57173514068918,1.0046128307964657,0.0056570570975674,-0.0830325528440376
1.0596625982859016,0.0489523900640675,-0.1809955874618879,4.437238196700979,-22.948080165922896,17.352194195711537,1.0199430839719903,0.0142063526933299,-0.1070344727823843
1.0691376286510854,0.0249344449022687,-0.1970378089880701,-1.3540487478974172,-21.001601613650145,18.257544111194942,1.0290138828197146,-0.0078175775909184,-0.1303441109261559
1.0733804124585462,-0.0120968214021265,-0.1984692894311157,-5.74065632587273,-17.860881815209652,19.108079593747952,1.025840333622034,-0.0460316451227022,-0.1345136794130202
1.0505528898960947,-0.0236583025151871,-0.2089189823017678,-9.96191126065421,-15.39601770130811,19.790747320693857,1.0080691396920205,-0.063764908963365,-0.1383683862587773
1.020628401484943,-0.0339413276228337,-0.2116032061515465,-14.71771604853369,-14.511113427735769,19.998976262804447,0.9798401817781746,-0.0692590215891064,-0.1421158619009081
1.0001125856729407,-0.0622023089839384,-0.2156635674722148,-17.511253319420447,-13.162897081925738,20.140953870700663,0.9563064704833536,-0.0875693773615848,-0.1519856041056403
0.994638587311138,-0.0996209755130271,-0.2209322843446114,-18.447684421516957,-10.29463788204658,20.456805120663635,0.9485554003512078,-0.1201583144781543,-0.157289649196272
1.0038411603509587,-0.1358984953356555,-0.2133117429140155,-18.017042807861262,-6.893327595256566,20.27077412019213,0.9553894540714932,-0.1525186127998906,-0.1447838610354175
1.0054765461425772,-0.1540005802690946,-0.2044134145288016,-15.638068176018642,-4.530655524300731,20.0030998431719,0.9656452195499764,-0.1659013159689429,-0.1360366886146214
1.0089958214729209,-0.1491445321908548,-0.2008232830582678,-12.700837079943293,-3.968021317887654,20.09804097734412,0.959981379649688,-0.1634666445100631,-0.1307292272225688
