ADXL_X,ADXL_Y,ADXL_Z,ITG_X,ITG_Y,ITG_Z,MMA_X,MMA_Y,MMA_Z
-0.326361941006613,-0.9096711418468512,0.0166771298604742,13.601196983238657,16.3939381534964,25.577159049214508,-0.3514101430357228,-0.8734489586727185,0.0804647307722236
-0.3328464001974568,-0.9017948869991436,0.0090922138836409,11.371629974160472,14.61625003034031,25.60842392641572,-0.3556192711908907,-0.8712790229836985,0.082226010962596
-0.3335447768813032,-0.8897988077458296,0.0188065902886123,9.65085118113372,13.539129058238595,26.1330034129338,-0.3542619329188644,-0.8582861360950821,0.0834099734936389
-0.343436134340136,-0.89677064862998,0.0148576993690036,8.03022184508478,13.09342485496502,26.940195465889754,-0.3613533921882489,-0.8618881413691138,0.0768841131419602
-0.3520438539628386,-0.913007814712833,0.0187553129869794,6.628755231303115,13.111184721785683,27.32715707780192,-0.3655151920511619,-0.8744452029400702,0.07221574166318
-0.350205478144286,-0.9234508523268704,0.0068122883749836,6.156606512330498,13.61617877154227,27.256229184979077,-0.3737047630443393,-0.877606065461148,0.0685993278759658
-0.3593718886397659,-0.9161632536875188,-0.0015982587963361,6.263783123436064,14.01004566438282,27.093758885612875,-0.3786047705289097,-0.8771274580786714,0.0697613482236616
-0.3647429943086884,-0.9083060678789706,0.0133552875599912,6.61515723269503,14.22191485307029,26.939671135452304,-0.3795431849981322,-0.8702603825456101,0.069365347835701
-0.3641950237359828,-0.8985877377326819,0.0082370249745227,6.361970082755923,14.529978347737067,27.01689365322607,-0.3864936479370051,-0.8603393107409569,0.0699371079772225
-0.3750211421930113,-0.8851440212072126,0.0138668076722245,6.050871380881614,15.0418117730319,27.497519994038697,-0.395498699761095,-0.8572539767636587,0.0804749315183389
-0.3822332658203657,-0.8884490342747055,0.0294951626523635,6.117316486467886,15.482773304897105,28.27150223215301,-0.4011659731796764,-0.8515536592887518,0.0882204764216736
-0.3864104224581904,-0.8935014507829142,0.0319281255699745,5.860100188188851,15.206485211510314,28.96512073801531,-0.4008082827421901,-0.8500819232398559,0.0929315355073352
-0.3878800851343539,-0.9002408246033651,0.0314577857509614,5.898020763067708,14.456950984987737,29.372220236247365,-0.4040425616107576,-0.862631487947213,0.0995742102267761
-0.3899590401295884,-0.9084840795512508,0.0322895781813133,6.50782261584747,13.916511789433692,29.716207588135195,-0.4086650144954192,-0.8713385631123508,0.1016002639700242
-0.3962935303486523,-0.9127897364588302,0.0388311370832888,7.1619758228955765,13.631306868121008,30.086005272257477,-0.4103972322714843,-0.8728343004094781,0.103237999414217
-0.390858966129909,-0.912114728913092,0.0372488083169171,7.669961001640631,13.720400080904833,30.5030286339276,-0.4118455804865668,-0.8673339217455651,0.1039193418974795
-0.3853630232298464,-0.8875209228356691,0.0346822938703861,7.640987194380941,14.075400882067155,30.96213229147288,-0.4076789898787477,-0.8488983257239443,0.0990637013765113
-0.3854101186078302,-0.8676446177967073,0.031304215767643,6.16135052255848,14.252539683316146,31.281161717177945,-0.4021787072543823,-0.8312108598130081,0.0916018403578614
-0.3923221588285843,-0.8617733673883239,0.0240890731873817,3.9258959101336814,14.350032257894208,31.764728954820992,-0.4057705245972366,-0.8249203495805579,0.0883630221687523
-0.4069325117585757,-0.8616008720454721,0.0248719760443677,2.4522849876147665,14.638477367142208,32.45864629951584,-0.4176006658171785,-0.8309833596435057,0.0941388062861828
-0.4116973373496168,-0.8838684235259948,0.0266502464809659,1.8654442872425212,15.14409962956728,32.89537630456415,-0.4262015897803232,-0.8453298144544039,0.0974155919801424
-0.4201431546316028,-0.8837388536815483,0.0286652520754017,2.4940866243271973,15.666649957498352,33.00142474531827,-0.4333413003255372,-0.8476195147684477,0.0919651418036899
-0.4339505906657803,-0.8662250662007899,0.0301621311954402,2.911431304297344,16.35000519635086,32.50221442969019,-0.4433058007504792,-0.8344879445127359,0.089291867280086
-0.4485991370049751,-0.8644575879476706,0.0318970064378246,2.301213522602476,17.219775580663512,31.763176320485087,-0.4578871303963672,-0.8261396061000242,0.0936124222872086
-0.4596316631809022,-0.8576782442144664,0.0289496183998032,1.915054809444042,17.667400662559405,31.479818363304734,-0.4709031174454159,-0.8272043753097055,0.0984938870241557
-0.4573630281556483,-0.8631864270320662,0.0263427744133882,1.4981641494869378,17.392902408374624,31.533559341112703,-0.4695186450901279,-0.8305435783911699,0.0947681064933635
-0.464796529921381,-0.8659620564182064,0.0294965574388395,1.2386089626154475,16.585483970164354,31.63819796586617,-0.4705711776585884,-0.8286014998559244,0.0870607152887386
-0.4628847584225156,-0.8603166180304183,0.0289315735312573,0.5046943131605521,15.87785786087636,31.562025668676068,-0.474022003528837,-0.8236041039665276,0.0887528174711824
-0.4673968214629724,-0.8599907400837098,0.0306653048730545,0.3554576956283707,15.72188976128324,31.83179819795077,-0.4827416177964299,-0.8216918081817364,0.0943924417897282
-0.496572520022347,-0.8479554306825172,0.0391669129475008,0.3240193162199571,16.4019989859087,31.709171656240944,-0.5012619914610001,-0.8174184863121083,0.1024514675349005
-0.4951684810909036,-0.8568305116694102,0.0506629911545097,-1.782022377063185,16.702980723513388,31.17908181569965,-0.5005142643328144,-0.81905678332053,0.1122511002350912
-0.4907526764329005,-0.8700493061300251,0.0420448026713108,-0.6041379391996358,14.756045009959731,32.497386563030815,-0.5004879446301223,-0.8237907114137029,0.1082387527301887
-0.5056386545161542,-0.8580470955602576,0.0293247803477775,2.655036794866946,12.767264398739735,34.21835686096033,-0.5137585061289688,-0.8163266164041989,0.0973954195560349
-0.5098636877954213,-0.8487538360091837,0.0296068182490114,2.302873342494077,12.709361343687249,34.56966030154167,-0.5178734594276703,-0.8089478736434244,0.0951616564790046
-0.5064611156434963,-0.840119434565308,0.0197723792716879,1.5195263832312784,12.507300859005229,34.727498295047425,-0.5149590992504154,-0.8054192865040037,0.0913542977847673
-0.5078839773914595,-0.8303658675466803,0.0227759481254848,1.582722359463781,11.458464259391674,35.028380200271364,-0.5178185976599814,-0.8003024017108293,0.0841534819965853
-0.5199349460846933,-0.824129601957322,0.0251624963886093,1.1435904588378996,11.33209832253372,35.3031317346414,-0.5329706220254735,-0.7930683233521485,0.0846622324726574
-0.5346328690799299,-0.8214328070089085,0.0155179507840694,0.3217738200093394,12.64017923470069,35.47968561542823,-0.5458467001600273,-0.7872700572565748,0.0881541915121254
-0.5485879467311425,-0.8187237176468491,0.0211784956264449,-0.2174987093745805,13.764228294138595,35.76924361789925,-0.5554392666474144,-0.7898172782224977,0.0903160505363108
-0.5543218151792308,-0.816746182448003,0.0229562157517443,0.1183512112285044,13.744108305303078,36.1818009775343,-0.5600798171427999,-0.789213245606971,0.0874779183794643
-0.555629309526912,-0.8135173027677045,0.0179448349992657,0.8475232451130625,13.141635120083498,36.69739725166748,-0.5611249694480777,-0.7812750673483263,0.0840909850972835
-0.5574400255966621,-0.8011530933688449,0.0124111640875231,1.5663339473878042,12.363314895510522,37.57472043197831,-0.5680832231562134,-0.7738008686391445,0.083317392872254
-0.5603087235106741,-0.7991584856421153,0.006215361542465,1.890461126235116,11.431196039501677,38.51893605075725,-0.569908052595473,-0.7698724124888747,0.075142208471136
-0.5789193328176634,-0.8011710576592879,0.0045181502070748,2.256358674553793,10.385564435525518,39.4169559061641,-0.583108422948531,-0.7729416146318837,0.0708901032221131
-0.5955902719525228,-0.7960802810009036,0.0079810070922025,2.752535631448825,9.673134737801025,40.17433089693154,-0.6047709454170134,-0.7746885675696371,0.0719457581888207
-0.5965337217649601,-0.789445334535797,0.0114662956869129,3.0217909253795256,9.741053286508732,40.77636951408866,-0.6080059928210609,-0.7630990809541424,0.0731518859501409
-0.6019790060182404,-0.7715580577823073,0.0153626718704531,3.1532861417052827,10.183590003471522,41.32689514968047,-0.6088962106859972,-0.7429524429776738,0.0797255757587017
-0.6069076580995151,-0.7580090789239307,0.0197585019776864,2.7030552744887717,9.995173799562444,41.88402953141284,-0.6148422235915695,-0.7255405496781216,0.0784761382074048
-0.6111035332061483,-0.7583787848183121,0.0019474285606615,1.915419026363832,9.010810813133336,42.514555922871,-0.6200416326045308,-0.7163945671537435,0.0707882831095665
-0.6293778474414575,-0.759841235784221,-0.0109240366944235,1.4121840259840348,7.985043518294401,42.95715902397661,-0.6357521628352556,-0.721369303764075,0.0644245919685325
-0.6376225690099189,-0.7617590886055936,0.0018438049519545,1.3918389914944185,6.943422479409038,43.331356138139,-0.6537905923548395,-0.7314949850339059,0.0615419796369037
-0.6445610421518407,-0.7642130839893635,0.006472339675279,1.8250622986975813,5.849320267663761,43.51094736454807,-0.6626360904490584,-0.7310032995683369,0.0696303900171534
-0.6555334719386856,-0.7612897955927437,0.0081891234144923,2.205629632675295,4.970574529109434,43.31304369942557,-0.668766602432584,-0.7233371128495611,0.0755281568135189
-0.6474619534570314,-0.753440993777367,0.0200378974307077,2.384902588365698,4.160092772456189,43.1535443280522,-0.6664266938445825,-0.7138984354472526,0.0747730991347504
-0.6555955177372152,-0.7476172095468889,0.019684798398674,2.739517790504204,3.3388139656948908,43.04892364890726,-0.6676349638450496,-0.7084711519269364,0.0751209356955272
-0.6730689262108878,-0.7390961463878107,0.0063230756182286,3.346816334496313,2.216105925720046,43.12172573444251,-0.6810901876973823,-0.7036140856538234,0.0737701136415028
-0.6812301962485985,-0.7320383761269567,0.0029302762992937,3.980849791634071,0.779508478323961,43.55913521196776,-0.685910511750448,-0.6974087365613075,0.0768125941129903
-0.692884939094349,-0.7309807997580416,0.0142016161910726,4.702864237694876,-0.7598484364849509,44.10206240448935,-0.6886673771927068,-0.697352444819644,0.0803599828766173
-0.6861699778149857,-0.72842725760029,0.0223462645135884,5.608212772837363,-2.401107126286537,44.55425671745211,-0.6923221111315554,-0.6913194181925151,0.0805279963110631
-0.6807549372250381,-0.7245107776724755,0.0112203897183602,6.203164657530239,-3.69922809166756,44.82359625251714,-0.6919254390498417,-0.6834010169069172,0.0818801234156021
-0.6878299549871613,-0.7115524691125099,0.0133104751914574,6.2474956709914045,-4.679046640641009,45.02826080955235,-0.69466559395146,-0.6769956980692307,0.0787982059361802
-0.6884178944911512,-0.6986364116735937,0.0200662906208196,6.231169552928693,-5.689951839826357,45.37358930024626,-0.698205009620535,-0.660542655321575,0.0803298535320684
-0.7028028619907674,-0.6883202640726469,0.0137389251745193,6.2671882696283285,-6.476824905316469,45.85420569326138,-0.7090169199140506,-0.648650804281034,0.0874979420088858
-0.7275510950608995,-0.6780326631337638,0.0281743138602441,6.132796597931004,-6.915241401993954,46.47564863212553,-0.7228513909800884,-0.6476277560981897,0.0939503282832777
-0.7379822121911009,-0.6888767256887283,0.0385808894655087,6.181836347040387,-7.659892313529408,46.93393476797305,-0.7335239230963349,-0.6537320056447926,0.1035740032358656
-0.7362048239992893,-0.6919658292714923,0.0378459224045651,6.759228333987563,-9.033762049961108,47.01890872348398,-0.7366807404658962,-0.6554419184069891,0.1018820647275912
-0.7261928487772344,-0.6710165921658524,0.0245904614824975,7.606839938259859,-10.153368333809718,47.37631198658678,-0.72466537713773,-0.6391959514133198,0.0849421551898876
-0.71528292517862,-0.6523434523402825,0.0090424831758387,7.971544548214816,-10.659758378297507,47.98072787459469,-0.7213046816796681,-0.6172508003444498,0.0760431567180866
-0.7284717332270481,-0.6322029593950533,0.02887987249712,7.255115178462854,-10.990882574096268,48.34341290422294,-0.7289600278042366,-0.604524172142361,0.0832323184111548
-0.7399531671522253,-0.6168032541407819,0.0336125128822286,6.240210583728414,-11.20933158660538,48.71920446681749,-0.7325014478646185,-0.5971718917743382,0.0917651774682577
-0.7329631890016404,-0.6025994305272098,0.021380771452774,5.671183907627171,-11.550584419534472,49.301306657600406,-0.7392031929245344,-0.5769239021554741,0.0941562597969701
-0.7492853044555392,-0.588700452269607,0.0255940650823394,4.8757502692993056,-12.084200281283776,50.14838915757922,-0.7451251957699072,-0.5605689646801126,0.0908965922983856
-0.765421187332276,-0.5938868941462103,0.0253689312470743,3.7159909065060215,-12.3926108530485,50.98872422897177,-0.7499551908546382,-0.5648227883536323,0.0879105332872972
-0.7642038149238228,-0.5970369239283264,0.0295254723398966,3.148556984090797,-12.936523080017038,51.94643397751773,-0.7597272998998071,-0.5689497358736083,0.0932917019276975
-0.767677940436845,-0.5896708498826844,0.0316610529411239,3.1248117394558843,-13.468526550601348,52.98485387446679,-0.7673238363647893,-0.5642824606145334,0.0969627778303063
-0.7740066176850224,-0.5725533612933802,0.0262194765951417,2.6018141101288097,-13.02722837795579,53.16387114101568,-0.7699231396354933,-0.5435820888751715,0.0921786070587831
-0.7888567554952859,-0.5427697471138033,0.0315973101953604,1.608384632721466,-12.953273629962592,52.91432764445007,-0.7813945446219173,-0.5155598680710423,0.0944508671449054
-0.8082539607829726,-0.5252572832912832,0.0385677508471165,0.4372527024167906,-14.520967463897666,52.61134300562284,-0.8081027030159744,-0.4983760355560588,0.1061706964008993
-0.8362716828526744,-0.523064222572184,0.0442170550607162,-0.6263997886363454,-17.59669525879241,52.02844506640509,-0.8351956813347137,-0.4947203092194002,0.1078158988936645
-0.8621283966581565,-0.5267677836440672,0.0379662274844035,-0.8185288421598602,-21.399101977322484,51.44401063996849,-0.8542176638832958,-0.4993912619208254,0.0997467444449519
-0.8695700755821892,-0.52324312322126,0.0274637983884416,-1.0169073704127989,-23.94742271479884,50.35004992180741,-0.8642350776616625,-0.4959218515396071,0.1004309886637601
-0.8700301096814386,-0.5141501173651718,0.0434474739030684,-2.3693813990965475,-24.7583340267554,48.79599777510329,-0.864091462530961,-0.490530575025755,0.1173941321821694
-0.8609395460819264,-0.5197719510065315,0.0565617910602371,-4.03612923880161,-25.195612096013896,47.43482128854144,-0.8562748970877105,-0.4944602772002842,0.1377310168819912
-0.8496334390550118,-0.5267831641706355,0.0674348679090025,-4.802166744440272,-26.07700222575544,46.32421326393421,-0.8473687565471968,-0.5020349112800657,0.1422593618734363
-0.8468509075127391,-0.529321316836715,0.0768721055219106,-4.763676246929932,-27.41824136014677,45.446378349867295,-0.8462122402964296,-0.5045584911182545,0.1389104442321425
-0.8478957464264671,-0.5279157311588472,0.0659416177679231,-4.5092086171643775,-28.603207859567217,44.74476823137668,-0.8467793705393837,-0.4988356416324624,0.1401020645146451
-0.8473542920469905,-0.5180016432003687,0.071056198893235,-3.9521007535225454,-29.201597161288284,44.016200617390425,-0.8459445845081466,-0.4929025089149487,0.1437232522532854
-0.8464811102177434,-0.5096164377395738,0.0790543788638684,-3.6393322418319674,-29.561198027886867,43.2867255355754,-0.8494756887895674,-0.4809621531597902,0.1531337573450338
-0.8439521655970494,-0.500324340371227,0.0828808095033473,-3.607990544263322,-30.01542907246472,43.04946520354961,-0.8453198438872689,-0.4675057990698352,0.1608477354155182
-0.8311470415096706,-0.4866219383732623,0.0893313197548587,-3.222398507432457,-30.53971599187516,43.06386349042479,-0.8334380766707389,-0.4539700518456941,0.1617981367584235
-0.8224495952900768,-0.4695421213304568,0.1046320007588637,-3.3518162924440804,-30.637504860643595,42.79570190551932,-0.8266614914305588,-0.4313670994755921,0.1752668204255042
-0.8294397175775581,-0.4571647481648202,0.1357677865245506,-3.831360017888525,-29.98080234204062,42.37580584291121,-0.8251558598264772,-0.4239880502665613,0.1974757907904462
-0.8375447228898435,-0.4674036031426448,0.1455006130046283,-3.3336102364432008,-29.606531875654657,42.01172995606718,-0.8308514573284429,-0.4345994515177983,0.2123887856717737
-0.8367303224909308,-0.4845579638299493,0.1601227948558371,-1.4817967645542702,-29.86982851558191,41.94681772155345,-0.8375073209020716,-0.4448875165441714,0.2232958540522261
-0.8423937165430827,-0.4813003668379739,0.1628072768662092,1.0629305283102646,-30.436945046447605,41.95406325189237,-0.8438347243002186,-0.4469773399801804,0.2229637329335113
-0.858935940105541,-0.4653989787190451,0.156306841703893,3.135367827562702,-31.80160607111,41.762804294836094,-0.8540734607572746,-0.433574679792627,0.2233944851823112
-0.8618644792414335,-0.4449072785633677,0.1820929002230356,4.527353080254331,-32.83154453136905,41.51176329209985,-0.8565877205635832,-0.4129586105655694,0.2405790723106488
-0.8555413717180749,-0.4284129069637226,0.1813776872277282,5.273413822950357,-32.79099122290582,41.30451590750548,-0.8537596983134146,-0.3965902260989438,0.2525847838344688
-0.8518315122840172,-0.4221273219479192,0.1879929364589745,5.651896517569533,-32.56425013468852,41.15760618851439,-0.8511793435147884,-0.3917704704412713,0.2548764356763429
-0.8523822488482397,-0.41673599897484,0.2076761949938819,6.054994587967686,-32.07337984488076,40.98664869591416,-0.8491694025985295,-0.3895332955691767,0.2614276519563878
-0.8529549409549715,-0.4123179259229576,0.2061079686866707,6.2973560999422284,-31.68934388123879,40.81813758682296,-0.8493844114357082,-0.3822368081290723,0.271334659982109
-0.8454467275355351,-0.4035406890202401,0.2233258893098582,6.567530399326062,-31.609112603775824,40.53257136960846,-0.8447947372872923,-0.3755157846477128,0.2801013291710051
-0.8459348140263065,-0.396073912346874,0.2255262095683291,6.875465529962339,-31.438698908297532,40.35344730260286,-0.8425214769583044,-0.3654408650122158,0.2885934857387064
-0.8445194716995207,-0.3919278728323389,0.2277403406556719,7.331230764834856,-31.374709036998315,40.36411282987986,-0.8472833626385964,-0.3570551762725805,0.2937453928053433
-0.8443911515891264,-0.3743556985578328,0.241506215555883,7.589561122359071,-31.098775353352696,40.189616524080286,-0.8495362598171394,-0.3452519644699757,0.2900515725470065
-0.8555557781125386,-0.3545695695164734,0.231360796432272,6.555651521922338,-29.91695549192245,39.94202063448965,-0.8480869722528583,-0.3275089394069475,0.2885280976565726
-0.8493526340903614,-0.3467104981087759,0.2351246704282796,4.724537218404138,-27.82681691428104,39.51231327791198,-0.8444900232387067,-0.3208305243116954,0.2915959365458247
-0.839519347765828,-0.3448556245251034,0.2387757444905831,3.462541098285196,-25.943975153586027,39.15779437162796,-0.8403972032585852,-0.3187497511320818,0.2925141978548515
-0.8422019129124904,-0.3346779428430277,0.2329057631637018,3.0523147750849398,-24.771308191744488,39.10284106204631,-0.8428858966897113,-0.3109469055547675,0.2973150326470787
-0.8540498042016268,-0.3186524775661711,0.2399762684995278,2.7449765866747757,-23.920636321038337,39.0007311708296,-0.8528844904620938,-0.298879196760745,0.2969367115959226
-0.8663959925644507,-0.3130768927806421,0.2321040081959454,2.160495582409597,-23.59451823919734,38.90678671126672,-0.8574854476679401,-0.2888006254476672,0.2884114925531226
-0.8581452818873102,-0.3080142081849946,0.2256909631869286,1.6368786336434875,-23.18634662311376,38.67599340387412,-0.8521316814538711,-0.2817554587966308,0.2872576406689314
-0.8516759527470728,-0.2959613331709892,0.2355633644426359,0.9914466431965364,-22.03187864129456,38.46335303949388,-0.8493631825558695,-0.2745576652671194,0.2937082311519406
-0.8682553418492001,-0.2860370273246484,0.2363150550797889,-0.0148876633290787,-21.149954454255784,38.42997015758426,-0.861943665699716,-0.2689789998206461,0.3032061488824776
-0.8877304569903727,-0.281539773781264,0.2373936932303811,-0.5560638719367542,-21.264815283067275,38.46569476878969,-0.883612393827685,-0.261483611423386,0.3051939675322533
-0.904573427874175,-0.2776196393264445,0.2320015827097202,-0.4568922481825915,-21.391213215144333,38.26041664323431,-0.8985731849106171,-0.2524037509468351,0.292639936404273
-0.9207551336032732,-0.2715959505878341,0.2216693221230397,-0.9724479494155942,-20.553310300566583,37.2868275714294,-0.907076618312616,-0.2443302400138762,0.2880869978053005
-0.9284683081491062,-0.2672559865438353,0.2361227697290368,-1.311026472222818,-19.519770745832798,36.18770812694602,-0.9121557687793596,-0.2428173368482732,0.3000435319693753
-0.9373991555562396,-0.261923877858368,0.2504431474287318,-0.7471557592664182,-19.255066339170742,35.31526233626006,-0.9203667538292803,-0.2392243960276047,0.3095519126184317
-0.9455580901773192,-0.2566697995935855,0.2484970225219176,-0.5281651244215717,-19.689595242704076,34.37556881557699,-0.9291342048166892,-0.2288773903353699,0.3124788458579508
-0.9479094650452742,-0.2563084306042649,0.2505948477245903,-0.0499360295052993,-20.39532032944455,33.20679535385603,-0.9298430589715267,-0.228165843626905,0.3127252576674741
-0.9481173129772764,-0.2529757945747378,0.2532857689381446,0.7728832164235991,-20.64950626926324,31.69372597018575,-0.9320805083165552,-0.2256725484028696,0.31655204471925
-0.9407146523697268,-0.2395204702142562,0.2515219547232743,1.47029603020421,-20.78082075484107,30.54938185687874,-0.9286609436741916,-0.2124577857439161,0.3241651819487191
-0.9359852711533778,-0.2299292456057764,0.2560419858701059,2.5759911877434662,-21.68036026323187,29.99756878745921,-0.914996103169383,-0.1969677794508816,0.323409116652606
-0.9263905798908396,-0.2187957928022429,0.2645262249133205,3.576964934985744,-22.70302267559665,29.763417111994453,-0.903624200276614,-0.186566724007729,0.3247962855012803
-0.9112422102543584,-0.1997919997727927,0.2731519869440647,4.556635656384464,-23.83982415253628,29.608652837672345,-0.897782361893031,-0.1815510243447263,0.3352418343005042
-0.9081583028715076,-0.1938151590375854,0.2775900133518102,5.867194495778059,-25.78947348679534,29.388045956461596,-0.8926271456684453,-0.1697936406213072,0.3410097632303839
-0.8987238384567475,-0.1835010919121258,0.2727719088736195,7.423324879688626,-27.46268810757616,29.44123091167104,-0.8823944506946251,-0.1585537811797274,0.3388080788344037
-0.889717471267923,-0.1729648065866805,0.2782042693618646,8.601473573565782,-28.23566272634179,29.579090535689165,-0.8794255384573334,-0.1541219290277987,0.3353689876861775
-0.8985967812228781,-0.1761649923620138,0.2859077052549541,8.778361717930293,-29.15254986976231,29.520703860616987,-0.8869481498199161,-0.1554696216337834,0.3442075068573589
-0.9048289793690688,-0.1720106914313987,0.2949011621576496,8.9941699851873,-30.02169972976539,29.23525729778795,-0.8923031486962297,-0.1532680256891681,0.3637365751297272
-0.9105637261609114,-0.1706153343202449,0.3204280358840253,9.50686883165126,-29.98656170711822,28.92402083100368,-0.8964945601445227,-0.1463858637623805,0.3828170436785455
-0.9090833965960184,-0.1606166921705482,0.3322944358162857,9.96833864501109,-29.93294182784178,28.648625131962405,-0.8927917173783404,-0.1462581672151024,0.3938389969561379
-0.8870118382831363,-0.1380817630360113,0.3290272165797943,10.358900622997211,-29.773860088551185,28.154691895469096,-0.8761811506707776,-0.1247683252801729,0.3939734727215911
-0.8793799048080915,-0.1177871246114665,0.3364104252966307,9.913000070589264,-28.72959210655036,28.01759359217353,-0.8678002371797324,-0.0958129993086351,0.4030884945775825
-0.8833985757296989,-0.1070959088347866,0.3543073167981873,8.489521425881986,-28.264106155287223,28.30050749976639,-0.8685244175064363,-0.0929118611083893,0.4243727436536628
-0.8849880293649093,-0.119660651225111,0.3748219617496309,6.943131698285921,-29.051675897204184,28.3888345014764,-0.8676275610014792,-0.0971735021421774,0.4374616732563046
-0.8964878971234823,-0.1230720858275362,0.3988783053831489,6.3261218029525175,-30.663178251951447,28.23181971900206,-0.878335527774145,-0.1028362435172545,0.4498414627484628
-0.9025549799179255,-0.1258169790522428,0.4068063258852679,7.004250812212394,-32.9282916222501,27.803445144971683,-0.8869898491159435,-0.1054608554849135,0.4659807078289869
-0.8951104521360818,-0.1369397890473901,0.3933225642352599,8.128182539208513,-34.91935505593059,27.15655842698126,-0.8816154570586991,-0.1110806116856571,0.4614338373381044
-0.8912844311988832,-0.1309899872408857,0.389492436636475,8.264250316030289,-35.620021041995685,25.940490403405672,-0.8853419159398976,-0.1150596628522226,0.4493564141190868
-0.911301050151845,-0.1312055710892254,0.3924683355671611,7.408094398262527,-35.57194425920922,24.325209369944275,-0.8953235710363248,-0.109791643678225,0.4577096666088469
-0.890888984824418,-0.1343839693027024,0.4023948072879038,7.318382931816286,-35.88159804481436,23.106237294212693,-0.8722351897272306,-0.1166802148970249,0.467082877576139
-0.8259459476170858,-0.1348486506191334,0.3998567866128749,7.794171565090594,-35.8935718717318,20.916353657725995,-0.8235873566239658,-0.1135890093497992,0.4626945243915992
-0.8389837342336817,-0.1405464208388086,0.4081605755101138,5.957488922595843,-36.622809086808566,17.21028785404027,-0.8277328540347747,-0.1145619654310148,0.4704599108144021
-0.8931911751189859,-0.174373303521158,0.4464277213790955,2.813671742028348,-37.61558280464182,14.130159826798836,-0.8742868038090384,-0.1528064994901085,0.4969695743196014
-0.9008731791819532,-0.2053693775671915,0.4510935311619509,3.6103171635108646,-35.89217388138088,12.194843826305998,-0.8846078276959892,-0.1673277021131659,0.5162175085181334
-0.8721724790417233,-0.1624101667174496,0.4783332687863242,7.285654804252589,-34.690786888533886,10.803971827696024,-0.8611910589167889,-0.1369710164477072,0.540209338615101
-0.8561962595462655,-0.1199269991385066,0.5040373623779844,8.81176664473642,-36.60904592102583,9.639852624431782,-0.8422455904119537,-0.1033572227160254,0.5646127782356127
-0.8881320289780418,-0.0937112709022787,0.4901160922309986,7.757771222250121,-38.62669715985129,7.9676980991606525,-0.8527581064403648,-0.0775304095452264,0.5633537349560562
-0.9006834150882832,-0.0731702290901703,0.5053793666710747,5.408291112305176,-38.52173094419256,5.880383035566229,-0.8708300415113109,-0.0649611018846944,0.5617690635831369
-0.8832644015517347,-0.092127012200907,0.4944912131478743,3.693913893660993,-36.83869425818894,4.113926781929367,-0.8706419903216263,-0.0541538468472715,0.5618204907612012
-0.8839695200787477,-0.0593371352223299,0.4958452271489541,2.8779021965684968,-35.71434427459115,2.768062839361261,-0.8680152637557289,-0.0355138273541477,0.5610934190910832
-0.8863088467855754,-0.0283748681391516,0.5205949147077362,0.9870434012535304,-34.74375741808528,1.370490654704314,-0.8660155190572438,-0.0276227081144318,0.5788105560449255
-0.8809033222711818,-0.0488241400515956,0.5248707959359666,-0.7552233623919211,-33.43261546545093,0.0805682783099601,-0.8638994964381858,-0.0296455750271411,0.6011277789430775
-0.8621412084110924,-0.0362904913205219,0.5494583147377488,-0.6812062018553072,-32.68124522909661,-0.5024662232100346,-0.8489426116585396,-0.031006190138436,0.6131362010822794
-0.8308675964537775,-0.0349312310457491,0.5573883261540752,-0.1687932614895453,-31.81105399694665,-0.5693909759577445,-0.8218038335564193,-0.0267936944665072,0.617707818563446
-0.802316188120405,-0.0474319364783493,0.5630460354149687,-0.6214114380140837,-31.02710773840307,-0.384371138407737,-0.793497820555718,-0.0248619394522415,0.6316189387515937
-0.7702380842880706,-0.0569213734236003,0.5745117264077735,-1.2671441416650409,-30.163378632315823,0.1210318001785521,-0.7558517155430177,-0.0425825055679614,0.6465204634258314
-0.7380152404557512,-0.0928581442804444,0.5738281159647256,-0.5823479067733639,-28.477751338574144,0.9481766721098764,-0.7265614774122591,-0.0678277657716675,0.6455854639508355
-0.7262421613909442,-0.1143924998011753,0.5827504552063392,1.4509054079851589,-27.37085820646224,1.9306920748980692,-0.7127185689853907,-0.085994322403005,0.6484241688655513
-0.7257825476473307,-0.106954049369284,0.5880676838632911,3.811732496615949,-27.366338396546144,2.796770256814422,-0.7096765716711061,-0.0904474171063812,0.6549392723558227
-0.7228732290221305,-0.0930091420387887,0.589043101124119,5.705084048980126,-27.189002574065263,3.4043112771471726,-0.7174914440332867,-0.073583045991735,0.6572353274701
-0.7282820429956698,-0.0767217375484775,0.5959582370477747,6.396121963549266,-26.424377278994445,3.713647534891221,-0.7264486422170402,-0.05361643962384,0.6647852538872305
-0.7351676110122352,-0.057422623591516,0.6138546891153243,6.199127450250941,-25.29814406501236,4.264000328085488,-0.7293566944672321,-0.0385673420934694,0.6760241671985974
-0.7298218757894022,-0.0513923251215215,0.6147533966986912,5.80243347132518,-24.259737716263334,5.327355116244025,-0.7187071369789618,-0.0315232108167709,0.6847556220610679
-0.722687098638574,-0.0638776582860754,0.6176736704604173,4.435630458512276,-23.287374405729373,5.985903015444802,-0.7063794288745703,-0.0452624683024222,0.6958018486719464
-0.7120814865426391,-0.0727331758761892,0.6439028054736691,2.641971412825393,-20.480905815191868,5.611026120408917,-0.6977085462889716,-0.058307984487196,0.7155967244000652
-0.6904455908310505,-0.0796563664425553,0.651776291296732,1.3751082954673934,-15.709648138850351,4.407463563632485,-0.6869131160793984,-0.0589472007612136,0.7246917729380256
-0.6787610697185283,-0.0837934376967756,0.6500263010582352,0.8375683320822591,-11.759268970135013,3.344922385359504,-0.682347428654134,-0.0596457016992953,0.7133960393066051
-0.6748356727044036,-0.0834555644842264,0.6395848124694061,2.6201542956232537,-9.10252082834468,3.330824649220513,-0.6751080962558463,-0.0600824370420627,0.7064302042926519
-0.6657014959207407,-0.083599801574784,0.6404019757915815,5.214314400433914,-7.286520153965182,3.528904039320002,-0.6617384544770435,-0.0584719473957106,0.7059627598418416
-0.6672942616780448,-0.0658632376442639,0.6531181903460552,5.502531333295163,-6.413137758455204,3.0764377342313933,-0.6597646517484862,-0.0515667934894612,0.70518941802891
-0.6715929857227048,-0.0543841115907638,0.656534377595827,4.182449517088114,-5.225420330680868,2.487966158863492,-0.6669176151708842,-0.0431389871418145,0.7196689128306831
-0.6712675424669747,-0.0628148800167911,0.6692285040442407,2.902730852528784,-3.78758665372118,2.541306047883064,-0.6718077206147679,-0.0415429389197185,0.7281136483483427
-0.6757645706683306,-0.0591905356365666,0.6536556266449363,2.7354631276614287,-2.2367747764410395,3.3437904199722506,-0.6707814015666298,-0.0446817486060391,0.7087084329249554
-0.6700765560155995,-0.0718632844828402,0.6365416923719454,3.3348314749653984,-0.3528814603380938,3.731383387402,-0.6642421635014708,-0.0561546845599858,0.6939415470002936
-0.6593351189447312,-0.0974157943882496,0.6380649443497479,3.641727714610035,1.1747573818964452,3.229265887365482,-0.6593013583428443,-0.0770802829344324,0.6910942183033144
-0.659760390849787,-0.1043135532241185,0.6218634388211608,4.0945879565978,3.317754243959298,2.3884814967772856,-0.6577840700026898,-0.0890522527745743,0.6919875883905332
-0.6713534487729277,-0.1068645805804555,0.6260380382693654,4.556485778945039,6.630433226609706,1.1274656790494688,-0.6666943099962942,-0.0825582068927815,0.6985395709155096
-0.6942794429550955,-0.081860407290491,0.6312808610686916,4.606903591797003,10.17645024145905,-0.1784777211116595,-0.687022836445113,-0.0647917260196907,0.6966811594591926
-0.6983631156660857,-0.0553326588832645,0.6209884932497993,4.385874129014337,13.171519075144284,-1.1955469131229235,-0.6911173232932984,-0.045098007370903,0.6914279326000033
-0.6896149683475694,-0.0544746381955912,0.6237752941881927,3.75315576463332,15.18531811223485,-2.1295279395844435,-0.6804381286848509,-0.0329660582968763,0.6907227763301659
-0.7016296791673586,-0.0453746423614102,0.6147621462808319,3.450406413996993,16.632018244382824,-2.836137848167118,-0.6839124835782261,-0.0338462178890082,0.6869817040131416
-0.7096360604103509,-0.0477098325493368,0.6004174012823644,3.3762589285877365,18.475860507996583,-3.503682867626998,-0.6959300728337472,-0.040328027323249,0.6743320897058691
-0.7110050333809743,-0.0556699775115031,0.5983591546445368,2.060780798786797,21.07953156661292,-4.282943235671898,-0.7024164514248035,-0.0411063432670542,0.6638607144295543
-0.7193395681617272,-0.065398632735693,0.5857515875871631,0.2613383134905356,23.02598191795064,-4.941615604033075,-0.708686526143995,-0.0468048816705625,0.6582914495344391
-0.7299330933836758,-0.086881521325708,0.564121522385596,-0.27822813395542,23.509082771227792,-5.003204491421895,-0.719856280518933,-0.0642164004740802,0.6363455100734154
-0.737967935157963,-0.0987684409829408,0.5409184943108799,0.5519249855818026,23.352792615377,-4.642493660951583,-0.7250942186352337,-0.0859478977784579,0.6079944004321044
-0.7558763442087251,-0.1161612996903777,0.5259246353869542,1.8479184669672597,23.376918404657005,-4.729693092628271,-0.7405511857946214,-0.1012644821047696,0.5993068594501413
-0.8042772328941117,-0.1256121681052552,0.5564894266713669,3.4741247915175717,24.17648739983558,-3.914715688143733,-0.7942096824101378,-0.1012529029185011,0.6213983114954215
-0.8250764695980791,-0.1152568580106669,0.5901758935622511,6.338496466086177,25.134000674431668,-1.3603794493951369,-0.8242500833802546,-0.0928908060624101,0.6515557871276028
-0.7940651993251326,-0.090695689687297,0.591537495668798,8.945515279924996,26.28874803660371,0.2030422577982407,-0.7843530011540353,-0.0709406049318737,0.6625009314567761
-0.755534835251841,-0.0607425574642529,0.5972322058357602,8.699220934883854,28.371549504430494,-0.7329543240299388,-0.7371438955234042,-0.0458588285952068,0.661032642937434
-0.7318386579807459,-0.0568656157830783,0.5832084783957081,6.616917249303839,30.65848671131097,-2.333250915233793,-0.7237503797689163,-0.0393933977575815,0.6491320408681245
-0.7405760555722001,-0.0588119199253084,0.5666589338252805,5.463680684224331,32.74970301547779,-2.707515966874356,-0.7277883808081347,-0.042458740037802,0.6421777309935526
-0.7560355997449958,-0.0677357898629671,0.5831454976889328,5.352985078462552,34.65036896943629,-2.226604048580524,-0.7403629985052755,-0.0496084703188845,0.6503826721516756
-0.7722017916446302,-0.0948458103350324,0.5975168595459444,5.648123479830915,36.162823711978106,-1.4525633725849034,-0.765868718491304,-0.065208982400143,0.6594308438984982
-0.8043542355851281,-0.1133057996459165,0.5860581804209165,7.557406748384338,36.7626418147616,0.2200606999771936,-0.7954081407976149,-0.0863893038706291,0.6488544245877621
-0.8231938184654539,-0.1057820768461524,0.5644091062321744,10.970719871940666,37.19467308160535,3.033291395260494,-0.8131201981631085,-0.0825236350953466,0.6260778472716738
