ADXL_X,ADXL_Y,ADXL_Z,ITG_X,ITG_Y,ITG_Z,MMA_X,MMA_Y,MMA_Z
0.0564437680702387,-0.9410015608119392,-0.3499516125852963,-3.5533637924683137,3.573773051079354,-0.3306641221241936,0.0861439677421514,-0.8970480858485718,-0.3942061090870724
0.0485525830047106,-0.9430945648489456,-0.3600533750197351,-3.416437630687561,3.787622353130786,-0.1956672015945989,0.086220268997554,-0.8995465188733014,-0.3922581553753229
0.0520695701313553,-0.9403330709102532,-0.3588817145673342,-3.30944313095435,4.041510967588211,-0.1283915798609853,0.084170969135945,-0.8971295957582317,-0.3916200937968547
0.0623938527004954,-0.9416620225160528,-0.3391327717322165,-3.100759622440532,4.178861523235184,-0.0075922297943995,0.0881649243651128,-0.8957597356532089,-0.3967867913869475
0.0643761119815824,-0.940241190622206,-0.3506072246781058,-2.6839877019973275,4.345846508375408,0.1790920858680356,0.093221818162889,-0.891295034406085,-0.3955249522523252
0.0627462021700152,-0.9307494594802896,-0.3617023521677766,-2.433276795346689,4.578731795111939,0.3052020291814579,0.0927090339387038,-0.8896353603877243,-0.3941403267794569
0.0603837935072038,-0.9340180949546232,-0.3479134353145613,-2.388763057415559,4.844386232437633,0.4011285630983753,0.0954976066869042,-0.8896064188324492,-0.3957287237747585
0.0610520163566186,-0.9334230137941256,-0.3431323654609061,-2.289037907675396,5.163952130734914,0.4373278646740157,0.0932290280074137,-0.8888488074353813,-0.3928427144631987
0.0647492139443498,-0.929885913242396,-0.347762493240526,-2.219619931001352,5.316396269633345,0.5162029621789327,0.0909096688291607,-0.8893790029364073,-0.3952651887600176
0.0610640650772223,-0.936775266302561,-0.3627030488058344,-2.1386841135543126,5.445923254234168,0.6174525776556106,0.0934590495150612,-0.8883513073188998,-0.3996483328329775
0.0568741896286364,-0.93633750205558,-0.3585773598928813,-2.006840987624787,5.667930789925019,0.7238952905721565,0.0885861392055157,-0.8888769477610148,-0.4005822694437868
0.0478827306363139,-0.9301925743685536,-0.3579660723710602,-1.9429853905651395,5.835356915708317,0.8274699124207832,0.0885243669415615,-0.8868287035043231,-0.4033201736834408
0.0458573690858044,-0.9251657731484844,-0.3729615489502881,-1.886119891026199,6.118011094290251,0.8916793239154891,0.0894068018903327,-0.8843071693784413,-0.4047954254464177
0.0528140159238478,-0.9246036946737232,-0.3553740733618135,-1.7169831726157658,6.322787787694861,1.076514777053589,0.0868784171526129,-0.8881485029699993,-0.4031809080731835
0.0481538020809844,-0.9303744422147064,-0.3489661003528015,-1.5017437236508744,6.368242915007323,1.2184272162568348,0.0882098380051347,-0.888574872408503,-0.401193332955855
0.0471279241239081,-0.9400935352288724,-0.3579626254776295,-1.4163276501655997,6.505415411688596,1.223078295751183,0.0837940040791798,-0.8862213027877612,-0.4047162218728218
0.048207454841679,-0.9405530079257852,-0.3625065478258412,-1.3634171241512003,6.453542851807237,1.2435285321068008,0.0799072359785436,-0.8893973627704915,-0.4108498941135038
0.0502278376374294,-0.9297181390202104,-0.3697348992259349,-1.1252036156979723,6.4110053870764965,1.1931964401008768,0.0837321827110107,-0.890962230304685,-0.411064825228545
0.0564061638332318,-0.9337754862868484,-0.3648565890370872,-0.7717339806817023,6.706494200950053,1.2060472383489589,0.0860567300028218,-0.8889728671238133,-0.4086998418124629
0.0504528108941664,-0.9398810600078478,-0.3662911072213798,-0.4846903143939535,6.899635110376383,1.297189936177671,0.0831690224989446,-0.8882152908182419,-0.4062300159641894
0.0475522442051279,-0.9312638894970132,-0.3703606060239117,-0.3258454065865162,6.90101788054324,1.31811785396541,0.0817720307109998,-0.8861146937888363,-0.405467121961465
0.0498701262640329,-0.9242511919205192,-0.3679052999389652,-0.3329338864768819,6.884564076682402,1.275456270117494,0.0794506452537243,-0.8851718459962807,-0.4065803064453136
0.04006179750497,-0.9284751139014416,-0.3554768794670404,-0.5874204915984502,6.810130553795845,1.1769071900724022,0.0750261209464123,-0.8835081669646982,-0.4081474780520672
0.0396299792803883,-0.932468119481484,-0.3498138566106575,-0.937807458685748,6.723206394831726,1.1588169863882236,0.0768266272726744,-0.8815598566660651,-0.4083179328643808
0.0452638179971441,-0.9275010269890074,-0.3597463073760577,-0.9515901150176116,6.703650332193615,1.1832822453748593,0.0761792649982832,-0.8855486473030327,-0.4038258645265164
0.0407591238505241,-0.9312218649186496,-0.361434655275247,-0.5475040032802687,6.7785064435331535,1.2993809488554504,0.0747223898122854,-0.8863336519505232,-0.4026016173848824
0.0419029544846945,-0.934762124618397,-0.3649693883283855,-0.146982034536101,6.850575571886567,1.3746510015465865,0.0765757912818561,-0.8857587005251166,-0.4029898443601467
0.0421617098227002,-0.930563027534987,-0.3574921556164901,0.0679302248269623,6.810182370704778,1.2458924964643492,0.0740043115817652,-0.8872172314235853,-0.4030342680712424
0.0413296537348387,-0.9309676863398828,-0.3556495993818156,0.1291595449242058,6.684437448436669,1.2328652654002277,0.0717258791813759,-0.8851345939025137,-0.4046886003300324
0.047780558812948,-0.9342407309235792,-0.3695829351390913,-0.0679065757445494,6.579678782125635,1.1662622837381038,0.0718743344356214,-0.8863244681044062,-0.4020868125140788
0.0526565182085942,-0.940488081503562,-0.3644813180512087,-0.2916048975897418,6.515810569908576,1.0159243715874189,0.0751977195820425,-0.888930184853202,-0.4042523799842914
0.0490833934954291,-0.9358946199291552,-0.3615916877179705,-0.2286747074044923,6.524802991891435,1.0145592389339564,0.0754694132953897,-0.8896439472962969,-0.4061840866266433
0.0461685604903362,-0.9304734256784069,-0.360407749423837,-0.1364761465052532,6.701631773705486,0.9659855383600884,0.0723604865143652,-0.8878199735012221,-0.4044867892337304
0.0453613237971719,-0.9330232211372432,-0.3565421206383522,-0.3219911465390125,6.804447227494427,0.9165373961178274,0.0735186703911683,-0.8848516291255033,-0.4055297543447116
0.0426622151924271,-0.9207300976527252,-0.3563533511648131,-0.5498673276883586,6.688022928132467,0.8765848954906779,0.0719877054847576,-0.8845517696358174,-0.3951398010855037
0.0435050113475701,-0.9181014226868512,-0.350504149457644,-0.6503770655714889,6.605986170945084,0.7823763534332114,0.0720847103328236,-0.881871213396155,-0.3886211874126126
0.0368457785421116,-0.9302485604689236,-0.3484009660121178,-0.9194456008546528,6.594032359246163,0.7197474307363105,0.0768864682387492,-0.886155493063785,-0.3956041297609501
0.0423846558821917,-0.93153642511493,-0.3524756453747529,-1.347956234596564,6.634356487002968,0.6355854484224067,0.0807658970829377,-0.8934471495014925,-0.3965058493599764
0.0488916874008766,-0.9418808994713356,-0.3609144262772247,-1.6290579803647458,6.710805988774725,0.4949925071880841,0.0792542930508002,-0.8942128751831884,-0.398091409941686
0.0396767170865066,-0.9506403850357518,-0.3552385797564666,-1.6967108897595389,6.653883175315138,0.3400557575942297,0.0744535461276593,-0.8949767994405423,-0.3997082522453113
0.043803508455067,-0.9425597444153628,-0.3499273431144132,-1.550524308844137,6.483714643939951,0.2827729905932651,0.075947156849415,-0.8900102838198132,-0.398929958284652
0.0417989499871958,-0.9367535151182472,-0.3572206792101447,-1.16049700992478,6.282255154415833,0.2694175065555423,0.0712624508210448,-0.8881213903158343,-0.4008587356511618
0.0401470245538683,-0.9303181146381108,-0.3480828858457375,-0.6639563605009078,5.973130063643629,0.2627476978144135,0.0642089741272343,-0.887254578780873,-0.3971680002310778
0.0382382840548092,-0.9314372208290558,-0.351207575697504,-0.550255765483293,5.512296760854978,0.371177638259383,0.0692775292574902,-0.883417760291576,-0.3971570687549587
0.0343642108829234,-0.9321189341383204,-0.3633940078938498,-1.0029082650758054,5.1066936069269095,0.4414378465457433,0.0718937500839995,-0.8878427509187998,-0.4023672697033164
0.0472543944159129,-0.9265009073651852,-0.3549809259545505,-1.5056174617507474,4.915797069997676,0.4402351304360301,0.0717147292022298,-0.8882786505456126,-0.4045216042661711
0.0420973619052432,-0.93656646499577,-0.3591829074050787,-1.634067888823168,4.933256378142519,0.4645764118780557,0.0760432110729555,-0.8903755419601407,-0.4049185461618157
0.0374388853780648,-0.9406276426469768,-0.3624939350220899,-1.2805050097750037,5.035080918017449,0.4773588422450418,0.0783536315930467,-0.8947777643015185,-0.4019448344387358
0.0467605846522285,-0.943184177918714,-0.347749343564654,-0.7907084265936648,4.905945494603391,0.4387949092510818,0.0774487866832514,-0.8933695395960071,-0.4013705024346353
0.0468884573570063,-0.9508595363572526,-0.3491753994691963,-0.6633012690020238,4.690287952532958,0.2904919155885966,0.0788739995309518,-0.8948437050415489,-0.3973473531507178
0.0473786956686621,-0.93804856796923,-0.3517952924788602,-0.7562568145891629,4.631656979471863,0.1932328874212603,0.0794844495693098,-0.8931447209855271,-0.3925799876537936
0.0443077207249906,-0.933892897089151,-0.3510849077951066,-0.7608144740158498,4.564880025950124,0.1909892790360139,0.0764571220468121,-0.8927571095719129,-0.3955211953029029
0.0433594004334453,-0.9389570536409636,-0.3573787739635899,-0.5926031765738904,4.532820947977771,0.211180087865222,0.0755912547185222,-0.8935891351986743,-0.3929381181759968
0.0451921371887614,-0.934266631607264,-0.3483269465350759,-0.3887279850537492,4.572351964567401,0.2990390147581598,0.0736110428377716,-0.8910671305907689,-0.3912470597944726
0.045156040176611,-0.9390710410571124,-0.3476827405215516,-0.1781874780046085,4.659182324060169,0.2980360636818178,0.0733891514806072,-0.8909877621572028,-0.3981588557479441
0.0467772752541829,-0.9399848131514424,-0.353202211165139,0.308488059435815,4.766160864541838,0.3021481954104539,0.0756297910112938,-0.8895484818184056,-0.4031394815749989
0.0479935979422754,-0.929825177019636,-0.3526127752577246,0.7058645725213054,4.776966014241734,0.2724173457754758,0.0764311090299006,-0.8869954960770486,-0.4048494673930776
0.0494978515335097,-0.9296207577315472,-0.363982152348017,0.4477311083045283,4.68568263692365,0.1157825756418982,0.0800322489098387,-0.8821237776088853,-0.4078008548134478
0.0402150296843054,-0.9347726595146936,-0.3640750295751644,-0.1739583729305616,4.500382856565181,0.1675535162161203,0.0784500537697603,-0.8800619475504701,-0.4101430560287948
0.0387400371116721,-0.9329846456446936,-0.3632206938370045,-0.5201599799768996,4.376704827529686,0.2174592925455274,0.0751511607424934,-0.8833483209202351,-0.4062937829292302
0.0465040834901745,-0.9351791795132272,-0.3585453654782837,-0.3817062335070645,4.265417351751868,0.1987255107580371,0.0739430639158784,-0.8880813496057411,-0.4002728757245986
0.0407635614517021,-0.9389526082526228,-0.3432744650194954,0.0614027223134158,4.008820710506867,0.2964148710496112,0.0683571315745092,-0.89496216502216,-0.3952951754272947
0.0364083254944519,-0.9389759616333004,-0.3522868327826733,0.5609757301817365,3.810257989690472,0.2984416743230683,0.0646136793329052,-0.8942499102339825,-0.3946054439870484
0.0305560916556133,-0.9450242065032056,-0.356767850089668,0.8077208948844986,3.657808212081009,0.2803497910254788,0.0623370469544776,-0.892255484123623,-0.4000393044526318
0.03298015740873,-0.9449858797096712,-0.3518839975068154,0.9013265515865588,3.443842725444094,0.1991393274938557,0.0646026836540321,-0.8969376964969109,-0.4009725330900494
0.0424852700162953,-0.9464189354282008,-0.3548180947346218,1.1353693175896409,3.189699317891131,-0.0193562779890778,0.0682804408246416,-0.8962984834896149,-0.4034579348502677
0.0365189894825147,-0.9424733792039915,-0.3536744773267258,1.3368171757755896,2.9226751599365497,-0.1932819591101363,0.0662900533123678,-0.8913546822092902,-0.4086554954150861
0.0372655173980946,-0.9230169717382076,-0.3587320824552635,1.353551385149388,2.7115425995737867,-0.294782166235894,0.066905714059977,-0.8892804513836243,-0.4085372755333089
0.0360522287749458,-0.924240321796697,-0.3559536179805782,1.174291500092422,2.3885028948212503,-0.4200387280618406,0.0679144849822992,-0.887525236094652,-0.4085054731322376
0.0302280649030423,-0.9325528792518462,-0.3463207966098401,0.913513544672634,2.001057903695329,-0.6722829231076979,0.0662667467489384,-0.8865481804693529,-0.4033772344169237
0.035387887019169,-0.9344596314258437,-0.3502409338979077,0.8054669546207315,1.7525325697586474,-0.8528333642758156,0.06369962731999,-0.8880803155928921,-0.3982607141447986
0.0305393288360355,-0.9333574975123184,-0.358794132636669,0.854306900003545,1.631343825846445,-0.9155910524960956,0.0645843823334434,-0.8887707950903795,-0.4008886372480286
0.0314031121305804,-0.9296663262856488,-0.3592143035492762,0.9295890853845494,1.6427994619545243,-1.0709776834880975,0.0679050239116753,-0.8899646997339379,-0.405032848616324
0.0414001859358196,-0.9366237117857478,-0.3554006167694391,0.9241730925382208,1.4982195006326842,-1.1955772386692114,0.0686483980702206,-0.8887123396909891,-0.4048563179386741
0.0430253655293493,-0.9343513139766358,-0.3602445535057763,0.909934968637956,1.212209682837045,-1.276265241365515,0.0714965452963247,-0.8869327415875674,-0.3989912611996812
0.0461663739012477,-0.9335209723882346,-0.3612384722080133,0.8603822128205539,1.119375361808461,-1.4540093330185522,0.0717708421721319,-0.8892358633586762,-0.39919367024454
0.0412154585035142,-0.9351872877914298,-0.3571953121445445,0.7038090433098736,1.0466527261523713,-1.6104420060955822,0.070782773190328,-0.8875468917360676,-0.4014869455222077
0.0380304496146589,-0.929328044398128,-0.3556900998052992,0.7328314469867134,0.9031300022484612,-1.703364967062893,0.0710205583578132,-0.887070032149487,-0.3999416204943461
0.0475381093182563,-0.935786301484496,-0.3466258561899908,1.0207168146117154,0.7748284627062589,-1.7998809913984477,0.0703887903110216,-0.8885042713277604,-0.4014172361345169
0.0455987797225962,-0.9301792973933962,-0.3450085505731639,1.1665508128695847,0.6849201439278582,-1.7921618270715922,0.0730349359539178,-0.8871358948034531,-0.4009665657245077
0.03843411453324,-0.9234416909474804,-0.3564760791061667,0.9567533990196656,0.652734039008373,-1.7307063849720163,0.0710407496763877,-0.8863305172565354,-0.4028079164024629
0.0395043732349325,-0.9312428026710456,-0.3607565368819539,0.651350353258132,0.5250252234013218,-1.709195344812882,0.0701321087208234,-0.8849110886081718,-0.4040975676272724
0.0415646577315426,-0.9278002969591144,-0.3576657393503615,0.4685561850486315,0.2659013762767552,-1.6864116335638968,0.0724464525839686,-0.8871048850136241,-0.4001802396000032
0.0394049107510642,-0.931214853130688,-0.3566522758435294,0.3185113857669533,-0.0102745148555434,-1.749177246372693,0.0652692114158773,-0.8871088369159705,-0.4038223543889152
0.0312034058377351,-0.9369660511761642,-0.3553301413786643,0.0587351677366324,-0.2346815881048022,-1.8258288038910664,0.0618650196070451,-0.8861069518016105,-0.4054133937557042
0.0312399205336601,-0.9324922259073304,-0.352570912903287,-0.0672742672934213,-0.3104470234018697,-1.8778651115902647,0.0625310596127568,-0.8897851566534276,-0.4036106125336534
0.0335427467470744,-0.93462734590043,-0.3502952040372135,0.1576712090772144,-0.2606061130710876,-1.9095947036040577,0.0595318894168232,-0.8886586496094282,-0.4015416505611267
0.0314617009914575,-0.9378615991830508,-0.3499844859106717,0.3477713890833735,-0.2233814287223455,-1.886016574112965,0.0632380422625564,-0.8889679497412087,-0.3947373591244655
0.0376492379752646,-0.9299506569008592,-0.3545239316359666,0.2958904025681078,-0.3150829981062634,-1.827815581001724,0.0672561125108021,-0.8881583825305348,-0.3976282438575313
0.0342337709669682,-0.923022263257934,-0.3496045249816605,0.0459752052347239,-0.523373941955985,-1.7354404559846397,0.0666414204306781,-0.884172118189951,-0.3947534734272446
0.0366055618726378,-0.9375899241971342,-0.3409210755441418,-0.1950778303258275,-0.7168311599817668,-1.8091732737067383,0.0691458541966751,-0.8871748612079918,-0.3838430539684012
0.0438291568536002,-0.9444637482563096,-0.3454474055094172,-0.2527224629735198,-1.0094503698444393,-1.8565979263418364,0.0728967157747117,-0.8891838978912658,-0.3849292400964873
0.035255117213454,-0.93585644477614,-0.3478771023433049,-0.4453892622044303,-1.3985216048968907,-1.8421680313930668,0.0729731290020146,-0.893096363985322,-0.3893283576035048
0.042709828803145,-0.9402866553984306,-0.3520189558209374,-0.6515739462558156,-1.46908690899993,-1.913923395297632,0.0726812288738463,-0.8975342123508083,-0.3963473331881056
0.0441209531205896,-0.946690889843322,-0.3538750079972427,-0.562778483711694,-1.2994734685172806,-1.7913962436351205,0.074331514607601,-0.8944139688937749,-0.3985263870712768
0.0339019753727734,-0.9460138081003672,-0.3544700141866904,-0.3343502496754741,-1.215896646617887,-1.7118124661107634,0.0735033197996619,-0.8935233125254878,-0.398156504078468
0.0422843846976161,-0.9396614450641816,-0.3619512522051534,-0.0897131210068374,-1.021971923877023,-1.58866491679764,0.0733119717755554,-0.8917311036216844,-0.4036114170084442
0.0482739158619333,-0.9384800983413492,-0.3484270820306417,0.0630846728805546,-0.6921657840547261,-1.2815649514436172,0.0764615678874124,-0.8871360713756189,-0.3961792990087189
0.0455454620397439,-0.9310764842103412,-0.3337094312293571,0.1099148041081798,-0.4627109865036158,-1.1209603982405432,0.0784723705006334,-0.8871291505504533,-0.3829900737217832
0.0474428154634798,-0.9183903494108048,-0.3369490824782651,-0.0798605506491025,-0.2632433955696236,-0.8776977214271162,0.0826168931223677,-0.884507278148122,-0.3774780185282803
0.0606144024790034,-0.927931082638071,-0.337790469474954,-0.7714441607554615,0.3392576384660198,-0.6030614055358383,0.0891617657660767,-0.8792255295486862,-0.3747720674727787
0.0727138125482621,-0.9290601984918124,-0.3328510019066508,-1.722009583982356,1.5013149525445535,-0.3953824525899522,0.0949107244044134,-0.8813002312953506,-0.3747014280916112
0.0750244452615874,-0.9254783544165706,-0.3399565426772136,-2.7634885707960404,2.737650288995406,-0.1122799200457345,0.1002585919409567,-0.8879521547085761,-0.3790560104275904
0.0783723568759212,-0.9392590952203308,-0.3583947358415594,-3.856169122424271,3.844572570047316,0.2191434118438989,0.1018995226416907,-0.8926422127375994,-0.3933093862320579
0.0829322195849704,-0.948350243870462,-0.3611326190323434,-4.243970063259359,4.88198322942887,0.6230734359726691,0.1028095785225579,-0.8949693555072875,-0.4059666803728965
0.0807275223442995,-0.9479352459521232,-0.372531061071691,-3.584486931903073,5.881566682134207,0.9131941454354794,0.102129746554165,-0.8969529886141443,-0.4118107603963117
0.0709513697692646,-0.9388191335821744,-0.3815243047053185,-2.588625058271581,6.941198313086415,1.156686507975051,0.0958840517810292,-0.8965385412761406,-0.4204512913245203
0.0569444315845627,-0.936704939523745,-0.3658438404446844,-1.7334679496140937,7.924802648264239,1.3832395328949183,0.0895541023708193,-0.892791080900152,-0.4174116739095626
0.0448613865922957,-0.9378505337531916,-0.3617287697724204,-1.1474172246389251,8.89265808157662,1.494716146494322,0.0844105909600131,-0.8904144615351355,-0.4067523010591359
0.0495215622671788,-0.9346977726282056,-0.3524911265555192,-0.8887501128183527,9.773301903165148,1.65754889786829,0.0843321806630192,-0.8918050607703876,-0.4018866049386516
0.056651373831796,-0.9455392243636906,-0.3456290622735467,-0.6319400321861475,10.34587219060381,1.773417282368134,0.0873413151462775,-0.8954437855876527,-0.3934480054836141
0.0504730632759203,-0.9475961714619112,-0.3515406885331839,-0.1415254390747904,10.790392378250733,1.8454428103192784,0.0859834366091367,-0.8969703806055213,-0.3874502797030419
0.048965106627238,-0.938100951344082,-0.3409954254163926,0.4289868827310418,11.036319148718794,1.8367649806035653,0.0858066948786156,-0.8972655874936108,-0.3869842066499271
0.0543760012971986,-0.9372701013477612,-0.3428883635276648,0.7034104751257382,11.204942934467226,1.6862060568141044,0.0856367061784217,-0.8951730307863737,-0.3870923090656345
0.0517445138123757,-0.9323658307709284,-0.3472549616821952,0.4694846348613516,11.62970949699517,1.6576581227791043,0.0812441284151287,-0.8902729923338989,-0.3908140893494984
0.041472519500503,-0.9293763670099788,-0.3408174959432073,-0.017140469434302,12.049941350056924,1.58536819084054,0.0744642080101506,-0.8912961918690231,-0.3942051133366542
0.0341913536766936,-0.9376148043859394,-0.3526387384669595,-0.4559468215786758,12.218752222850016,1.3926139183126989,0.0668907144201993,-0.8936259874088199,-0.3965421573807931
0.0275782096271485,-0.9433237333118244,-0.3575409526228289,-0.6498360895556398,12.078289944264492,1.3175358178807748,0.065142285433705,-0.8924715322234673,-0.398519034587442
0.0286642847050531,-0.943591116883362,-0.3566465229517548,-0.6533291378677459,11.714026997092152,1.230534853585748,0.0638046598459802,-0.8964239340337128,-0.3968258115398371
0.0319056493048738,-0.936929621862405,-0.3533941801520633,-0.5085421822371948,11.25070594754807,1.1238559617058466,0.0583339588324657,-0.8979063548413407,-0.3974785352660988
0.0316644007542506,-0.9339739890359832,-0.3507406256081167,-0.2336967113113903,10.593860715723096,1.0476826654481852,0.0635800716825851,-0.8892067542438441,-0.3986875719316028
0.041070354160989,-0.9405927493535228,-0.3543773307455397,-0.0784438468769894,9.956716587174904,0.8282383928547117,0.0719074776358287,-0.8864003906432355,-0.3919563256438043
0.0397553967493167,-0.9305867290103194,-0.3370676349721024,0.2285565444224543,9.53040718976585,0.5845198805835479,0.0746966298000741,-0.8889120037357661,-0.3839222950030073
0.0456834748355846,-0.9234208366234252,-0.3366859042089517,0.6725295290677836,9.247676142959763,0.40301319647098,0.0817695891192116,-0.8867728999649268,-0.3777026856863272
0.0538820262581054,-0.93613386539489,-0.3410156869871875,0.7230624483405443,9.153730689608675,0.0610834250642823,0.0796078958777689,-0.8892367043120162,-0.3771705388565816
0.03842373278243,-0.9410189030859256,-0.3357685479329374,0.4202419332093542,9.195012220594997,-0.2623487121788789,0.0688355061622233,-0.8926216639063836,-0.380344953783758
0.0334439881494766,-0.9413526519517564,-0.342423764604536,-0.0293906018841359,9.329253433963167,-0.4160897646104728,0.062996292983111,-0.8948413068829193,-0.3783317282429086
0.0243283931281395,-0.9439026423999975,-0.3316910318734273,-0.2954585547402564,9.316707150363692,-0.5914850466374902,0.0557741717753274,-0.8990884828507635,-0.3809987544087385
0.0179497649380615,-0.9402341673704208,-0.3362235803724541,-0.3053078830905357,9.001622864370955,-0.648549550342209,0.0511687187337868,-0.8951632502091413,-0.3834342574202287
0.0267170466879384,-0.9358180686006896,-0.3428167442568663,-0.5082343884405186,8.573741400800333,-0.5603065409560001,0.0533312937483039,-0.8897132446492625,-0.3839555467446864
0.0339704627509273,-0.9335418507607652,-0.3399099820634684,-0.9794706517161464,7.921722754878783,-0.4371098340978949,0.0579715115473471,-0.887571307955818,-0.3900890956467777
0.0355557388173634,-0.9249773003823054,-0.3495227207172569,-1.5607109896950686,7.07243860347566,-0.2701179568246218,0.0649206799016135,-0.8851366376383016,-0.3895888435868948
0.0314521048431502,-0.9241714539689,-0.3426624167156493,-2.0597830561235675,6.116129651620941,-0.17215419311423,0.0730924684624096,-0.8868807885893243,-0.3837321848632945
0.0474557309394433,-0.9363282837180064,-0.3371048167128901,-2.330799757104155,5.043720834725066,-0.1773360998636864,0.0788254553127694,-0.8886470152732434,-0.3775781780931692
0.0445685088687355,-0.9422568320647318,-0.3282974670766657,-2.425661922021645,4.080091685663333,-0.3975673203625185,0.0768826634995931,-0.8915023734045368,-0.3733911628023599
0.0275333854820117,-0.9492712726967076,-0.3254281859377386,-2.3138561367330404,3.3084516549983114,-0.8541302145171837,0.0691574155436865,-0.9004985320250792,-0.3733203892871169
0.0298195190213956,-0.9553235694873786,-0.3372112841019244,-2.0517682941528874,2.8228255879766677,-1.318393513767392,0.0621736122745769,-0.906689755495352,-0.3752302260113282
0.0213968476248547,-0.9507598846334648,-0.3349683133434307,-1.4748389503259405,2.648768688299676,-1.6960877645549175,0.0560911757431536,-0.905785027904858,-0.3814132826781028
0.0231558907703226,-0.9455096461537972,-0.3395990439927216,-0.7330921756698145,2.6062000724517214,-1.9540216006910107,0.053657366721271,-0.9048828049354533,-0.3846739651966973
0.0297207495250931,-0.936759725724,-0.349153224429533,-0.6550283576911285,2.4921105456661845,-2.1227807235225438,0.0584120470931725,-0.898146303985804,-0.3865105721411267
0.0294472888115376,-0.934019827440554,-0.3485916926688206,-1.1147943976620156,2.084601953649506,-2.234051149493862,0.063589641786562,-0.8864271812747696,-0.3874689478662355
0.0372445852258738,-0.9384734228616256,-0.3381177139558065,-1.5938031443143168,1.369260008352449,-2.193005703778798,0.069189810287171,-0.8865171026490297,-0.3826456099095951
0.043545357944303,-0.9317474025471342,-0.3321198948428933,-2.0165165805597978,0.5315190766510747,-2.0942615773159954,0.0755057534065996,-0.8899368937371737,-0.3821502714009369
0.0491867305352138,-0.9367593498378356,-0.3375295726785653,-2.1099922129374185,-0.4159837627591634,-2.098892015088885,0.0748714284663169,-0.8912230249726899,-0.3800939037033347
0.0466870768835525,-0.9453611484061256,-0.3431020887184105,-1.8593458924590525,-1.526064507648146,-2.183978470005949,0.0777977110429913,-0.8956885944690214,-0.3793170032492601
0.0449307267358954,-0.941414463496977,-0.3518356374904804,-1.3439093550502514,-2.465502470756073,-2.395812520525771,0.085623798187279,-0.8950346696286338,-0.3872821989348408
0.0552493305268227,-0.9497293801889836,-0.3511644132826341,-0.7845108918774809,-3.0752350159650783,-2.6873113780825024,0.0858024402430929,-0.8965301096235962,-0.3907191337896362
0.0565703750217931,-0.945197022026522,-0.3479262111191595,-0.6783816327080974,-3.527017621829719,-2.929768048217969,0.0842684171914565,-0.8993424334677093,-0.3903311390865994
0.0554439190388826,-0.9377483985659092,-0.3461512489740891,-0.829309576903272,-3.805278498215039,-3.210230234443173,0.0833053783626546,-0.8957004876601581,-0.3862167684924759
0.061492781455554,-0.94658304136934,-0.3414091808756412,-0.713498342271203,-3.8121602369888503,-3.443884735165069,0.0842239603445691,-0.895543899961209,-0.3827219978750413
0.0592901716231012,-0.9430288912457055,-0.3409783109208038,-0.2175514661414153,-3.505472212042884,-3.4113176683823854,0.0900127508660305,-0.8971248465875958,-0.3805185060587236
0.0593410061158693,-0.9387068550823274,-0.3380749425544521,0.7070753833780042,-3.046535775176877,-3.1397437695280934,0.0909075584209102,-0.8941398581691382,-0.3756193329461481
0.0586506444275172,-0.935675598228747,-0.3411243712801067,1.6769123452609174,-2.605165224604124,-2.8487383796589945,0.0867256912404004,-0.887575811622535,-0.3806299737713643
0.0512611356735047,-0.93067418019434,-0.3434806804223239,1.8842852333124196,-2.2188927058354726,-2.745941161384285,0.0871192595600485,-0.8848472015569044,-0.3868318409532567
0.0536753486755735,-0.9294379726069664,-0.3433408428287833,1.352877935253619,-1.9275824761648888,-2.792268824381948,0.0903682715293405,-0.8861190597853774,-0.388022712194586
0.062170687308798,-0.9341354359892002,-0.352880343145431,0.5523786700863561,-1.6960690204435678,-2.993042040803518,0.0928298320912825,-0.887460833888654,-0.3884640687440688
0.0698688751051656,-0.9401735759512916,-0.3495213858368439,-0.1273772513938826,-1.435323509270639,-3.2088169935612005,0.0934238041766993,-0.8900064543689457,-0.382282993785076
0.0653552898902342,-0.941388586203542,-0.3331090656714649,-0.2089806953890437,-1.179660457420196,-3.134562484381568,0.0942116182796643,-0.8889375100176439,-0.3770721586439313
0.0630268907780981,-0.95119802873714,-0.3370680186776065,0.1182806319124259,-0.8238843576287506,-3.046183212335872,0.0989776282505895,-0.8937966538983658,-0.3796508355110173
0.0673026852792531,-0.9486449492658992,-0.3476579664295638,0.5454681665572881,-0.1787572819338951,-3.120365517004722,0.0962901793805897,-0.9023914406876832,-0.3864598097702754
0.0644670508406797,-0.9444639483688138,-0.3481118410227019,1.0983906804369856,0.4688110595075707,-3.158397343126336,0.0945156339487828,-0.902895548369574,-0.3936441196898408
0.0723705837490836,-0.951412383243412,-0.3554545749322353,1.6531676992518376,1.1598805374051415,-3.110661236150892,0.101112781340047,-0.9008223384573072,-0.3995307252574516
0.0736776762907002,-0.9360579653171298,-0.3609761809214054,1.956735303834522,2.0193165473282604,-2.82673778803881,0.1005826214284754,-0.8928599155683048,-0.4039530001854982
0.0732704944479159,-0.9290285679432192,-0.3631616045686094,1.7732491682469642,2.839185936056016,-2.349760318237014,0.1019344702082161,-0.8871486167340614,-0.4060088549869946
0.0749419285667156,-0.932260171032014,-0.3552998792035777,1.3984647372595485,3.848822757347681,-2.0486542741136646,0.0995433607267585,-0.88696361641094,-0.400784518176796
0.0608475066424034,-0.9289992006422628,-0.3422837913829433,1.1464223026318603,4.721819502155225,-1.9008999342392652,0.09551314659136,-0.8854226335011348,-0.3895015568856708
0.0622120982275338,-0.93423356056882,-0.3415537278034062,0.9660842918630942,5.254134113444722,-1.7084675648247214,0.1024606688762008,-0.891241663046917,-0.3841667769260528
0.0691809338978766,-0.935601656353416,-0.3405652609160373,0.8215910132821874,5.797425784332498,-1.8025373204370725,0.1000576348034625,-0.8965025270713294,-0.3848497311711471
0.0687219105352774,-0.9416152282273246,-0.3504327188714297,0.5444234517448544,6.185598354025205,-2.144613263142049,0.0982699217341417,-0.8955144769896195,-0.3837803700364248
0.0681447997659944,-0.937963150465708,-0.3479505166892951,0.2497223502602827,6.56318730352314,-2.124331918025072,0.1020664912858556,-0.8954447378322765,-0.3799914338316515
0.0666812770594989,-0.9342705695484086,-0.3335224358356989,0.1268849971037887,6.982863824434205,-1.8396963842489136,0.0987553654663768,-0.8932117800106943,-0.3791390172626699
0.0677429858342753,-0.9429332297105426,-0.3452411703433032,-0.0407737726398081,7.347884029957515,-1.7121718550064515,0.0999907431798185,-0.8882565291645481,-0.3797327186714827
0.0666342200653256,-0.9337608980419856,-0.3442430631835192,-0.2731979123548521,7.753141326637183,-1.6352826429531175,0.1005456711190841,-0.8860132339444801,-0.3780779023036035
0.0731356077467261,-0.9374843541621524,-0.3341523296770485,-0.4539930352071283,8.104886687602262,-1.5324006420922307,0.0984166246723531,-0.8874011779938973,-0.3812461893284739
0.0660051217610873,-0.9385808741821104,-0.340484454656883,-0.7101195718162754,8.392948119167787,-1.5836211804413802,0.0969266110759398,-0.8885797090123733,-0.3844003923227896
0.0579746279718642,-0.9277002550884434,-0.341270220773743,-1.0225266335081509,8.41514673297502,-1.6102654261878715,0.0914157973338859,-0.887571996928492,-0.3828721049862812
0.0694028083482504,-0.939794709297926,-0.3342394757475326,-1.3249994703491257,8.365503226651482,-1.6085310834566555,0.0921744208481408,-0.887148882835998,-0.3806969388623253
0.0626486526568168,-0.942945247614792,-0.3273758697803675,-1.6084794579979893,8.566293396093814,-1.6430206324596963,0.092277586438433,-0.8908224338627369,-0.3792331573806496
0.0587436160492338,-0.9406281318840872,-0.3279861149092611,-1.5621536453769536,8.782185543670591,-1.5432761349193953,0.0885217930386288,-0.8942159173747266,-0.376967690396759
0.0582243274357125,-0.941544059851903,-0.3288562887197895,-1.310002755225356,8.894234619369055,-1.6338107794612735,0.0915752861461571,-0.8955173508591237,-0.37437019843866
0.0534524389866221,-0.934603361341374,-0.334268683012508,-1.3145960285905691,8.906262331008442,-1.6963037081848584,0.0900263190903398,-0.8937354379130864,-0.3815613632647329
0.0635969568282917,-0.934960702149407,-0.3448380759888481,-1.7722719575432246,8.941110104875413,-1.5960696053641683,0.090751427729109,-0.8891619636362453,-0.388121286436145
0.0693506367440843,-0.9372465941850524,-0.3409901936962223,-2.6198827241278435,9.055505866737198,-1.619571537363373,0.1002647825168617,-0.8899762274312453,-0.3863082770788636
0.0742859633487206,-0.9340545204581668,-0.3339427134620341,-2.9515325424786614,9.208714465676458,-1.871325048501228,0.0999891382217464,-0.8892623084939966,-0.3827777496448595
0.0684323304103568,-0.9327033749137932,-0.3333527084143729,-2.504404523330418,9.266606046456124,-1.970055757301142,0.0968484885087086,-0.8868221120853312,-0.3795836052372673
0.0674421252365877,-0.9374932365288337,-0.3336797151510277,-2.05180158377903,9.292705235070946,-1.3887074498073333,0.1027827979253267,-0.8896222871008549,-0.3837161935041093
0.0800644179462057,-0.942133107840157,-0.3361449519846357,-1.7912503156824269,9.318592136040706,-2.0479216023475417,0.1086816341009139,-0.893767945715657,-0.3850919089993327
0.0790321615232845,-0.9514775100112638,-0.3445156753778223,-1.4985347600411705,9.080851066665806,-2.674423820884812,0.1114105386143042,-0.9009976120111752,-0.3895018789565399
0.0824971212097585,-0.9532347444224972,-0.3500918756947494,-0.7098843840144247,9.222767413113774,-1.451143700398167,0.1115245758566202,-0.904519379113618,-0.3974619843056249
0.0762777988411842,-0.9354745228232088,-0.3478784090288733,0.2012144257223363,9.524427177263911,-2.0547994635599625,0.1037978323928151,-0.8999300246761932,-0.3964736517467464
0.0699293037662322,-0.9318257138730246,-0.3479996786189429,0.6564925313990184,9.549973951028589,-2.6476127515575496,0.102206483466382,-0.8914098303669835,-0.3992196921547376
0.080810437791658,-0.9423715549708284,-0.3481238171191038,1.0289221401870885,10.440474480323209,-1.0148491337632926,0.1111331835440965,-0.8905215825027749,-0.3984370931320956
0.0806759964914889,-0.940008000007804,-0.3495765657169014,1.1524487442869848,11.413036653452725,-1.0596335342959031,0.1080046933909656,-0.8949408435112095,-0.3930891628599834
0.0830257976074723,-0.9340884376825054,-0.3525385077821988,0.9388327651466402,11.305913822714324,-1.835292214544916,0.1087531537232045,-0.8898438009195082,-0.3873823427410069
0.086654774237578,-0.9362659624218606,-0.3462988113986069,0.7695063349903536,11.186716348717088,-1.0090190543037842,0.1124490542133902,-0.8883239714558937,-0.3803482611363302
0.0697483357709149,-0.9278126086764968,-0.3305193341101453,0.4877546639452363,10.99871355086337,-0.9205862130988473,0.0975570600721641,-0.8842459873779168,-0.3751792966092476
0.065132126370825,-0.9197841736375733,-0.3236853226694316,-0.1622245326440115,10.01119367913517,-1.686742023962786,0.0999367154856967,-0.8829668476942376,-0.3714729940272272
0.0847113349909718,-0.9373340216976374,-0.330331805754939,-0.838066282027118,9.526044879645204,-1.3196746300461717,0.1124526683672109,-0.8954480725016811,-0.3741631927575979
0.0676541462978264,-0.9430536594581076,-0.3295755572534561,-1.019164059111762,9.988107290556067,-1.7348185218583754,0.1011224576979885,-0.8948157219414158,-0.3727326374934184
0.0486437224358656,-0.9340425088568298,-0.3361441490636698,-0.6481000366304114,10.083763391043725,-2.658471146195685,0.0940361276563915,-0.892470394880294,-0.3749312634018135
