ADXL_X,ADXL_Y,ADXL_Z,ITG_X,ITG_Y,ITG_Z,MMA_X,MMA_Y,MMA_Z
-0.0965909711456289,-1.3316364971942591,-0.1880938600765129,8.839041330051385,5.635132738562994,5.358719746564043,-0.0482209096584025,-1.2988463289504804,-0.2344009985152712
0.0053029595579044,-1.4181151474326708,-0.3417319509076453,4.2467717101433,4.402948909530106,6.576272366972507,0.0517237032636932,-1.3729549757636617,-0.4048495783694359
-0.0529356827186051,-1.3937203848009068,-0.4806426184767277,6.26832690425917,2.388985909386234,11.81932056911164,-0.0156585213410739,-1.3474284016788154,-0.5394821027961413
-0.0975122419357075,-1.2516886831786995,-0.6194611749504453,8.562803508715737,5.478509313366714,17.68494445196552,-0.0695344701488659,-1.2325863977990323,-0.6698403701299811
-0.0403198526115955,-1.0875813997398551,-0.7442869303927135,5.455964697605285,9.95088200588091,18.60818339349528,-0.0178590173995871,-1.0680448990456133,-0.7905404344332837
-0.0409546616125061,-0.9386908020473016,-0.8126559940988474,-0.0413468566609229,8.85603082166193,18.067462287255665,-0.0073533278309154,-0.9014303040160696,-0.8728662756485369
-0.0430539661149959,-0.8007764121966696,-0.8300386676211279,-4.112805858755671,0.2380136684936973,21.04585793401086,-0.006040069814037,-0.761064231245262,-0.900262714919364
-0.0106785201159528,-0.7027525553439391,-0.7799011564246114,-4.37737999770247,-7.496916045161376,25.720929535899643,0.0142332925981962,-0.6654784852582583,-0.8450769762676733
0.0211582432514278,-0.6417599291629644,-0.7072724410461284,-3.956258777914453,-10.875443762434776,29.614200645973508,0.0407382683915755,-0.6173600389054841,-0.7657946600862301
0.1217166149258591,-0.6509200132033731,-0.6233884559544878,-9.49210957634215,-12.60632525218086,30.72008184377119,0.144869100532337,-0.6228814564152566,-0.6755327465622752
0.2308965636352241,-0.7545653978716275,-0.4979412143321197,-18.86651302701553,-11.85254184498704,27.52601669296151,0.2463617919678337,-0.7145804331503323,-0.5509081100618396
0.2515678292949957,-0.9155259582086916,-0.3883602242587916,-25.831599447715952,-9.343631502286854,22.313787518460888,0.2694865309695798,-0.8825542974231808,-0.4416880725130364
0.2252767278360158,-1.092393078559553,-0.3275660461669846,-26.624401465934422,-6.807690949715715,18.09423311991748,0.2554447016018892,-1.043687629423061,-0.3749774688889624
0.1558534956759156,-1.2018151385412046,-0.3224349436995425,-21.9120411484683,-4.5774574099893135,15.742092481511364,0.1889065945536046,-1.1401879601588645,-0.3741400999710876
0.0275902762211244,-1.2262899771559586,-0.3623929646286917,-16.440603075432595,-3.1196945528188014,13.664469053417704,0.0693713140997084,-1.174711053292013,-0.4187041664761333
-0.0576107386521491,-1.2367593893171491,-0.3909147567917369,-12.2774662811613,-1.324092740000731,10.612864327744294,-0.02291968833167,-1.1815122253485866,-0.4434318859576199
-0.0916372073307911,-1.2209917071504992,-0.375719066996987,-8.60478073980958,3.167451548054948,6.926287837105828,-0.0635641906370845,-1.1632504118324385,-0.4298875226824221
-0.1300811977479271,-1.151472304746218,-0.3394716373272765,-3.293026328208822,8.414301208964632,3.1247886391539152,-0.0966779638642131,-1.0988863559469528,-0.3889597760696233
-0.1452389480386203,-1.05359055332487,-0.2946636293791845,4.143386963677928,10.420078259463404,0.2268317754105511,-0.1205994861926226,-1.0088514542647289,-0.3366299507448378
-0.1615994164913985,-0.9385993188668093,-0.2289707523270349,11.273437792483278,9.176957550113274,-2.0137009935119994,-0.1310483390352074,-0.8970992865242013,-0.2776676662965719
-0.1673427161843876,-0.817516756303546,-0.176127144423185,17.02624466821638,6.356856762840097,-3.956792129576305,-0.1333374250177188,-0.783681624098093,-0.2280871967815528
-0.1379897555655913,-0.7196727804550678,-0.1518214929388044,21.00258428791852,3.551399244271338,-5.763266951917468,-0.114918501192353,-0.6941419262368198,-0.2002881131170821
-0.1157199645557009,-0.6353434825909348,-0.1464254768889488,23.223335258674307,0.7349845681436608,-8.250600355432901,-0.092693995829105,-0.6051319063561131,-0.1933847276209692
-0.1004486108182543,-0.5436103757685499,-0.1693480225188266,23.547373466236003,-3.474927163445203,-10.997614116691755,-0.077190786947135,-0.5216086913454216,-0.206537928937046
-0.0855499882055063,-0.4569829438467404,-0.198713948789499,20.08394842914755,-8.96933954117134,-13.403774988944283,-0.0643760615113939,-0.4436828888585222,-0.2278088612464313
-0.0647798536789777,-0.3826722173786346,-0.2160889909435956,11.62268028173638,-14.32945707251184,-14.960003016903372,-0.0505972102168058,-0.3727529764895247,-0.2538306161812896
-0.0461625951349115,-0.3558894249170703,-0.2255719650775279,-1.5606626614478118,-18.12329078802315,-15.668902334334131,-0.0340176190578128,-0.3431747903196015,-0.2668494770821232
-0.029185110179589,-0.3861735958560994,-0.2228423974649969,-17.27342435565133,-20.467326474403443,-15.714431083080516,-0.0167737334491049,-0.3732215088365754,-0.2588410049676725
-0.002088619530433,-0.4730437524760056,-0.1914705760855415,-30.903072882077865,-21.607541150911583,-14.307933400298149,0.0139607008760362,-0.4624216325146054,-0.2371896504761689
0.0191614533569473,-0.6158888586970759,-0.1566621018830596,-37.79076082740871,-21.206045879022422,-11.569974757231147,0.0428155047646381,-0.5833161405311249,-0.2058652266475264
0.0368454721520818,-0.7391969301245005,-0.147147294099025,-36.91235182903713,-19.366851705732945,-7.861177251992854,0.0530512292817044,-0.7061377692190987,-0.187568481470315
0.0282347111600418,-0.8407743739645859,-0.1382916078507825,-31.82366512864609,-16.605122740345127,-3.2519023655878274,0.054527088480806,-0.8048160697089681,-0.1829430909207722
0.00972991301841,-0.9296547826320044,-0.1439701240617494,-27.280493051711623,-14.23629283662723,1.4206521659844815,0.0431043322197709,-0.8790230594481283,-0.1880137573440891
-0.003320690676097,-1.0018370616548449,-0.1626000476357814,-26.133669816454937,-12.955392168587297,5.316690281625578,0.0206681706176687,-0.9693794258866376,-0.2020716938307438
-0.0376115860523819,-1.10737523776094,-0.1713677737457137,-27.899334209938605,-12.666153869827465,8.131782946391775,-0.003070260234635,-1.0725980487598523,-0.2134953906541465
-0.0553973940612238,-1.221624260608639,-0.1758881397609215,-28.7570269372904,-13.451668305157254,9.749770538965826,-0.0212248170715391,-1.1668306832416624,-0.2173611993464555
-0.06055141694299,-1.3200004777500287,-0.1835507325758916,-23.735007280226515,-15.486928848117056,9.852213992220952,-0.0255033879942773,-1.2571911508847151,-0.2208181202144192
-0.0427380047492188,-1.3738458759887524,-0.2280135866995719,-11.489282848595098,-16.527937125607004,8.429605258670492,-0.0118607427072658,-1.3136625754934603,-0.2601310497279075
-0.0066141284726263,-1.3526683310970504,-0.2782884737160397,3.329952130962571,-12.016696710517888,4.974915804766793,0.0065297900739461,-1.2941342874991524,-0.3144346792238477
0.0177894594591545,-1.2746005294090978,-0.2689890940149541,16.217272680262024,-3.652116920322442,-0.519048376766755,0.0488112401424782,-1.214960098207842,-0.3108094982537349
0.1146707357065525,-1.1618103342776325,-0.2114368196354322,25.929164819937927,1.5735047245725902,-5.504629509357828,0.1548303481744659,-1.1119854324263971,-0.2565278507378535
0.1920865749537421,-1.0614157308100651,-0.1433436625712908,31.871039813901007,1.4167372229598445,-7.26972678772659,0.225484014657496,-1.0192370270230635,-0.1913522901221037
0.1110106187144732,-0.998224181726558,-0.0952400255247148,33.265391297284964,-2.7263526145191173,-3.934149950496313,0.154104177725538,-0.97771722852716,-0.1426593129491823
-0.0288534252599212,-1.0162755511049355,-0.1302848584161924,27.193853023481665,-9.200587467589692,2.257641237676164,0.0172831927903543,-1.0017636667633651,-0.1816750940775727
-0.1729379311086492,-1.1153188851598803,-0.2823318718977379,14.274033608137664,-13.502359083182323,6.306799549964929,-0.1247706303996309,-1.0870725260326377,-0.3288572160540486
-0.2682103262653352,-1.2338463321263329,-0.4673607827436592,1.976205288483644,-13.04795364816098,7.847684254996812,-0.2331646133474157,-1.2045484409712215,-0.5028161048495494
-0.1996976881292707,-1.3445259664759572,-0.5989649047163634,-5.560047991821657,-9.136908832054475,4.798272365552314,-0.1895610612231136,-1.2984599613245087,-0.6449943444564932
-0.0535752900102786,-1.3641589218207568,-0.6898763881221505,-8.757048414741723,-0.2608466171289326,-4.476479531667276,-0.0455176230483634,-1.3089989840200082,-0.7472530177505614
0.0418879574613935,-1.2928004607819794,-0.7737704744839994,-6.456032648504031,11.466948152420004,-14.054649833118882,0.0539260602950345,-1.2362436051164671,-0.8253440784306239
0.0940312049952714,-1.1972633362303562,-0.7881097084497983,2.5374325515716607,21.11245105465426,-22.08856880918096,0.1109037081402582,-1.1341950347608147,-0.8516306430372483
0.1010956898285255,-1.042126837433638,-0.7133024844597404,15.0722942672835,28.489084025049408,-30.771509630270728,0.124474633026795,-0.9797254399590862,-0.7799602448656872
0.0547323503016242,-0.8228610453163119,-0.6415142825160653,26.883998820593607,32.73110192869427,-37.67827110929967,0.0694114274082522,-0.7635314172188254,-0.6948591204053208
-0.0699286908532164,-0.6104638366069052,-0.609036430967167,32.05725698107526,35.32325156281579,-39.0247531176842,-0.056157275105136,-0.5870160837565254,-0.6716250014141285
-0.2373521393612127,-0.5132836930539312,-0.6093693874358546,22.32159787696674,36.51077400327067,-34.9976980637952,-0.2130583411321636,-0.5195615654725898,-0.6645241556359551
-0.3306274347800848,-0.5956200013533709,-0.569712695210781,2.5591680522353037,32.82011823652715,-29.28498239209569,-0.3040139891754174,-0.5821123731783291,-0.6237329213192038
-0.3687132807319307,-0.7895935863103865,-0.4817459842649857,-14.432500811187184,26.700561535675572,-23.80813274041955,-0.3330850164293725,-0.757728460132129,-0.5460002502005977
-0.3724257300018505,-0.9686504862090431,-0.4438729715437652,-24.15097778898312,19.557323496600763,-18.351421279414183,-0.3276509214772017,-0.9356879858801788,-0.4897950294255802
-0.3135032394355613,-1.08433440371432,-0.431847571936374,-26.78701079201577,10.8342129843353,-12.612777152620762,-0.2730574203148811,-1.0464203678353932,-0.4849131307145966
-0.2266838370517818,-1.15585961251973,-0.4223150671609198,-24.868875816671096,2.223888305459902,-7.410650527125916,-0.1882387634219717,-1.107339115395258,-0.4874092158580377
-0.1206757836329087,-1.189001277865382,-0.4254591383671706,-19.779437992819524,-5.712463270795646,-3.746096589295467,-0.0871632930408087,-1.135254512973195,-0.4810030666610107
-0.0477177171886958,-1.1995593723883349,-0.405089597624556,-12.119148208041423,-11.205269190058186,-1.0544857987156493,-0.0223230463690658,-1.1472414720549655,-0.4631948817400917
-0.0193695241133234,-1.1902471121796483,-0.3664093027115723,-3.205202245583988,-13.100429898977549,0.0883494759287305,0.0114026729579854,-1.1349032042407452,-0.4172944291476212
0.0364379004316923,-1.1459515910727711,-0.3039412119924055,7.975544114550811,-9.9748775057804,-0.71899845033851,0.063863578271959,-1.095405078835744,-0.3499731339345298
0.0837205440810165,-1.0771283772236506,-0.2216110524090468,21.12963599400855,-0.9627798436509,-1.5462784889000878,0.0997718197401565,-1.0287031434154386,-0.2773468200321488
0.0938250455130623,-0.9850590174912276,-0.1710596723849919,33.9620531448731,9.658756781388808,-0.4888423738662374,0.1151815151290751,-0.9301645093973624,-0.2211581749256683
0.098125471657935,-0.8552343251994496,-0.1512166073207585,43.25715521215668,18.15177368062932,2.251475642454672,0.1226637553818825,-0.8246646286276749,-0.1922311959500843
0.0927463517068421,-0.7188003390292249,-0.1447491565430886,47.422183618252895,24.05863954909255,5.767724511793292,0.1149191085761194,-0.7013542439428387,-0.1819219893024232
0.0806395869523292,-0.6031077770504549,-0.1577730504694261,46.7450289912606,28.451609713376623,9.931178907669466,0.0997155571780301,-0.5749496617536095,-0.194138741920238
0.0542952331969463,-0.4968695240279631,-0.1809452084990561,40.41957933228377,32.80877959847098,13.061326198855255,0.0695314870602928,-0.4841019469510193,-0.217533787457802
0.0152815346570448,-0.4249902598360608,-0.2001181789122281,29.171029632773177,36.90164223447995,14.089391806870571,0.0306097655500222,-0.4196534313048904,-0.2343505889166099
-0.0238757902955186,-0.3984325448716104,-0.1939517535584871,14.971980434380802,39.60469915342804,13.889426216911474,-0.0085419934959678,-0.3926735260020294,-0.2413471381050431
-0.0708754291035049,-0.4056505156081099,-0.1751575739868319,0.4744634428084164,40.25446328127651,12.706215902066132,-0.0497697704583608,-0.4000002702112157,-0.226645063891453
-0.0963326174809233,-0.4436714848440637,-0.1627313957718874,-11.134271319019415,38.80285992024562,10.694616146634004,-0.0799722990195806,-0.4283531067207054,-0.2014177754259126
-0.1235722971347624,-0.5024126817865681,-0.1250290028981635,-17.625879804972975,36.03531580346476,7.876159349115287,-0.1050698761996193,-0.4871967331992056,-0.1686428903667378
-0.1706238208864537,-0.5844208549388903,-0.0779668658625451,-18.300221406907053,32.51389028482029,4.713932915913288,-0.1370631320787687,-0.5628860449486613,-0.1241563432284468
-0.1932329065074687,-0.6714324288874718,-0.0570436633640552,-15.331092326171593,29.03481655610541,1.7566401561063247,-0.1656172326186296,-0.6436577711283724,-0.0953012081273
-0.2203461586445008,-0.7550932406838164,-0.0502999403990578,-11.088584105282472,27.483624834029182,-0.7292319674321907,-0.1881529973801576,-0.7257086479230054,-0.0836288236339321
-0.2289750296975945,-0.8487349194097925,-0.0615630854171837,-7.72715993193851,27.69771790241575,-2.303989147003158,-0.1887975322430075,-0.8132152397182879,-0.0888710744991481
-0.2224176343798529,-0.9469705814457494,-0.0811701961006885,-7.665951239320671,27.69160285217848,-3.101004407892164,-0.1819864247829404,-0.9151269844517858,-0.1115222631335246
-0.2444735834611342,-1.0526716667505678,-0.086982793112313,-10.363642525414194,25.12500340177211,-2.3935773386123507,-0.1987154113099815,-1.0194377824260497,-0.1307275240809939
-0.2564842591535402,-1.1569920436761858,-0.1010898830905964,-12.67297282846259,19.143513773287264,0.3647688066907088,-0.2168182843037546,-1.1214508236431129,-0.1497798951422683
-0.258557566094852,-1.2519352546246487,-0.1400786868730364,-11.716867226573594,12.875244824613372,4.438421856445623,-0.2173058807792646,-1.2127826610579622,-0.1847325932694262
-0.1995332975757969,-1.3115454896376122,-0.1886666617326997,-6.353260892683066,9.174258153572971,7.695920021099115,-0.1613597592830508,-1.256942778511135,-0.2345994894465032
-0.1318848419161836,-1.2825506894336345,-0.2280252658670699,3.604734901837587,8.798721593175431,7.799365312758743,-0.0992270218834857,-1.2233546587885795,-0.2714696259833153
-0.186213116592056,-1.1887319898009991,-0.2101612155706566,16.407079571788845,8.525146967936841,6.345370685270579,-0.1504837535392371,-1.131610671151881,-0.252598517236168
-0.3031055619484849,-1.0900467543326546,-0.1347750360171855,26.85045751464797,4.489796239227826,6.550980396039553,-0.2704088751562329,-1.0561838098306509,-0.1802355113217095
-0.348029021980302,-1.0473238948664385,-0.0765170487210102,28.550942750378493,-1.0277614154221304,8.44003632468689,-0.3118548933229434,-1.0333237270957278,-0.1193866438910023
-0.2668639748177831,-1.0942677588342389,-0.0400013711016402,21.078494803766297,-2.3271182374813058,8.730840655991575,-0.2419755982477555,-1.0611507421324091,-0.0828650060952065
-0.2199796509878624,-1.192069042174443,-0.0719153771119239,9.309728907984992,4.176251655124699,7.146821640908294,-0.1949281887642577,-1.1596692102305717,-0.1079831136700686
-0.2037123461302303,-1.305918730667757,-0.2342436670688389,-3.507985348842851,8.74492720546835,5.940079837765184,-0.1593274176444337,-1.273520092310485,-0.2691151468928833
-0.1369217049586532,-1.3711330690367505,-0.4332047555173832,-10.565654264288238,4.513909577346635,5.307117779694516,-0.0967488776892471,-1.3188659718654183,-0.4808612585114611
-0.1413445855111297,-1.3522375191187332,-0.6125878210354185,-8.4407852117266,2.7123734878605377,8.581505831045659,-0.1064599841063918,-1.301658753478372,-0.6694816419339307
-0.1064852056245802,-1.2778934153383026,-0.7497025662943027,-1.8432188390060844,6.889664066932833,14.113719994169234,-0.0849034471655608,-1.2288290342454382,-0.8110620987223587
-0.0122998304946936,-1.134145193147569,-0.820828704225004,7.025210551017439,10.839332238782715,15.409217090336918,0.0081470639028499,-1.0834716874614037,-0.8831257852219759
0.0403322609289716,-0.9627624640788068,-0.836792191010275,13.11302061222545,8.739704366428777,16.090107225744095,0.0778190913668289,-0.9078793025664732,-0.9023404425007638
0.0997015311062283,-0.823599934384269,-0.7841174853041761,13.930861279328544,-0.513575521431323,20.204571248860297,0.1321271092866585,-0.7759775267404432,-0.8479383480338112
0.1385048670510174,-0.7246746639761791,-0.7203208469063254,10.587690841663646,-8.609816729070278,24.819917874314665,0.1679325421746978,-0.6995560646151933,-0.7813783699835681
0.2018332622587222,-0.7056387539598641,-0.6332273102483403,-1.153646371469928,-12.519188347066711,25.72556335650461,0.2243721233268164,-0.6837341422903843,-0.7008013979311906
0.2568831138078965,-0.789942240075266,-0.4911619307553407,-17.860582190645008,-13.86548689306744,21.62561179759476,0.2732372082350993,-0.75779688393436,-0.5593626456573941
0.2178180182443432,-0.953044050402888,-0.384776820933117,-30.943170171541936,-12.612237973586646,17.434275843768997,0.2443465159070146,-0.90198067643463,-0.442358668698179
0.1473110463436306,-1.119901192816553,-0.3291103131436446,-37.15073183902111,-10.009934795752775,16.440712185273448,0.1793851817701978,-1.0655264360772323,-0.3721394243754706
0.0526720409309159,-1.222276495470085,-0.3105133861293598,-36.20825553852121,-5.725702084255056,16.798262437428107,0.0854726858446103,-1.1771642747700433,-0.3562427317165635
-0.0507136096910393,-1.2584134936997349,-0.329729784217581,-30.375590174052448,-1.064841525373921,16.613938394297033,-0.0236465830381284,-1.2078835117659936,-0.3891669017875256
-0.1302875485044141,-1.2536597100164704,-0.3467218932981162,-22.729556053097387,2.4732983579455743,14.434127608249588,-0.0973216525159569,-1.2028409102095698,-0.4040308885811257
-0.1768497685117803,-1.22916630797677,-0.3338255724880683,-14.774827727998892,5.470457147624197,10.159818776094692,-0.1356023649892821,-1.1744554702979937,-0.3833465991601292
-0.1810888532497291,-1.1561332735468937,-0.2913158044819862,-5.7721764521043575,7.037710870146478,5.300717503375171,-0.1477416047615968,-1.1009683133554276,-0.3390962772455906
-0.1801031145306566,-1.0404506337061197,-0.2439130216425247,3.56593971408744,6.566648529749278,0.5629600269420905,-0.142991032662221,-0.9951714027714872,-0.2869878762401638
-0.1745606853955465,-0.9268489065573854,-0.1985001452755636,11.61592476686876,4.307396876222224,-3.569256344450916,-0.1326972801885311,-0.8831659666838243,-0.2339916434240117
-0.1480204750044632,-0.8102663404488538,-0.1499251324708036,17.931005268044288,1.7649709871080734,-6.545379413848663,-0.1160981668279955,-0.7769427825204984,-0.1975432104632192
-0.1198809172497784,-0.7013831355482836,-0.1253236501533738,21.524345739663566,0.2572685272860446,-9.766995928886486,-0.0986600013970789,-0.6830435422524455,-0.1815518445468238
-0.0992083143611385,-0.5947574780963666,-0.1317555262042837,22.559903651621195,-0.8567094919234889,-13.684163820160318,-0.0815433377584942,-0.5862314880163841,-0.1724912666882808
-0.081962379924823,-0.4882683445965681,-0.147389731380116,20.730235967123534,-2.2084004015148917,-17.058334045211833,-0.0633123339273488,-0.4792032940207597,-0.1834871674906779
-0.0705863930236665,-0.398149626720052,-0.1749301419390945,15.343191349005004,-4.548742015150138,-19.667489354855807,-0.0505445950356859,-0.3806209083780104,-0.208397356694718
-0.0591588807549598,-0.3121869328249694,-0.1969314035205531,5.572503208747633,-7.798095770208288,-21.116498092530687,-0.0378237397495093,-0.3064742610858388,-0.231392992771672
-0.0445448030619177,-0.2723920412625283,-0.2015615564613584,-8.704843369467248,-11.91824371068777,-21.382470453903,-0.0233555101948756,-0.2769868278396544,-0.2453999246169856
-0.0362394643308834,-0.304520149679913,-0.1954866500586625,-23.36662048344016,-16.74787441545845,-20.49970917482008,-0.0107855902175388,-0.2920552066811047,-0.237668496851766
-0.0252717375543485,-0.3809296486911345,-0.1655693956202401,-35.95021199360505,-20.84445560883233,-18.118290443954272,0.0002460181873996,-0.3608689998891939,-0.2054023338567046
-0.0160904746221526,-0.5046980835861475,-0.1292366131183076,-45.09991561464943,-24.458855363597067,-14.40807556182747,0.0032778999938134,-0.4962445065710532,-0.1605862003623666
-0.0098061383482583,-0.6644881733552754,-0.1016149058623659,-47.95463105007633,-27.316324359308656,-8.86968726081135,0.0146869474951737,-0.6433276519248827,-0.1369717277564241
0.0044223878860771,-0.8241811476588924,-0.1172582160165302,-46.62022240081246,-28.34470440140411,-1.829319337345132,0.0364698798376581,-0.7785412270853649,-0.1558122151364993
0.009762307779792,-0.9774193935941604,-0.1582695899975683,-44.91657845577542,-28.583686131411504,5.189241373084051,0.0462279687166391,-0.926358759681106,-0.1913872631187991
0.0075672657403239,-1.137206249964903,-0.1661187290207063,-43.323556092767234,-28.627632505772574,11.13104295798328,0.0455935824358696,-1.0802686800331502,-0.2137905921549396
0.0002089103902911,-1.2935257726709095,-0.1708923323925565,-40.554643878232,-27.45273466889822,14.71402576794712,0.0321652185305323,-1.2344759774550509,-0.2173280890777266
-0.0212484258881339,-1.4271946034118643,-0.1512122262460543,-33.81568620231901,-25.0338275662072,14.64572766991623,0.0172168528845477,-1.3683143505201796,-0.2024028649270803
-0.0437121385123736,-1.5252446314636647,-0.1284310575247611,-20.84401716080172,-23.1953637458299,10.937032475398668,2.869655086389008e-05,-1.4567965613625615,-0.1842646591054165
-0.0425896179738399,-1.559739180874656,-0.1630736192070593,-3.3614215932918667,-21.18995167963184,5.14759025983836,-0.0132854743167383,-1.4857673397827171,-0.2041178375965261
-0.0193516457943358,-1.487841986856805,-0.208827857180127,13.495121386792356,-15.127694543707566,-1.2878319328392878,0.0074413300357817,-1.4253426340257742,-0.2556613043262187
0.0276842510874492,-1.3237512995247582,-0.2232392456749282,26.348110143583455,-5.238235615504186,-7.5688205430239135,0.0597792405811738,-1.2767338695081138,-0.268554628166781
0.1707437658905589,-1.1468866813089762,-0.1877930184568272,36.07055105787468,2.9125170978967234,-11.856251999044238,0.1962908419752746,-1.0903473917537134,-0.2293823554803904
0.2992753962603479,-0.9800712855161384,-0.132503652827251,41.75051832177841,7.856140199143704,-12.305348439224463,0.323990606913352,-0.932818254535928,-0.1822740129222951
0.2257715963985707,-0.8577346030884871,-0.1141952268678771,40.34582318067216,10.586222273021706,-8.212330280296813,0.2643237466732858,-0.8448316172492114,-0.1637675844092604
0.0806593273728809,-0.8598887178284853,-0.1972198822053306,29.74301657841848,7.458475133457825,-1.6923914117286192,0.1270186209692771,-0.8426331199466844,-0.2278805410178853
-0.0465229180214128,-0.9585551836646232,-0.3736687775102722,9.856698331433895,2.24824880159944,2.975344335959319,-0.0081966411159146,-0.9286163041983518,-0.3886148694774141
-0.166925569459614,-1.0960236597314434,-0.5299919711468455,-9.042854145798096,1.4461305343055737,4.867479474274589,-0.1268046841793269,-1.065996564376121,-0.5716675263589124
-0.1785132203809969,-1.2259564554584936,-0.6668482213020056,-17.19787361846131,2.010326353065729,2.3039796534874397,-0.1402506134572447,-1.1872671260981291,-0.7303754349304963
-0.1279264850021735,-1.2711020110910107,-0.7971211922680271,-16.561915326700937,4.495879768085279,-6.089848490734489,-0.1065667443199506,-1.2193453633498867,-0.8629712197417021
-0.0805652212952176,-1.2363491258271109,-0.8498957760679595,-7.677897550290197,10.98093385187932,-15.213061544240183,-0.0582590896488422,-1.1694777503258007,-0.9266592438430526
-0.022922995366899,-1.1471676665525254,-0.8355504576977186,7.093243245178678,18.961654662409227,-24.105947165988184,-0.0039572105937182,-1.0833940907580577,-0.9074581362867804
-0.0225799623394745,-0.9715559507990792,-0.776058010571596,19.7972710034891,26.724604455900803,-33.61326710339727,-0.0126339014264986,-0.9207976012098956,-0.8348356340286294
-0.1146870973788149,-0.7495393781198796,-0.6924243838618986,24.17866283654636,33.29159129560942,-38.54732956155319,-0.0965530415299628,-0.715479919509488,-0.7474308262143876
-0.230510444917663,-0.6156440647755483,-0.6343112217083087,15.426058930520856,38.94652589017143,-37.0683392877728,-0.2103491849283376,-0.6053255946325318,-0.6940214728346521
-0.3044499700349274,-0.6494987522962397,-0.5625210556944122,-2.875321879531914,42.19627504283494,-31.796298027939557,-0.2797174252055798,-0.6357946348931929,-0.6299070193558458
-0.3692741992971198,-0.8175468041018039,-0.4658122225274554,-19.18232574381066,41.46033715197692,-25.425587140911865,-0.3308469933141871,-0.7861221096195192,-0.5287223104622398
-0.4063222638870593,-1.0164537723266127,-0.4266968641029031,-28.265147290268445,36.22974181108826,-19.85652603456018,-0.3655692112517422,-0.9788611199269482,-0.478656791294984
-0.3519436398613075,-1.153541557409944,-0.4265334576170591,-32.41158079678252,26.0863534721518,-15.672772900952182,-0.3101444255246359,-1.1091413392948166,-0.4778016791219558
-0.2584643929291089,-1.2418528932188604,-0.4125155362592012,-32.0371950331492,12.575187424413446,-11.66769785353084,-0.2029450333021352,-1.1885586384404123,-0.4693848932744681
-0.1512252419849097,-1.2836559767058824,-0.4142929046380905,-25.87227812471332,-2.754239259938346,-6.462603624687936,-0.0926719143181047,-1.2325279157769102,-0.4690115866247286
-0.0470659719011645,-1.264064276306808,-0.4191964642206218,-14.65858913543957,-13.643577976014324,-2.4360329278471937,-0.0062525696468031,-1.2105200655459132,-0.470895296813833
-0.0035148655074455,-1.214337409668879,-0.3874250903831575,-0.519251673562791,-15.236376174745898,-1.987396485415712,0.0266415787336405,-1.1502345434480714,-0.4445149771490984
0.0255924643613048,-1.111549832018802,-0.3284426830879023,12.569698754755809,-10.928725609870607,-3.823480033456762,0.0451504546105688,-1.056495172942236,-0.3866381128279762
0.0672473534673811,-0.9756308891037327,-0.2606347851941955,21.93439144546832,-2.6669588607619734,-5.09405950201306,0.0800718539376821,-0.9297877920118264,-0.3119069001436494
0.0826645622383575,-0.848443968680825,-0.207265197252126,27.80488545478297,7.351908472070105,-4.065919369336042,0.1090412213862784,-0.8131702414308699,-0.2493964703593083
0.0871039762429241,-0.7312603323099427,-0.1812093405313826,30.66507226842227,15.434980182871596,-1.2276227050717885,0.1123665847383755,-0.7075778818564261,-0.2168134303264438
0.0810282517979859,-0.6364231489533722,-0.1635677256883958,30.63520650811868,21.310331071810094,2.68822715422364,0.1026599676370135,-0.6070802634761288,-0.2055507945478464
0.06281495390565,-0.5434892426824689,-0.1605826111175277,27.8355060458706,26.473763377007224,6.606618258851084,0.0885405461757986,-0.5282132023709195,-0.2031947148936433
0.0506094519098424,-0.4658283735682048,-0.1872579157874838,22.996625825660317,31.628912885726987,9.185872363877742,0.0662095499037192,-0.4601119403285955,-0.2191371067008082
0.0215525115617071,-0.4119351606255704,-0.2096073811455867,15.284640639680433,35.69866464253938,10.3204433772414,0.0417901110889116,-0.3958053117852897,-0.2448399307264644
-0.0173943474832277,-0.3732874262451899,-0.21672644926165,4.02423173720852,38.24165303827287,10.571473963501177,0.0029630490099798,-0.3625311218073172,-0.2505876135602195
-0.0542661861683336,-0.3802721544537707,-0.2059491633746576,-8.211887347217953,38.6990186104134,10.262044074895076,-0.044008973913634,-0.3682163919894702,-0.2392421151518191
-0.1123446771891354,-0.4184059229637255,-0.1604123146973175,-17.85323382680272,36.64749107618847,9.36534257609502,-0.0889953786096464,-0.4028839402293339,-0.2084876396618071
-0.1558045805703898,-0.4772898851537184,-0.1197402158992959,-22.12576761325228,33.05600259835281,8.150430497947323,-0.1296168921281864,-0.4593283362057257,-0.1628283766820387
-0.179803002321435,-0.5662095925624495,-0.0814271720820332,-21.64009660694749,28.760099213193104,6.709140875066695,-0.1535003182205889,-0.5359515184164649,-0.1212097033177868
-0.2042246449859588,-0.6712609711439372,-0.048089299550587,-19.20050192418989,25.85734475307589,4.725135754999593,-0.1700787815895633,-0.6447125113545442,-0.0923432758689605
-0.1898950320336201,-0.7869269383676247,-0.0563024153013439,-17.263326560298594,25.666706490870137,2.263026271969803,-0.1628836782256204,-0.7606145225344206,-0.088935348540743
-0.1801492981707083,-0.915646945044472,-0.0736791858064847,-16.80335744691772,27.29885901124896,0.2205431226571009,-0.1496665008423613,-0.8780440488289976,-0.1056448547052831
-0.1854892195690942,-1.051022921465402,-0.105848356486256,-16.707241709029123,28.43233739057045,-0.5283582466921004,-0.147389265190867,-1.0128948335603296,-0.1489549297759936
-0.1818327594712134,-1.1837155649613869,-0.1456999748540347,-15.345690091284638,27.64986939289827,0.3396795631364976,-0.144367710404958,-1.1379842218407104,-0.1982191503947849
-0.180016984270326,-1.3040861964884367,-0.1958349051002434,-10.301856868931305,25.270604446651472,3.102141602048829,-0.1325773689265711,-1.251471315047754,-0.2467886123534317
-0.116596958055454,-1.3576727058070597,-0.2658191432899486,-2.226592699357066,21.325801807107727,6.108504943958509,-0.0685128927387271,-1.3071976683822375,-0.3146511318311132
-0.0981400815835495,-1.3114172703788491,-0.2914981439049764,7.409130196460007,17.562432905465997,7.277057736034163,-0.057594862207273,-1.2520259372230789,-0.3445803876265649
-0.2324054414428611,-1.1988919356269172,-0.2753695953908178,19.11413706749054,12.312558538582644,7.278822582215882,-0.1805540620731677,-1.144965484478642,-0.3227027402360409
-0.4195282052645317,-1.0737402886407503,-0.1919756208420012,29.986437964543107,3.933724027848048,8.397332465805665,-0.3652536267781759,-1.0469332033311407,-0.2427968347508596
-0.4981581564471043,-1.0094551755955723,-0.0893883342258718,35.3183852956322,-3.315184437194155,11.194916597170588,-0.4694968179330132,-0.994938295549557,-0.137626902799168
-0.3818273161067352,-1.041213418535179,-0.0649055971670574,31.852189084348005,-3.200924363713107,11.99384381130759,-0.3724661839171841,-1.0228505955008924,-0.0961905208955196
-0.2745895411122947,-1.152543453992921,-0.1191064435155198,22.732008706923697,7.19648387993339,9.778975508824535,-0.2550408125423263,-1.128835727459745,-0.1459935887068047
-0.1748176331457131,-1.2891017014725523,-0.3147220565155191,11.681228937123068,12.217803002996211,8.416968223224956,-0.1362333560535183,-1.256451548284823,-0.3436074810361856
-0.0375074790558745,-1.3847402371872484,-0.5464913150928845,0.3617243079282585,4.221745648069158,9.46542358199023,0.0024469711561709,-1.340364434156513,-0.58536077576729
-0.0759942051743675,-1.4105394185316054,-0.7055677173686011,-5.722158222299495,0.4840888473022742,14.07192721954198,-0.0397252026649766,-1.3597090273983388,-0.7558170222289655
-0.1218799813821006,-1.3637013900842605,-0.817212085321444,-7.04320399047355,2.816861184599488,20.256423984796324,-0.0854123574959199,-1.3052057098321015,-0.8818668714011406
-0.0784426674658461,-1.2524721234072276,-0.837589585143484,-4.657186808253887,3.6573322636181063,22.61713704672886,-0.0443468611813906,-1.1856144153303958,-0.9200596966458688
-0.0260940593923782,-1.1041938945607703,-0.8225950076854058,2.330216285458866,1.8361904539747904,22.94308308820492,0.0094236112600015,-1.0355811033780506,-0.8966189395786361
0.0811089117922908,-0.9499474398548023,-0.7764352046371213,9.815834390783005,-4.1333383975674485,24.71845623441149,0.1138617150991588,-0.8947408232804315,-0.8346884032342273
0.1590870449701645,-0.7983607785689505,-0.6955566200391898,13.077933539239194,-10.087526077984393,27.038654316579752,0.1769523499586293,-0.7695758347717898,-0.7584377028386566
0.2355396964354051,-0.716448813682266,-0.6338381539465278,7.03827136361086,-13.342776460161229,27.91920972509943,0.2425910940045412,-0.6938087208809671,-0.6963936151219443
0.2915370787411803,-0.7554247165992671,-0.5537257067574168,-6.100665205064294,-13.801383667774846,25.3768863430443,0.3073838437769848,-0.7288429731359205,-0.6093449294489705
0.2727323470726874,-0.8824693906431534,-0.475660791349501,-19.41227887955029,-11.168852881924108,21.365432616788443,0.2969300627308555,-0.8495964600054002,-0.5281644932411427
0.24342896699636,-1.0687322904645744,-0.3922943815378876,-27.296820555661267,-5.756458500616169,18.3857489266809,0.2654521879163905,-1.0136423894458872,-0.4476681205438176
0.1471291896397124,-1.2083546825279177,-0.3283542073193708,-25.37908763209923,1.0053708206068828,15.58315610365488,0.1793783056726003,-1.1438435184774915,-0.3899699166840313
0.0149363780916541,-1.2384586296993256,-0.3499430118949468,-18.13524706311384,3.855651977494969,12.500760180607202,0.0552761183716289,-1.1825568403818223,-0.4007176766332629
-0.068176358604422,-1.229607102672111,-0.3678691391356189,-11.634373412612051,3.681195693459527,8.834469699934623,-0.0386508249791126,-1.1762978620591973,-0.423268218213769
-0.1285345294412589,-1.1930274363230384,-0.3483968529981445,-5.906356435794209,5.372833264141645,4.470463928265727,-0.1049186104520689,-1.138893684714307,-0.4125174613483909
-0.1781046269338336,-1.11669671953472,-0.3186086527345456,1.027238618274288,7.759335673313149,0.508763743598433,-0.1486468727041031,-1.0716300931515417,-0.3616771626606472
-0.2094892297230889,-1.0187100531904676,-0.2505907216635228,9.316589683097094,7.912558879743776,-2.346665015655144,-0.1755593473515106,-0.9781817658005444,-0.2959921933745662
-0.2363356535325454,-0.8980112869732854,-0.1700026640295986,16.922997233300837,4.495012196955784,-3.978361863965822,-0.1974628928423316,-0.8702593962387426,-0.2298957701524834
-0.2455447601530594,-0.7729288757324807,-0.1163893504215606,23.159505812360813,-0.8551256908023979,-4.5005057072670684,-0.2104237264166563,-0.7607995353678061,-0.1697011440789808
-0.2215810313334452,-0.6658407754621309,-0.092695145769644,27.808040518806685,-5.295769239790482,-4.955076216710579,-0.1966763196634464,-0.6431038263523139,-0.1374541478801891
-0.203649367124074,-0.5609589218045576,-0.0919274465467321,30.551617309376283,-8.687757046858597,-6.32870783979117,-0.1702202358038002,-0.5480597827223712,-0.1296382444076991
-0.1694632374165836,-0.4609769845523302,-0.1087537268087704,30.910062576072843,-12.32095931724336,-8.35949787423103,-0.1351006478626268,-0.4546887914543428,-0.1498864212210667
-0.1078656889955482,-0.3719849592989628,-0.1494800181031043,27.30609928975517,-16.76297059179274,-10.688115036124575,-0.0950046365645299,-0.3563300183134801,-0.1903805379969999
-0.0631029615663819,-0.2793568653736646,-0.205592451172889,18.043091994674477,-21.23249592315317,-13.025667242162704,-0.0564026423387576,-0.2859717735914726,-0.2348378510506466
