ADXL_X,ADXL_Y,ADXL_Z,ITG_X,ITG_Y,ITG_Z,MMA_X,MMA_Y,MMA_Z
-0.023293109720808,-1.0256132747688929,-0.2522005461345098,-2.6553224044421757,-23.943785814527164,6.102834513714402,-0.0466335542305238,-1.0053776559967522,-0.1694810814979104
0.0081771534086833,-1.065125138242187,-0.3467075190724826,-5.347887712855537,-23.034921194278752,5.964690056620381,-0.0201070631125641,-1.040261213960574,-0.2821159479668497
-0.1020849549255886,-1.0992686430900684,-0.3619012391107036,-4.931796107058458,-22.793500787239232,3.828125743233135,-0.1251833295270092,-1.0713153509731672,-0.300157514564074
-0.0229049071038332,-1.076079424318426,-0.3427720639477195,-4.416493397732983,-22.520910136614276,7.405481846117851,-0.0714391192327827,-1.0569716748746647,-0.2769316351943942
0.3168567725582781,-1.110168302260912,-0.2595873115735902,-6.411948549164723,-16.57167445776264,13.51299044216844,0.262919475377701,-1.089182533371515,-0.1829301772105232
0.5686435463107272,-1.2315273825428563,-0.0780137378508609,-4.959038206054684,-10.87441174598614,12.154406090826898,0.5089934592117875,-1.1849394249587513,-0.0138962658388083
0.5575701831815925,-1.326263660155121,0.0666726801880508,-2.5323509057873865,-9.81094799474188,4.411545562217116,0.5011941833876431,-1.2839608130061888,0.1242379655170082
0.3648115478993501,-1.4089977184550126,0.1322447776786979,-3.0444456255379,-7.646784028918977,-5.48430589761651,0.3348591953029322,-1.3583369799477971,0.1976001784953749
0.157999390261783,-1.443569167841661,0.127761540081214,0.3112128030272407,-3.4187127817378165,-12.809956433857549,0.1026716354599162,-1.3744241608220762,0.1862089909261753
-0.0492469024050022,-1.384618106668309,0.0266678078698825,7.810069319631628,2.0060960426859342,-15.044158674899494,-0.0991446414189822,-1.328756306432984,0.0824657559456955
-0.1966658622606643,-1.3098817445529558,-0.0525295413373043,12.08484464232438,6.64491087204779,-16.254089394022255,-0.2160792447977954,-1.259908235730845,0.0094076755113732
-0.2205994312582069,-1.2291967990370387,-0.1117795427277654,14.273528568786938,3.8024304100872346,-17.672706750731347,-0.2416075471230139,-1.191442449636072,-0.0428775068393687
-0.1155422664145537,-1.1909365453487262,-0.2173722444196766,15.126218148387942,-4.622359636179315,-18.53476318472725,-0.140555553865087,-1.1582242000367216,-0.1489512041772501
0.0924916745858725,-1.1948988111945282,-0.318904577851229,9.61631982927363,-10.467843051441523,-22.0245605423827,0.0434127789859374,-1.159174324643811,-0.2540250370299947
0.2489094342243832,-1.1732800048950327,-0.4228669217232803,-0.8878286454743787,-12.645407615402272,-26.568122420309585,0.1953795886713341,-1.1510773959925418,-0.3549938776712669
0.2812830648954255,-1.199175261328938,-0.4158155221388813,-6.8725147353223095,-9.233052300181305,-26.956973639025744,0.2373171996730204,-1.1633343313635187,-0.3537359689451148
0.3139381543169333,-1.2210143888356568,-0.3784564826048401,-2.5432919538460173,-0.1186447100649976,-22.09942066507294,0.2572562934214477,-1.1727288651822223,-0.3128432779710428
0.4531068366649364,-1.1476466172815472,-0.577577784757437,6.045027986441569,10.61542625083465,-15.58427637602063,0.3815572958615454,-1.1130878520788756,-0.5023223635013672
0.4247171206038226,-1.0608829309168075,-0.7465378028470052,14.416237554143622,22.8468772704576,-11.39965251214237,0.3707655569958499,-1.0432647082236894,-0.6874080555223001
0.1805046848144167,-0.9914931402410272,-0.6679348939870734,20.46426160000681,29.27003147282669,-9.084796999822569,0.1698802487719113,-0.9894350642977532,-0.6158010926140836
-0.0221534499286406,-0.9267248022718236,-0.617210023326261,14.517555217172356,24.66440825985673,-10.743863935220707,-0.0225858946018921,-0.9223868104160866,-0.5500677252841324
-0.2631072434090862,-0.8992313382921335,-0.6696398038690857,-1.8573075334251643,17.442963015724644,-15.888207941392222,-0.2702217278113968,-0.8869301335580742,-0.6048362103559978
-0.4242857215461764,-0.9255684016988844,-0.6539634512385011,-14.464466218608996,12.408938977423158,-19.84877744978618,-0.4322612456886301,-0.8957925797925513,-0.6086269700903901
-0.3945687727391745,-0.9531714500830863,-0.5346628349591052,-19.027924306864385,8.648717790872771,-23.49899018910321,-0.4098061751468915,-0.9124085641143944,-0.4899243660430803
-0.3347894100170288,-1.0016918874894465,-0.4038346129905277,-18.980700784043336,5.546329647019407,-25.381895207676344,-0.3516942238472089,-0.9719961443350617,-0.3465148636744745
-0.2170287303277733,-1.1164261778872049,-0.3221138116838287,-16.087408379130785,0.87656137488145,-23.93392410657202,-0.2351761098310732,-1.0742840944820482,-0.2644898618157091
-0.0364050037840514,-1.1820543897279778,-0.2934680645461753,-7.353165547538824,-3.949968197357678,-18.672711549929133,-0.0798698582847631,-1.1289845657187196,-0.2236297096568134
0.1544970888368456,-1.1458631548862612,-0.327057205717066,8.285578281486725,0.4020570994318184,-8.119047652711918,0.0875690509061833,-1.1132153555590094,-0.2468735468866344
0.299423315904217,-1.0621865000832535,-0.3988676092573817,18.509618191238133,15.21735973359632,2.828142841313164,0.2441312333700547,-1.0447726886419926,-0.3292993994212615
0.3078649319592391,-0.962695527562786,-0.4400336783445671,15.775086328345674,28.238520069398337,12.018105783474468,0.2655034107814845,-0.9474941473446608,-0.3714516685353369
0.2460633710174311,-0.8590194487946721,-0.4136601751818615,9.068614288109805,34.2790177329885,23.13782661772904,0.2085746578964528,-0.8486893037681467,-0.3473275007341814
0.2397853948521534,-0.7521969929723378,-0.3563245524640654,7.190095107944381,37.94452158303748,34.47201064617359,0.2049537087774662,-0.7430631709054643,-0.2925827029138994
0.2171168180367161,-0.6665098187372223,-0.3229734161205672,9.781004432480112,41.36928545021416,40.73804659610755,0.187585754732625,-0.6580572494584449,-0.2544938869903009
0.1151718977290443,-0.61620834315875,-0.2852898925969748,10.560129876921096,42.53379524394175,42.215886260365245,0.0970558852655365,-0.6205216680827643,-0.2260588428243763
0.0439587714345985,-0.6285937403763308,-0.236750376796088,7.98714812577288,41.32258893177445,40.70582070100591,0.0262202332755517,-0.6305409909546863,-0.178496612900195
0.0093594782157828,-0.6815584979659279,-0.219639161216749,4.256261197531357,40.37729366097933,36.36346041815472,-0.0060844209630041,-0.6665279790334683,-0.1474949838613954
-0.0320554286890071,-0.7187190242837852,-0.1959692943318276,0.605840359727655,40.790312926564674,31.44104164859206,-0.0563178443729103,-0.6977400072555551,-0.1238825542266036
-0.0979398162484942,-0.7500149853296476,-0.170415386814392,-0.7592879009080272,42.91025422948742,26.29656872025148,-0.1324699984586571,-0.7286645296181735,-0.1035458749208045
-0.1594159504119164,-0.7628650770545504,-0.1641928027510678,-2.5236781869570906,44.37609123333418,22.27289197608573,-0.1864844085506732,-0.7434151066344381,-0.0956832351279952
-0.1315258103454101,-0.7463032147628279,-0.1721714738978947,-4.755749461480999,43.72656920652701,20.6176347363622,-0.1604532011427624,-0.7278772611888575,-0.0961728388470359
-0.0926560875886607,-0.7124007698061696,-0.1920718702931732,-3.8492785562840055,44.25997994791336,19.41895141639641,-0.1184146325156776,-0.6910306313397458,-0.1159936578533924
-0.0812446109554879,-0.6697743971352466,-0.1773898257071667,-2.44929898451011,44.65172390784192,20.111471818273365,-0.0992501958691729,-0.6480699544428296,-0.1105336126936402
-0.0576263861860499,-0.6504793739191004,-0.169725012526387,-2.541160263782704,41.996177316535096,21.526240457213635,-0.0751782064346091,-0.6375909346140228,-0.0973071864405158
-0.0603384856763373,-0.6868160983059745,-0.1590207557953889,-5.066486602324441,37.21127392310547,21.180553603705864,-0.0794596535652316,-0.6717721692655921,-0.0939927175766168
-0.0692941892030877,-0.7578713690409551,-0.113897390885355,-8.002854484445223,31.0631084696427,20.05937919272893,-0.0939149919590716,-0.7345565587767914,-0.056358556801244
-0.0674508089337131,-0.8172042935506316,-0.0910743061619694,-6.7562987065464215,25.627983282563356,17.53826449252991,-0.0970657785140676,-0.7948988689737707,-0.0186426144362652
-0.0556914633921084,-0.8592012861946274,-0.0766134937819773,-3.46302759906995,22.189770008013078,14.190204611754654,-0.0891557473548163,-0.8244145539908141,-0.0146378818998864
-0.0404764195606357,-0.8582590032937699,-0.0930832192960392,-1.3748004295734495,21.23025573133046,10.638694151731343,-0.070614222738518,-0.8233773331547241,-0.0321049435953543
-0.044343090062007,-0.8143467199710636,-0.1145713559150303,-0.6726317935759976,23.11150391642743,6.817264583029663,-0.0722108802301378,-0.7935243579038211,-0.0423177515593753
-0.0502385510148677,-0.7705728574876025,-0.1086895492342554,-1.4022865638645918,24.421332125461472,3.12955842534036,-0.075857353936343,-0.7517991634742565,-0.0468313838045016
-0.0584834242687481,-0.7459571410172465,-0.1125447370188373,-4.326533727715455,23.376938747152774,-0.6633591629555464,-0.086826021573643,-0.7279517642815017,-0.0521179947305332
-0.0578717919911277,-0.7562297876550632,-0.1066061705153144,-7.844952079049284,21.99195952137646,-2.948947862165217,-0.0986238470964174,-0.731829078727531,-0.044031021984388
-0.0418910359262328,-0.7810364160540127,-0.0875200618229785,-9.814312370216332,21.689042283031785,-3.689770282500134,-0.0753037621369704,-0.760214673719829,-0.0173376820831979
-0.0105489448492881,-0.8087243086119872,-0.0256503170450926,-9.26950754258832,23.77347306175221,-3.740153050022597,-0.0371031276676531,-0.7938293715308904,0.045609607568438
0.0583904772652489,-0.8384944701081103,0.007858339768289,-4.724137601943281,27.84290388156534,-2.659062217633981,0.0207309053523472,-0.815237568091356,0.0739640204275077
0.1105808030654685,-0.8741400677682281,-0.0259319434685339,-1.1564084818371607,32.24539366333383,-2.4296192404591084,0.0726326423643093,-0.8451654333197376,0.0491972115238414
0.1428359010721969,-0.9319020355806068,-0.0202515276214597,-0.8523324377370528,35.96029456910953,-3.956375803178247,0.1084292313955776,-0.893348253972766,0.0521629053854144
0.1548294292853716,-0.9834697980926974,-0.0123176187622711,-0.0692794448966094,37.54673077409998,-7.006681902171342,0.1136172247568045,-0.9487904258875256,0.0585078157511512
0.038564023464285,-1.0395212325314074,-0.0748466656419977,-1.2629446853777386,36.85338918334466,-11.874741152367609,0.0112329692101412,-1.0119660913474977,0.009553960404623
-0.1634229686836786,-1.1031944104900555,-0.2710660967257758,-4.488917199259551,34.93111106141259,-15.764778893626207,-0.1754565617612595,-1.0625571195351755,-0.1821158013015941
-0.3087024630756776,-1.1879071427494634,-0.4479069450692623,-5.920264727880906,34.77882899419331,-15.277856562784088,-0.3332646543165283,-1.1391210671836185,-0.3778570318226562
-0.2352419530887745,-1.289833981666668,-0.3627879681584333,-3.0122232932705444,34.9747880698336,-10.183622646053063,-0.2569869652234109,-1.238751369899378,-0.2984491055559065
-0.0519540236598104,-1.27347587961969,-0.1802908431753216,2.4740481808018315,30.14529006559819,-6.867808938439579,-0.0730873425006643,-1.2253179558788838,-0.1083761407314345
-0.1173091715120966,-1.2170074732058311,-0.0358105862487598,2.413866160076379,25.06841107439723,-8.674448146143671,-0.1419453809222454,-1.1702249110203735,0.0208024770913423
-0.2594987023747309,-1.2569510702700075,0.1079137324607126,1.098869123137138,23.780625288098435,-6.275678862146559,-0.2812393147858015,-1.199666018525606,0.165536157579076
-0.2582542105697187,-1.2685665974768148,0.2245746330077558,7.435180892101608,22.625343606055523,1.753737011737314,-0.2835644998602771,-1.2091066042664245,0.2832631413612373
-0.2380468961847396,-1.2392768266951653,0.2611992066064804,13.23065605942789,19.369264952544818,7.114906593590186,-0.2556977263142481,-1.1856906666139415,0.3228642303405957
-0.1715011621531727,-1.2221669240145423,0.106341216622811,12.021988674528938,13.87970730430823,9.952452570959489,-0.2023602878982738,-1.1807133374911791,0.1935699952060112
-0.0655068993423123,-1.1969842770017525,-0.1173294368671428,5.863864990973308,9.785669455286028,12.492056851349815,-0.0989415750206524,-1.170484181957928,-0.0367398283751593
0.0243607597167752,-1.215176444411921,-0.1807505989135288,-3.5154735879422345,9.04560065155087,15.303163596887297,-0.0046314279520548,-1.1895003525826424,-0.1078211756222579
0.0481520774824162,-1.2585652717372322,-0.145120702312606,-11.630309238221772,11.828892858523217,19.77760451509181,0.0087858880565435,-1.221920142155389,-0.0660328449182444
-0.0140713014908376,-1.278291729602102,-0.1442290957805539,-13.030635189645514,14.158324339292571,23.58383530144581,-0.0311204728960242,-1.2263048483886825,-0.0676234986661382
-0.0833182415433835,-1.2671169461173082,-0.2610357152017416,-6.989430265179893,9.984523194735354,22.976310938310547,-0.1016439311714436,-1.2164551256834548,-0.1809463031610951
-0.1632362300899714,-1.2353368348183122,-0.4437516857799333,-1.471100909835613,3.944629494474997,19.97232145108069,-0.1873126612640694,-1.1865424537192468,-0.3645675082417113
-0.2496563571143305,-1.2279818620304086,-0.525993689798632,4.253215083601218,-0.9911060601018284,17.184779141410875,-0.2573925132571356,-1.1692968078609354,-0.4558001090690987
-0.3125432844155748,-1.1790363204382852,-0.5241641656045333,12.618858763748667,-8.867402225387563,13.430561246189104,-0.3237389153991091,-1.1389018344409247,-0.4623535396582097
-0.3669628669490664,-1.0941694884173816,-0.6135208503819147,12.576941276123598,-22.033139071509066,10.869991852138446,-0.381366304983085,-1.0760408196384863,-0.5499033121246204
-0.39039199331117,-1.0921461239097938,-0.801793889134517,6.325482435197624,-32.46946951495132,12.33834643398134,-0.4190416934815195,-1.0678744622684155,-0.7454044184739981
-0.2381692868037092,-1.0824401550197809,-0.7800494424321541,6.62240614439455,-32.429482455562464,20.21892162543775,-0.2728082302908408,-1.0452272926279074,-0.7352496118251833
0.1050611441198717,-0.9611059070999838,-0.6848428550233916,13.986487002620388,-34.01591057954712,29.497435876382625,0.0600245361970452,-0.9557993738659784,-0.6210689625102932
0.2947497792590991,-0.833554384470155,-0.8029739065271052,5.852326446450609,-34.68980640155923,30.847191433942328,0.2347263314518783,-0.8729667403611245,-0.7260153614487401
0.2634809963158631,-0.8329169180730335,-0.7648967850208139,-19.46369901276288,-22.92923875668847,32.4761912621548,0.2263531169977704,-0.84326670053219,-0.6941847961414004
0.3204553793813257,-0.961006847839943,-0.5709097002769103,-26.673489006836657,-13.679009581263855,38.69984713770009,0.2795796612647985,-0.9365107162349102,-0.5066627317913803
0.4527064994522157,-1.1118168719295092,-0.4385236177352364,-16.654374993395102,-9.968477992678446,39.3574227977131,0.3907463507398994,-1.0730319778658504,-0.3832478561720345
0.4769051367991416,-1.2001148949124674,-0.3408355144618368,-4.0556960152866255,-1.5227759417693731,31.48439234575246,0.4088268663073821,-1.1436231841203446,-0.2740312805521416
0.3703962654188676,-1.214900416286509,-0.341919321804459,10.709413453142124,7.1613202673366425,17.938609434884377,0.3074386466704888,-1.166423778030842,-0.2745321149870507
0.1957595434689691,-1.1577829980588084,-0.3547651863703845,20.149982817331654,9.9391549945342,3.257851389363328,0.1693222918617856,-1.129011201195206,-0.2922100941074391
0.0183710304587753,-1.037330561701166,-0.3851773469646535,24.14670054556877,4.673145543243883,-12.28987082854905,0.0105057636754366,-1.027514072917008,-0.3079354100747115
-0.1141968368155212,-0.9180659678231844,-0.3966966162034543,19.37042156936501,-3.167948622498019,-27.420182049681536,-0.1328086062676586,-0.9038738262445772,-0.3356408300127934
-0.1716613333652064,-0.8306889736017808,-0.3555502844367352,8.19903135289694,-5.293374362378079,-37.0509291228862,-0.2014478374643575,-0.8159463076484431,-0.2973563884150041
-0.2024637926256822,-0.7801835343893475,-0.3253742916050742,-1.717441889413447,-3.186945800620257,-42.14432509915338,-0.2264076241679911,-0.7716608108498693,-0.2607615844032907
-0.2364930530656891,-0.7869115883534206,-0.2728974389986688,-6.558159900050188,-2.9989870632248654,-44.593376840003145,-0.2413895095971143,-0.7611724994050479,-0.2134728604335344
-0.2698242555992001,-0.8060382097327624,-0.276913271676054,-2.914906536961244,-6.824158881506228,-44.94183465844251,-0.2716536229914174,-0.782123870816982,-0.20351829033389
-0.2785032900141057,-0.807361944156028,-0.2642208546561209,-0.3430652355720269,-12.841922694586003,-41.71971870543469,-0.287739384283579,-0.7878899835981942,-0.2025029368330237
-0.230611140885653,-0.7826962095642288,-0.2068133494441394,-0.1374468570081729,-19.80886101244342,-35.188840041545376,-0.2464201928659972,-0.7601416272355842,-0.1408967267854617
-0.1396351673209521,-0.7247872541134401,-0.1728873050780185,2.618039930624765,-26.768871406273576,-28.56121697532883,-0.1547015747371708,-0.7056257037918593,-0.0934581980586956
-0.0220625721756803,-0.655513538590685,-0.1304577147608649,5.155381049490456,-33.565882687872,-23.49785710851067,-0.0379604680957611,-0.6411410929783873,-0.0675821323440396
0.0537479392595587,-0.5960036709781955,-0.141401140925138,5.843972875534032,-38.246060650806655,-20.40081026051305,0.0312898649011298,-0.595770659965637,-0.0717933244576286
0.1038023180851234,-0.6084170951802832,-0.1637940254090923,1.6048703834290587,-39.93457884280513,-18.09925978318456,0.0752357437385117,-0.599146627168707,-0.090686502579572
0.1419771712379877,-0.671483142975273,-0.1765951755027429,-4.674710207423725,-42.79785680084121,-19.807627698672285,0.1120975622818243,-0.6523687298834299,-0.1056212152617773
0.1086285042778523,-0.7128351438036042,-0.1963899892368776,-8.433598757089806,-45.24983807745682,-23.390299364138915,0.0828301637696482,-0.6968656406201996,-0.1179931092422593
0.0834223186417274,-0.7430700655011533,-0.1822030248421087,-10.566056726060344,-43.9594023997422,-22.665150203483314,0.0550514571350858,-0.7205930695223883,-0.1147895961328385
0.0785336314047163,-0.7559726163512086,-0.1500020028820052,-11.903065579052615,-40.59336701967481,-21.45708466349505,0.0542483086826733,-0.7437948252256694,-0.0865621513815767
0.069021387635128,-0.7657686999086295,-0.1104524741442411,-11.262868338411195,-37.41811402718373,-20.72837859575824,0.0431373957190233,-0.7550323650267272,-0.0406531177278695
0.0724860967097291,-0.7757756918216268,-0.1131427895007587,-7.987678445485159,-34.249011889444624,-19.59251794620204,0.0344256270730896,-0.7581528707841011,-0.0446072099304817
0.0422185671978158,-0.7689210507214315,-0.1244895712565356,-6.282403268836469,-29.77864382529432,-18.8500875323423,0.0144271318270917,-0.7576887972363825,-0.0547326361144043
0.030240457321304,-0.762379071680761,-0.1077212589553092,-7.612702834510257,-27.54129502581176,-16.2068522372381,0.0118454489593455,-0.7517938783653684,-0.0348214757044008
0.072127837421017,-0.7493299306427796,-0.1064341221574334,-9.700394046449418,-26.65673884545475,-13.041008171138866,0.0432424266696836,-0.7409559336546991,-0.0301468896747618
0.0977368884825101,-0.742765228961195,-0.1009984100996856,-11.637112434464033,-24.17066305259361,-10.270444258562977,0.0679371501745774,-0.7274069446159062,-0.0318005739295636
0.1185645170443123,-0.7489069859490403,-0.0977980055686399,-13.522057821871996,-23.07928705392734,-6.910004301153705,0.0928022159694456,-0.7251063609140398,-0.0374975426373727
0.1568974529713188,-0.7630152703135971,-0.083036368358088,-14.162369891534484,-21.65211193080011,-4.080625354822884,0.1248295111758519,-0.742839610754215,-0.0129822227616318
0.1705258316295964,-0.7980594890675745,-0.0483078587860984,-12.060648721031752,-19.172838463927366,-1.6485078927914143,0.1402862610110383,-0.7731936067148932,0.0232693097240607
0.145041278123406,-0.8315548996572732,-0.0308863037853578,-9.253691712521922,-18.063545129849334,0.2319005835264052,0.1199482418571909,-0.8022970126567479,0.0354471318798908
0.0725724963086603,-0.8480221880810407,-0.0482210162209477,-6.773259134229058,-17.970899941883243,1.191077978127617,0.0506902277848217,-0.8242470360848321,0.0212704901019399
-0.00927529753641,-0.8699040899606001,-0.0791264446425631,-6.276543930296239,-19.586005680016548,2.5970545381989583,-0.0308774773625387,-0.8483395593673171,-0.0101920418343394
-0.0520878742719771,-0.9041467822139148,-0.0746978616234755,-6.384365172512249,-22.509770259482888,4.536360205337693,-0.0880416134629048,-0.8737714816573242,-0.0093153831283313
-0.063692003445658,-0.9399268806693772,-0.0675948251063543,-5.680908947985647,-25.59602454977021,7.256237147144949,-0.0927973822795798,-0.902717973279174,-0.0027369238257161
0.0059900685527715,-0.9842835772276066,-0.0871945205538614,-6.782186174964987,-26.859223688936066,9.903006472799763,-0.0166282805614287,-0.951662310600457,-0.0099821133247424
0.1343559572544799,-1.0128967078498028,-0.1907699459921092,-6.73318546010114,-25.0658146448274,10.069518890956791,0.0924488004944051,-0.9896848322116824,-0.1051957263809396
0.202126019881148,-1.0461361734619048,-0.316938988189327,-7.095111515310266,-22.62845933883643,7.683460119194822,0.1685343387487931,-1.0210648621040594,-0.2457150084703426
0.1284419557676122,-1.1081174975065782,-0.2937178338725621,-4.876779198270743,-21.298648970555934,2.3777878379919595,0.101487819427468,-1.067914777681757,-0.23794149051462
-0.0010486381622275,-1.10247904509479,-0.2821451022400802,0.6048727107238672,-21.78229807058663,-0.3549225880168292,-0.0317342608158973,-1.0731314257097977,-0.2141813877301802
0.112648448257914,-1.1128066196375888,-0.3116178665697844,-4.504387830902347,-19.15027168529924,3.4726312643484607,0.0773990602437629,-1.0899820265874731,-0.2281052083323088
0.4025659054875883,-1.2429177761959298,-0.1896783524678492,-11.103167897853256,-10.63460641207544,4.720587176565223,0.3418561834182614,-1.1911319257747526,-0.1229434279954764
0.5385746083562883,-1.34868682189822,-0.0507778460640195,-7.314216950117414,-5.1783891296616655,0.4249423134936052,0.472585015139177,-1.293816022283237,0.0184623254070974
0.507129013242918,-1.3872220576680745,0.0471924834122093,-3.986489342728645,-2.3229157144996773,-6.73845798963234,0.4425241019385996,-1.3399362245087898,0.1278958065747306
0.3017139543385743,-1.3762160845255846,0.1646155004631228,-1.0499572574403793,3.2917692976011628,-15.254150189526042,0.2555934950071057,-1.322459372429277,0.2278007290342054
0.0085579811353984,-1.3008821097503536,0.1273701337931389,5.97969272539889,5.838738201290135,-18.778617720757687,-0.0083835270923797,-1.2567136888805257,0.1998221473248355
-0.1798528607568056,-1.2384894608964605,-0.0456523692233434,6.29452949855184,3.8834604858860384,-18.515833133021417,-0.2027356921142945,-1.205676381894007,0.0303270006706232
-0.2905911574973099,-1.278118958966976,-0.1330309181170565,-0.4698391490528736,-1.8425207939024584,-18.27795470137208,-0.304810171231462,-1.2345827176664574,-0.0662554990105157
-0.2159943084808533,-1.3985516881747442,-0.1349440006188765,1.34295545300909,-11.129463107113608,-16.341662081009538,-0.2331660192428319,-1.333686529958384,-0.0554781675903283
0.0456042310072609,-1.436680687506244,-0.1479612827448063,11.331317839128436,-15.74694954848694,-16.024748762273635,-0.0085378988156367,-1.385045993618782,-0.0677107580772096
0.2385503085790969,-1.3381362267536046,-0.2644772252045411,17.23174222718194,-13.884080494771732,-20.04474350121011,0.174049882842526,-1.3185925723195693,-0.1751412492663722
0.3545971949777572,-1.2017591706104618,-0.4186517673065426,14.477991293971042,-9.882651710888604,-24.340875384685944,0.2941397412450913,-1.1807907753693296,-0.3358209356803509
0.3976876012742539,-1.085786512744454,-0.3960566118942555,8.93013404411595,-1.664191504034079,-25.64970404330106,0.3322815960588207,-1.0620710768792712,-0.3365459752474367
0.4112564783399101,-1.0158373841085355,-0.3551708370162753,7.034952345169422,8.8898801337296,-23.093333331803063,0.3452232789711443,-1.001872801685419,-0.2838126018329199
0.4929547808806611,-0.989651085166776,-0.539368379049852,5.6266022029542935,19.12378797340617,-17.014625029123675,0.4270242360723238,-0.9719689544880328,-0.4554859624830001
0.4320643463396317,-0.9940626081406942,-0.7163940198713643,7.24990997018751,30.866368169652,-12.023194017819646,0.3759134957221408,-0.9790492188313792,-0.6407845115098998
0.1739512766592807,-1.0072079556685924,-0.6791124193706211,10.233128114698822,34.96549724451946,-12.335830103770755,0.1536393178720237,-0.996539751492828,-0.6146566426335721
-0.1009665323429368,-0.9959365121097604,-0.6320167174470281,4.655471313322391,28.567733939406317,-15.139039576855916,-0.1013461726395314,-0.978952656465932,-0.5624511932738232
-0.3139665980571444,-0.9923382684618588,-0.6930434434278582,-6.292090729289063,22.624600145015563,-16.944935621576953,-0.3167212980385531,-0.9727564219397672,-0.626366058760141
-0.4017285593433568,-1.0232816800748656,-0.6897647080478213,-15.021417049116277,15.31121631104144,-19.76881459913749,-0.4026592645941076,-0.9991743115895868,-0.6335371428093474
-0.3878550730274731,-1.0364324534546638,-0.5749263105127702,-16.553688567853975,8.259196409911233,-22.87453807329816,-0.4021560409168854,-1.009909524731477,-0.5090866410644461
-0.349780192089594,-1.0483700111281171,-0.4347422541011799,-14.872812471583126,8.418882670389463,-21.678908031659148,-0.3716848649328793,-1.0185241512668386,-0.3802660384450279
-0.2787364714315597,-1.124564089861943,-0.3175033753729808,-13.208272755215146,4.212685279623851,-18.089401044089204,-0.2957043588161722,-1.0730880009125578,-0.2737165769874681
-0.1298742351817072,-1.178431210887148,-0.3042891730906021,-3.317632908353462,-5.849413762957436,-12.681487862574471,-0.1636536258510129,-1.1203867470135846,-0.2425918577782287
0.0466373224204795,-1.112810213848463,-0.3642803882663337,10.00004987366827,-4.874898541517436,-3.0442875825861906,-0.003331799174147,-1.0846859482131164,-0.2926046018769392
0.1482843057719662,-0.9947184889952322,-0.3726408924200008,15.315722468771304,7.387419777058903,7.678529981548857,0.1054667357186729,-0.9816860819615022,-0.2967209941048873
0.1805389265951425,-0.8888491749455495,-0.3564294967079616,12.05625479612402,16.984430082315164,18.29742838177704,0.1461103173301465,-0.8786326307356328,-0.2801647286721951
0.1723985190577191,-0.7979945540538632,-0.3571627097489469,4.483161740212895,20.590593744371358,28.95976343857594,0.1364859067487205,-0.7972542825879873,-0.2848767445452117
0.171705670443588,-0.7306523195104795,-0.3236163680077195,-0.1935311643044873,23.45089560309909,38.1027358178757,0.1322753757884959,-0.7208638462054544,-0.2557557275024053
0.192399446912404,-0.6848616756508794,-0.2965025098848038,0.4632416881484708,27.13111027135006,43.9824502389404,0.1544556891018282,-0.6735410013447485,-0.2369199049053733
0.1617214018377476,-0.6750569897189505,-0.2922594885473343,2.173627599302961,29.37647520538417,45.119182771015566,0.135865447349979,-0.6644770848916638,-0.231202885186767
0.1471020594616401,-0.6886276321389664,-0.2769283849021313,3.940794405290918,28.75069578977877,42.53688179073304,0.1212390545791601,-0.6713188528285753,-0.2055275436529289
0.1502187990466188,-0.6893552341310545,-0.2685605849985376,4.24302885806536,30.48336655965341,37.704456332897365,0.1072340378292406,-0.6772121276306775,-0.1987099059631053
0.0604026385382256,-0.69129270514206,-0.2441801257624268,0.159851043757038,35.53926139483922,33.43313732194398,0.0330647959034093,-0.6809686732010949,-0.1744340320566361
-0.0233416746995216,-0.6885354792330014,-0.2131510959895186,-4.848349430530334,36.84871910334825,30.49895506764429,-0.0291691126897685,-0.6775614408154635,-0.1377155836834232
-0.0438962863147949,-0.6746199344971455,-0.1734644726713452,-8.096571514146573,36.47237418555992,27.226269135611854,-0.0693595720884104,-0.6574187209361066,-0.1059837944527736
-0.0555670712005071,-0.6707123534891366,-0.1402743208454343,-9.771197943718391,37.83970511481544,24.46287836029942,-0.0929127805197618,-0.6490407370867481,-0.0687612868216005
-0.0476795160187904,-0.6792651878569601,-0.1358994226243889,-10.514895748098375,39.77324433202622,23.28110473686152,-0.0796184014938965,-0.653894765863125,-0.066882758000326
-0.0429622542850718,-0.6882672277458096,-0.1133837483805315,-11.19297298753847,42.44805792865326,23.233352046508497,-0.0673571464262433,-0.6631032206741219,-0.0558765138527352
-0.054574740960858,-0.701540504210006,-0.1126502363142615,-10.237402180901896,42.75325078383758,23.52963374635111,-0.0716439236596046,-0.6867075578987862,-0.0450490566094397
-0.0641207112531309,-0.7503891916649221,-0.1188905277165359,-9.044826505588826,39.6550448829395,24.567980584943143,-0.0892738048604058,-0.7267314231012426,-0.0524774433407971
-0.0905709758286597,-0.8055111051656709,-0.1099891571821858,-7.5375202888506045,36.04149739648799,24.1145627612654,-0.1096598189775641,-0.7794887777292192,-0.0390921347315692
-0.1333327161199616,-0.8491380395471795,-0.119988972028815,-4.861731042681899,31.63688463109428,21.683516885533034,-0.1457994804516976,-0.819725856819354,-0.0429354716942316
-0.1410035054006696,-0.8904563554866909,-0.1073050771674215,-2.972634932163775,26.046540758297155,20.047472008618364,-0.1627948190621245,-0.8522954877251279,-0.0381375137275814
-0.1032231095369393,-0.8881220962198646,-0.0871430205749382,-0.6387187029661746,22.20963362843261,17.222353860342075,-0.1266275168138751,-0.8607948561750921,-0.0248779667027215
-0.0688403190581025,-0.845351634792574,-0.0826359405287472,0.5018419410919333,21.052659372685756,13.215233879556951,-0.0964320623746877,-0.8257301203815574,-0.0250369688765451
-0.0569751907561241,-0.7963914384267559,-0.0893357907691615,-0.5394526925491848,20.115963263730368,9.435510856422624,-0.0817534089674644,-0.7866259384875148,-0.0207864022928012
-0.0557525715255573,-0.7630107954075674,-0.1047924408257828,-1.5654499263322188,18.681236120027577,5.367172565318397,-0.0844474827241216,-0.7422861651071131,-0.0363770399277397
-0.0500520615355142,-0.7255563645502143,-0.1066357288491872,-2.7398566446119954,18.10763145110066,2.362205720621102,-0.0825827351573758,-0.6994270141692598,-0.0310986120292703
-0.0185805012680227,-0.7007686338624559,-0.0870672308657925,-3.5447275343286244,18.63425917351489,0.5178425875309075,-0.0430120998695499,-0.6819567295177419,-0.0125411794038918
0.0233229999043177,-0.7257679544088335,-0.0567887612839429,-5.718724147010179,20.52957758581356,0.1587073452520473,-0.0157407601073481,-0.6945534016821817,-0.0011601636896286
0.0536016266180574,-0.7723770856189852,-0.0340206249808279,-6.930948520777838,24.720965198535467,0.870804545633583,0.0174602499631346,-0.74540717887676,0.0354569560900341
0.0972293789136224,-0.8576025874170391,-0.017927647072206,-2.4224447355983427,28.70135254539036,0.3805390765009656,0.0693913333664004,-0.8145610692232641,0.0440083674651621
0.1628803994313473,-0.9453198543804232,-0.0220756037123927,3.164582658848367,32.59073507280002,-0.5921612935631453,0.116662566154846,-0.8859943872162332,0.0411387537818469
0.1796493184419796,-0.9743541679635332,-0.045648845329446,8.212978693300826,36.88977205815701,-1.7707026603815614,0.1385678793181332,-0.929309255315219,0.0343794585430243
0.104901870419872,-0.9969923706011374,-0.0891466408290081,12.522688759711476,37.41883665957239,-4.2212702607344665,0.0772537773248986,-0.9649061170779024,-0.0196059575522636
-0.0031134699988046,-1.0386564407039425,-0.1615953357893048,14.056609780370811,36.90258850960094,-6.5158100387607005,-0.0250834842503549,-1.0210614667754156,-0.0797858955881701
-0.1338841426094321,-1.0862004361391246,-0.2721347498636028,14.313846482367143,34.68321478142171,-8.106946583123573,-0.149153540312002,-1.0566135326781414,-0.1989556515822045
-0.1703143681038594,-1.1775984945736269,-0.3710165511641981,10.807629078828752,29.76175144056283,-6.532364339294309,-0.2000661651556135,-1.1287585748201292,-0.3074669397088044
-0.0749644648318924,-1.2382718958228056,-0.2965406651378671,8.919226662873774,30.86556538332565,-3.2648486071893688,-0.1159571685971883,-1.1878689760186796,-0.2196578145848518
-0.1573744472364113,-1.1845167283489495,-0.1218450331384506,8.6614021187783,32.42818696030538,-5.688347966960666,-0.1814164527938467,-1.14229303258,-0.0563939064046657
-0.3666934581213532,-1.1839637355497277,0.0132409763406924,1.4397436458695771,29.167292635372217,-6.970677037124522,-0.3841321661846123,-1.140948805778852,0.0725509832099822
-0.4309232060448043,-1.2788966465416889,0.1522377986091715,-0.8842343443800159,29.593442499242425,-1.70892917321187,-0.4534654101825499,-1.2153903701352342,0.2006152008470507
-0.3773249448265154,-1.3205344620867914,0.1847750294805568,1.7239477955244318,28.69295938460738,3.67137167971026,-0.3963427302110064,-1.2651436533371632,0.2318151552991603
-0.2406622287693723,-1.3364458210493928,0.0542472326552621,-0.9557183817872036,21.381002479989828,8.926333794140252,-0.2713670545712167,-1.2948149858961029,0.1271626080792773
-0.0879893571099776,-1.3855450707784691,-0.0949909688189964,-0.4607184654249742,15.025820619071284,12.102757852811475,-0.1286076967473756,-1.3368130355257528,-0.0115371583832146
-0.0254887668269915,-1.4244022307697608,-0.1463525776557685,-0.8143521679038839,9.00856845829534,12.680460221707422,-0.0532909351501406,-1.3839177426771498,-0.0718732612073621
-0.0582121188425598,-1.4473497442671748,-0.115700678668547,-7.30318486033351,1.775939739411579,15.891947850779006,-0.0869484621715502,-1.403186842750128,-0.0466869872225372
-0.0699945935869099,-1.4524324287567527,-0.1410720159192374,-8.908896819234318,-1.9341766029647809,21.132965420245768,-0.1162535409749942,-1.3972387423546917,-0.0651219727331869
-0.0510336495823424,-1.4302946701972508,-0.1921320275666554,-4.548254288405258,-1.158879077580432,23.784691909189377,-0.0879153531365359,-1.3779030874357012,-0.124153458459039
-0.1723710536912935,-1.4252221299286685,-0.1504331632949675,0.2356721178206126,-0.8518410222391493,22.50729752542568,-0.1838683514388857,-1.358892580302868,-0.0874502004468853
-0.360409415769806,-1.4161421159892644,-0.1483870895673486,9.670474766024144,-6.673771397641688,18.34460687982216,-0.3672634582065068,-1.3450082264119736,-0.0772861885143893
-0.3493341800347045,-1.3497444830963792,-0.2730064617888309,23.37047814161103,-14.619279120052877,11.08293548951972,-0.3662316419011481,-1.288243468587086,-0.2136278351926065
-0.2159907957872787,-1.2128933723575537,-0.4389033768899651,28.90859404290361,-20.48552709261978,3.473815876103469,-0.2405593360223731,-1.1717352164079484,-0.3751219375258977
-0.19527966729244,-1.0926898806947178,-0.718886015634324,24.099206199551283,-24.471807480049268,-1.9622284435549888,-0.2230581128210402,-1.0854717835258365,-0.6409074974162703
-0.1663848730684231,-1.0330083154409735,-0.8887442142313158,15.850847803522583,-21.912479220570123,-3.30384847019358,-0.1964545172526846,-1.015503931147518,-0.8317681832373707
-0.048634923126346,-0.8798257601842752,-0.756957530772326,15.346030751817624,-18.46974056947424,2.5132591373089705,-0.0738183354345727,-0.8616806028589956,-0.7113238539674223
0.0950431938192592,-0.7328747302055043,-0.7432905387004758,17.002378530738195,-18.4784617955122,12.697473290833477,0.0488314681010766,-0.7559854539933473,-0.684642741463289
