ADXL_X,ADXL_Y,ADXL_Z,ITG_X,ITG_Y,ITG_Z,MMA_X,MMA_Y,MMA_Z
0.0055516024295647,-0.8865914982149035,-0.3530520992089673,-2.132473560621324,-2.3597580030037277,-1.5491034681310367,-0.0156361748448109,-0.907836468176114,-0.3503106356439076
-0.0037256531234147,-0.889221758509636,-0.353341752066549,-2.260376968582736,-2.332172537369772,-1.5038991151822334,-0.0177476060884368,-0.9098356386764336,-0.3452772884181062
8.05915717725118e-05,-0.8874018914038032,-0.3479239663895258,-2.4438072516602,-2.3126165078447576,-1.430593388764024,-0.0144358897253917,-0.9161030269768792,-0.3389468141894815
0.0015569703361327,-0.8992226174887042,-0.3485254539232849,-2.5913664747233183,-2.3756220669952697,-1.4677389189073238,-0.0117242767199257,-0.9208667703073664,-0.3434474341441333
-0.0029545079793722,-0.9047979137617416,-0.3463778129594256,-2.6746115062735365,-2.278915353211168,-1.45983316226368,-0.0137145209330372,-0.9232605837364763,-0.3457126961895371
0.002772077699458,-0.9112503659002682,-0.3611876005991381,-2.640399794697862,-2.136263159189553,-1.4322494776534027,-0.0100807647968274,-0.9294644206512936,-0.3428139941805908
-0.0006343978833697,-0.91475315020567,-0.3638996846553066,-2.304648663277105,-1.9275496936270653,-1.500963779707054,-0.014061572928509,-0.933627564634482,-0.3418114404409076
0.0003109227244015,-0.9096529726257032,-0.3485754801073363,-1.6755675440518416,-1.739058955359548,-1.6080066655418022,-0.0190939774008801,-0.9331486179294712,-0.3402971962925549
-0.0023337294510773,-0.9114367219967744,-0.3528438025095961,-0.8148834960619077,-1.854817585489558,-1.6151491380234897,-0.016596560218695,-0.9318834446430976,-0.3396979729641844
-0.0080801815611976,-0.9049464928225798,-0.356958030139166,0.0363982058923724,-2.01803697724356,-1.6493312362901276,-0.0200636858869439,-0.9296501009663016,-0.3418876456176964
-0.0035007777752855,-0.9072974529150796,-0.3432794867742066,0.8040895351274523,-2.1217181588688176,-1.6769559416084745,-0.0223942365685725,-0.9315464197765074,-0.3419638609932142
-0.006865792575999,-0.9152870446091116,-0.3370580624911111,1.8893385257510895,-2.157981490099798,-1.6092354342367372,-0.0203985986594409,-0.9313678423247296,-0.3390051519038434
-0.0102878353111624,-0.90910611022989,-0.3428958265686525,2.959758333968381,-2.1121290897127345,-1.6556228073475407,-0.0221251007122937,-0.9286718520309668,-0.336507609909846
-0.0083665394020845,-0.9085480947694106,-0.342375119655291,3.890644117859574,-2.0783292239655724,-1.7876647711484692,-0.0220162144975999,-0.929917382787656,-0.33724551037364
-0.0083129380240927,-0.9074833891685709,-0.3398062538817226,4.891418691494546,-1.9308592572223915,-1.9154480204242192,-0.0201870459657568,-0.929558042778774,-0.3387964804181335
-0.0052083675725858,-0.90631946302099,-0.3359499709876927,5.665034967392596,-2.0306654490699305,-1.9913071364941135,-0.0218231846422206,-0.9292607965355784,-0.3379385739225919
0.0014475935047283,-0.8958020356893781,-0.3397194929197146,6.455457757035415,-2.4061944960907096,-2.092262638463625,-0.0214759461834378,-0.9239711232740582,-0.3390060520065471
0.0014264729523749,-0.8851226457860528,-0.3464220858443223,6.909231327955244,-2.59609794686218,-2.164593209944459,-0.0188356960440797,-0.9179716333455712,-0.338990986130387
-0.002900533683999,-0.8958534573842911,-0.3354170988662702,6.837259063670133,-2.569471848576817,-1.9119216322098591,-0.0165309933258235,-0.920194421131456,-0.3350389379011132
0.0008498112547683,-0.8985919373852813,-0.3367519168533404,6.951120739384213,-2.241205970999201,-1.4674258515799758,-0.014856196458289,-0.9201134763845992,-0.3325613719165021
0.0005367907377597,-0.9036099095085406,-0.3400251988358574,6.86361063847551,-2.060607390911788,-1.129707449952643,-0.0139830124821679,-0.9235865105821244,-0.3286407008091197
-0.0057015289118221,-0.9165467082290896,-0.3270332688454037,6.704441149198205,-2.2549419623755247,-1.128441872906424,-0.0135151005938373,-0.929696951660156,-0.3231545469992649
-0.0084268944892003,-0.9192860289682084,-0.3364131986404114,7.127435903644168,-2.5098513128161,-1.3183475324080314,-0.0165116838443744,-0.9303744135980552,-0.322823625765447
-0.0143784735439982,-0.9181983712178912,-0.3451481705387773,7.760993727615899,-3.133668358791473,-1.473855548712485,-0.0204135126951387,-0.9331004645050778,-0.3266307600720745
-0.0179554334938602,-0.9059744091823808,-0.3370498698804467,8.42511002460796,-3.768731904336244,-1.8274427420727704,-0.0266535228117257,-0.928396237731601,-0.3345498586975879
-0.0141785273662853,-0.893800680267014,-0.3520998298236699,8.889264020852249,-3.8088449415489647,-2.076948785827668,-0.0306623215727849,-0.9140611877382454,-0.3453552320860577
-0.0160457563574298,-0.8784146696997353,-0.369701869089717,8.887486590306244,-3.418539855759372,-1.948447558262008,-0.0282263222142852,-0.9046207886454162,-0.3484026772148344
-0.0200416272610641,-0.8614262271740468,-0.3529320244003059,8.681005057316545,-2.800404035928225,-1.7195880516012216,-0.0260698257039655,-0.9002522018238969,-0.3423363788252816
-0.0114660075866331,-0.8706128160677902,-0.3366899155580309,8.09841180687212,-2.4277929873098545,-1.50500587609438,-0.0228422636777336,-0.90292164155485,-0.3341301331600146
-0.0017856257100098,-0.8827327389063846,-0.3419283502675754,7.019514768862943,-2.4406996010582223,-1.461285967302964,-0.0235292846040566,-0.910468979461907,-0.3303863081649356
-0.0030957075458932,-0.8913484327375641,-0.3396842442799015,6.025163340012934,-2.490131684274542,-1.4817686296737758,-0.0210279842159467,-0.9143852613648936,-0.3363695440954033
-0.0051146766186834,-0.8976080518868625,-0.3372237067147711,5.402752420282823,-2.415185088063747,-1.462727318434499,-0.0166579028240575,-0.9201914962639272,-0.341051076839086
-0.0015010194881487,-0.898146360532872,-0.3439881900766235,5.159983769846892,-2.057042873356532,-1.4602569111199737,-0.0193375217855391,-0.9226579271835144,-0.3378531801724797
0.0012538321799968,-0.9004701905297838,-0.3489104837315621,5.371710955096561,-1.6594242872004743,-1.3866519142633824,-0.0155282288427322,-0.9208540079778544,-0.3366268148486421
0.0001848268084027,-0.8921384383314188,-0.3442908037742431,5.8655115361833365,-1.4305892215793712,-1.350573162427375,-0.0149180726787601,-0.924477521335736,-0.3351439446839504
-0.0041640307017917,-0.8946498501765501,-0.3372028494934112,6.313659379764544,-1.2137470005540485,-1.30428191429634,-0.0165321683292464,-0.9230992694575416,-0.3351976419368063
-0.0088617092492091,-0.8988653865144187,-0.3526400859876284,6.474205109811739,-0.9974342010429134,-1.165788978160989,-0.0159845225408373,-0.9175344959724931,-0.3378784285046363
-0.0067840000735942,-0.8936790460946998,-0.3587519943467814,6.407379096385356,-0.8416252520148022,-1.0205097882990912,-0.0216320695739074,-0.9173162405887172,-0.3387264724148358
-0.0060624691447049,-0.8966816791422256,-0.3488698016840145,6.263051372205473,-0.8035086066866626,-0.9556308498024704,-0.0210363564467013,-0.9179578654449272,-0.3431705813864133
-0.0074398884248244,-0.8927893341901327,-0.3502448316272539,6.049168966790121,-0.5855472306598838,-1.036916603375614,-0.0216432922811163,-0.9155364199963154,-0.3422802320354377
-0.0033713962163005,-0.889690595322904,-0.3466052281118189,5.712739396257476,-0.2409792678238588,-1.0647574172436172,-0.023748769664659,-0.9149260385687356,-0.3398546619167336
-0.0096086458049237,-0.887893999437001,-0.3469281622420282,5.368140808558084,-0.1750749777877709,-0.9732186696012524,-0.0207963010910655,-0.9190921918240288,-0.3387086319983812
-0.0150454880281664,-0.8988184700291698,-0.3455609189763994,5.397773071282954,-0.1264156297048658,-1.0103634671491768,-0.0226037713442942,-0.9203347670705248,-0.3329596384239131
-0.0088999573735963,-0.910304846530196,-0.3466328084243142,5.715060972698351,-0.0441886770577343,-1.164153749059765,-0.0245193481273127,-0.9214842666790972,-0.3351997619697214
-0.0134717601725449,-0.892945610942987,-0.3509137648769711,5.937288789800037,-0.1037062564552433,-1.2343033181801133,-0.0249694464569871,-0.9227548059140734,-0.3373287940588287
-0.0141241365402138,-0.8903016264473786,-0.3385414045921153,6.101181338977611,-0.1839969032713236,-1.310656176916441,-0.0266167358029661,-0.9203563764014828,-0.3359414277540059
-0.0083146618442201,-0.8947748331281489,-0.3411668494332791,6.154484305276935,-0.2252373249709914,-1.3625045372427442,-0.0289743755204082,-0.9193242286185502,-0.3368705377178989
-0.0128749574586196,-0.8884837503898815,-0.3504010528717745,6.048859650045974,-0.1290273492593361,-1.2529116698756004,-0.0282987513816806,-0.916184958476552,-0.3361501921841363
-0.0115095997715178,-0.8916325853885648,-0.3466606004606506,5.958027328085377,-0.0075282132931707,-1.2072974736266062,-0.0244703570885953,-0.9152578827722928,-0.335921557543096
-0.0048778607084775,-0.8935929732176855,-0.3429018582657266,5.758999286216368,-0.0208667314379224,-1.282206629081868,-0.0218014635744755,-0.9169148300769993,-0.3351521869677925
-0.0036287062748177,-0.887192482345941,-0.3476290372239536,5.446885928172357,-0.0002444338899275,-1.2934575850005123,-0.0192940127433417,-0.9149357102096648,-0.3348609162396244
-0.0105976983749889,-0.8810592759141505,-0.3512382305781202,5.268249004238683,0.1102492288665878,-1.188050703570405,-0.018252209087986,-0.9145943053210346,-0.3366507630339956
-0.0123094024205431,-0.8836579059472911,-0.3418869890836135,5.12274212628383,0.2346106923763791,-0.998065556751036,-0.0167350104245794,-0.9134913954134074,-0.3397966737674416
-0.0015151986553064,-0.882481034617883,-0.3490529524636702,4.96260914273264,0.4721392615953722,-0.8790337633937095,-0.0169780365804132,-0.911558684443854,-0.3387407607038634
-0.0018956451156404,-0.8881499293222741,-0.3525105472794466,4.885543464655316,0.7947176640337114,-0.8630893507674012,-0.0164589090000928,-0.9112954930826328,-0.3391008213109759
-0.0062549815985197,-0.8906000266779939,-0.3411448850375654,4.777333349276591,1.0312765450116352,-0.812217286591122,-0.0136984905627676,-0.9108337635939546,-0.3415745847600231
-0.0041970563040036,-0.880337727503588,-0.3423129562259697,4.584788418336318,1.2359031598267085,-0.7153701056524756,-0.0162950232990843,-0.9110027014172192,-0.332956347052901
-0.0039616101900957,-0.8859776528083108,-0.3332488112233974,4.372347391659106,1.3909435626218716,-0.5407143489686022,-0.0181575121371748,-0.911345018875248,-0.3329085723949616
-0.0020620616206079,-0.886386536807666,-0.3357667313980992,4.150480025044209,1.4202285557078678,-0.4048103003193325,-0.0197473771803806,-0.913526358995516,-0.3371302645679815
0.0034138236469838,-0.8946589219637051,-0.3490635478842382,3.803120052985088,1.364381174442457,-0.4485993848194697,-0.019945079946491,-0.918111418064979,-0.3283431728178635
-0.0002423297818897,-0.9082035143661028,-0.3381232304990901,3.461151163413689,1.304885529130359,-0.4235821881176753,-0.0190766155283265,-0.921407268578194,-0.3305196115593138
-0.0160833349717923,-0.8977195661253639,-0.3357964958773284,3.350405163592137,1.430699203466759,-0.3394792294876853,-0.0223281596071107,-0.9229711021519262,-0.335916908825614
-0.0134187175662013,-0.896495194141236,-0.3493516046861759,3.43822209741578,1.5686125170775969,-0.4344098749644162,-0.02108598308731,-0.9248291674777156,-0.3330473896497649
-0.003880951529105,-0.8986039640919787,-0.3483328420118963,3.607211931876496,1.587311417267985,-0.4977705224279238,-0.0215457048385615,-0.9245984478664636,-0.3329857775704041
-0.0058270034416529,-0.8927572891035077,-0.3443241451363019,3.605262636825384,1.629555133438444,-0.4579286059114247,-0.0220497341641027,-0.9243756805672484,-0.3347824272225261
-0.0004971714651711,-0.8957373944067316,-0.3526936617466598,3.5181689826973703,1.5866584284072454,-0.5111041944912456,-0.0189026333791572,-0.9209255989475196,-0.3382825378829381
-0.0008990434345628,-0.9012848566530792,-0.3472277336129814,3.535030199062304,1.5698563043767484,-0.5114513198633014,-0.0205396117513508,-0.914448277742868,-0.3370682669379525
-0.0027270581846004,-0.8944724060203432,-0.3422233888012341,3.5649381144153454,1.6636880092581716,-0.4683731804380107,-0.0206847433050261,-0.9172877296412916,-0.3360523374329571
-0.0009489022665071,-0.8854750699168837,-0.345379435367216,3.471125601692141,1.7643444252898672,-0.5457638223164958,-0.0193880626651637,-0.9177148724520652,-0.3391463211008058
-0.0042445522604664,-0.8901335366267406,-0.3487144375556728,3.204930386092852,1.8689804265456835,-0.54573739183371,-0.0171683229959194,-0.9143378698350138,-0.3383529068934878
-0.0061601736754104,-0.89050272550811,-0.3532227687250375,2.997602214333328,1.9774478480853648,-0.4720969799521869,-0.0163550106870499,-0.916271497016558,-0.3361695006157503
-0.0083869907242457,-0.8891745459590336,-0.3350439341651804,2.8550724114891626,2.0472405735184838,-0.4548293469770167,-0.0169957622669513,-0.9156105554963708,-0.3348658984994819
-0.0004895143968648,-0.893615182310499,-0.3360882153359826,2.913844625606916,1.983910351906801,-0.3779516062506585,-0.0157286521901149,-0.9187678139766582,-0.3357320839021927
0.0018968085579181,-0.8926769367850289,-0.3510964340568364,3.270113492167218,1.9957900018194807,-0.3291786869419276,-0.0157927784730577,-0.9203117205229594,-0.3347402560742062
-0.0008952347441543,-0.8901957312670932,-0.3468800375887373,3.4397148676425893,2.0640411034839983,-0.3525781560407989,-0.0133262299804028,-0.9160543086599522,-0.3352342925134476
0.0076788419087774,-0.8903394397655466,-0.3470199521405299,3.440716253653851,2.1062328126712093,-0.3167443142148631,-0.0141591043905232,-0.918531061273682,-0.3415115828273306
0.0077187992514103,-0.8949136609165226,-0.34424106173564,3.5505871040562837,2.3318671239843263,-0.2370251813028913,-0.0143706518923592,-0.9230470596684552,-0.3434496203964096
0.0044780525815441,-0.8989927542610441,-0.34810556718075,3.748009994461472,2.515971793214872,-0.1216516045387963,-0.0105091031567596,-0.9264746981911952,-0.3405530671581824
-0.0027659779296301,-0.9029828709597456,-0.3502155182351787,4.113013123205551,2.6574641709432907,-0.0891465471434975,-0.0115099144304082,-0.9306251621157436,-0.3397375405337746
-0.0040722927255575,-0.9067115668751098,-0.3442786679831339,4.648387747629014,2.922887279087239,-0.1055843698966261,-0.0151897404312331,-0.9351473603308244,-0.3423923338175502
0.000744136219345,-0.9011718557202804,-0.347465394893894,4.978372856092195,3.15371705342194,-0.1487427492716725,-0.0203805105632413,-0.9332074842316233,-0.340167913233024
-0.0078219938069187,-0.8952435232607451,-0.347061166669212,5.017474589821884,3.344106389424832,-0.3866063244290756,-0.0218015410678547,-0.9226659643394348,-0.33452844501003
-0.0042310785271442,-0.8983167108497746,-0.3464653608644861,5.057863547817947,3.503720327341609,-0.4843402958182469,-0.0228942499289964,-0.9173317242587568,-0.332868203554039
0.0010035598479731,-0.8923159185918492,-0.3515984786166116,4.9377064682974,3.648873759567312,-0.4415034964846375,-0.023161996882522,-0.9127861432801394,-0.3325551868808752
-0.0028684938967492,-0.8831543025415043,-0.3428720033364892,4.492653947795887,3.708886252708664,-0.4442681927567764,-0.0197514564504786,-0.9077736137162608,-0.3336729941259753
-0.008158622286623,-0.8829295818302287,-0.3239325192479716,3.7959413391160566,3.4764464593534816,-0.2811923178049563,-0.0202240105967372,-0.9102423103299128,-0.3296849771263132
-0.0150146430363802,-0.8762015342388232,-0.3292880696865106,3.058457763888013,2.9963037941108435,-0.1486566119392066,-0.0216832721928429,-0.9112574803952684,-0.3265697964443731
-0.011863035246265,-0.8883611773357656,-0.3363183840554656,2.433251710829333,2.43756955275091,-0.1423826059694013,-0.0239808297444232,-0.9123532082078742,-0.3331848024535364
-0.011133755869039,-0.9008585522868524,-0.3347319459517899,1.866278236806618,1.9685355978014445,-0.1518744409151993,-0.0238823164258678,-0.9169257488962634,-0.3362880813851703
-0.0077683729030593,-0.8913115855475954,-0.3512169474931784,1.5293168518493323,1.7140673850608483,-0.1679885279123862,-0.0260559342835582,-0.9228850354847612,-0.3361224242311082
-0.005293292826209,-0.9016854382821822,-0.3503266065934465,1.630539305732793,1.5540543486002405,-0.2412434385739971,-0.0302030421121197,-0.9270199473361932,-0.3399992573684969
-0.0132586668985113,-0.9111985994353428,-0.3430448089012222,2.4125122795935163,1.479815734340551,-0.3411872250097565,-0.0263655716711872,-0.9263159208139418,-0.3408077966378087
-0.0135980944183801,-0.9076493277134644,-0.344170817183633,3.612126935649758,1.4852519539626627,-0.3650589544523155,-0.0256661550654845,-0.9266915791842374,-0.3375648342313473
-0.0113072954519414,-0.9010815390164436,-0.3361673899442938,4.5233497142021415,1.2849017278521218,-0.4422993154828418,-0.0258421095103965,-0.9212127812549868,-0.3376870312766972
-0.0064985867518366,-0.8902398503121549,-0.3405610659963099,4.677610363291855,0.831108736342069,-0.572212831445525,-0.0221504378996798,-0.9128304434292026,-0.3366470157608893
-0.001221005569168,-0.8968339160456326,-0.3342722036224876,3.895761215345954,0.3148323986933212,-0.7100921524952312,-0.0204666979926993,-0.9162397902811246,-0.3308605967060016
-0.004972341766332,-0.8971510384403141,-0.3349979830525957,3.0580260915944564,0.0185294582314085,-0.761134318838678,-0.0219293520391758,-0.9209131748962344,-0.3295129187330571
-0.0090693367767034,-0.8894438520354968,-0.3498372254714196,2.8086507730254016,-0.0152621786434472,-0.7082442722547972,-0.0243703796478602,-0.922009117502582,-0.3287688351160949
-0.0132381687944511,-0.8995864313345532,-0.3352710372900333,2.701390873933667,-0.0972550841591186,-0.7534867113938079,-0.01976489133529,-0.924252517312972,-0.3257375303081908
-0.0099895927000316,-0.8976173809695016,-0.3307712383282942,2.7319103785874668,-0.2253225628990718,-0.8984074932884577,-0.0174242347921729,-0.9227658685630444,-0.3290267557827464
-0.0041961225426745,-0.8908508415881681,-0.3376524199787498,2.881698203680244,-0.3017030303823972,-0.9849426773187304,-0.0189516334365499,-0.9211063874147004,-0.3320167450164349
-0.0037906348965234,-0.8972389970708263,-0.3356210281183239,2.8070665058879825,-0.2823670130370392,-0.8724364233754023,-0.0170890917215942,-0.9204596837182883,-0.3314916514028319
0.0019314907169019,-0.8979569036357988,-0.3432971778796371,2.7287164478361934,-0.2113531459084162,-0.7599884151116519,-0.0182554174936505,-0.919922472974849,-0.3324035448406384
-0.0008960209018996,-0.8935884805438175,-0.3475141176965153,2.975357476863212,-0.3019888862597966,-0.8034406612905495,-0.0164542581946701,-0.9215721373237156,-0.3339369600071196
-0.0060068550276834,-0.8826386987876247,-0.3426121792665926,3.2434347077621983,-0.4242027689336385,-0.7414169636539485,-0.0126349270773234,-0.9180702898290588,-0.3343690771063728
0.0001133449923259,-0.8868993957711204,-0.3451831597190039,3.036355991682848,-0.4231803545618927,-0.5858609689793921,-0.0127940619770003,-0.9152913417204952,-0.3335378608506319
0.0013420013095519,-0.8960148728259207,-0.3464057221046154,2.4664115932550774,-0.3595991189679956,-0.6215221488576287,-0.0153775739705952,-0.917964317690531,-0.332428737008092
-0.0011417161814622,-0.8793949986548218,-0.336156551690277,2.1080185579496646,-0.2861874137168502,-0.6693310998596536,-0.0175158963561824,-0.917703223428694,-0.328413606633516
-0.0045667269017896,-0.8882078538723276,-0.332947964257718,2.06885228818272,-0.202724822873814,-0.6430312186980512,-0.0158236637402856,-0.919907981620737,-0.3265044742797754
-0.007683936587541,-0.9090215978907144,-0.3366084697364914,2.0473818507562425,-0.0279528609946044,-0.8121757441465408,-0.0184657180939808,-0.9218564599684224,-0.3256226992331738
-0.001974840310004,-0.9040420866613696,-0.3324477201776268,2.143732450589038,0.1324634135373824,-0.9078443690340416,-0.0210363598082034,-0.9207414711269928,-0.324128194296209
-2.4710192035425483e-05,-0.9009582424251196,-0.3288412614018532,2.437539057266844,0.1773725979492545,-0.8859023587536772,-0.0201930009398712,-0.9215161323641432,-0.3264151919614615
-0.0056158950497796,-0.8894790940470539,-0.3453816288367554,2.67330785591346,0.2482123852940971,-0.9008178357876306,-0.0209899046296097,-0.9195549589137684,-0.3279775678146774
-0.0031172262165142,-0.8904334818900019,-0.3442616148110597,2.805580926430834,0.2965229027001393,-0.6991369451448464,-0.0192481255048442,-0.9214485205810984,-0.3315590250068962
-0.0020279074554861,-0.9035448408810514,-0.3248249439241058,2.932849657919049,0.1586540402754667,-0.5844313082242135,-0.0185232733276844,-0.9235388711503404,-0.3298151560964735
-0.00380475313368,-0.8967019256792488,-0.3348456287235268,3.005390159764529,-0.0591570859674135,-0.6677484872981015,-0.018720713950457,-0.9210587422662024,-0.327172661490573
-0.0047965783023958,-0.8991908723650646,-0.3434241760583068,2.9882923389905383,-0.184472461374222,-0.6679562778859746,-0.0211031739797476,-0.924380004825489,-0.3332185817146857
-0.0099273330866254,-0.9062112851409526,-0.3453188533216463,3.0509754709837504,-0.1682479285527469,-0.7492495686273629,-0.0244786166120813,-0.9250875520407597,-0.3321418885667554
-0.0036912167967002,-0.9073395663664592,-0.3414916570382488,3.352600416891483,-0.0238810802849467,-0.7427052020105224,-0.0196132543270648,-0.9237583766099176,-0.3319591681574912
-0.003965692398276,-0.9023464506590212,-0.3445818868419019,3.855563795121185,0.086723758128855,-0.6800077128046031,-0.0153125006002542,-0.9280797272265178,-0.336878230962139
-0.0133261125500089,-0.8925137299044963,-0.352618909409404,4.2723225798053415,-0.0205984558410229,-0.7588373805244432,-0.0184502476762501,-0.9265239489556132,-0.3361004876255807
-0.0023411896754449,-0.8981027292003123,-0.333551847355987,4.368868565998448,-0.1436205708146325,-0.7072062876265987,-0.0198841377298842,-0.9196519871303884,-0.3334072907418758
0.0044351011640316,-0.8955498238923979,-0.3398607512868187,4.257335271709609,-0.1503267004456404,-0.6778761225809984,-0.0190544854728614,-0.9152922283926784,-0.3289619168556993
-0.0036278944967786,-0.8829536825772833,-0.340908425649612,3.917763956790322,-0.1869475659695823,-0.6731842186756165,-0.018947605811693,-0.9138078397062376,-0.3273137838014083
-0.0026507072771238,-0.8884102178347877,-0.3241663912063399,3.4581510388344747,-0.1383206705003935,-0.5884178434200007,-0.0181248815108263,-0.9170601194695858,-0.3292057984224348
-9.469626669466122e-05,-0.8971447562363044,-0.3450901650436166,3.1585744430730567,-0.076577317993938,-0.583647062328841,-0.0190870513944591,-0.9182314774415136,-0.3297853322741418
-0.002410983940214,-0.8941593888418291,-0.3451736872621044,2.8881596423881057,-0.0530295142602529,-0.590796328885525,-0.0204628620100962,-0.918526669901048,-0.3322316969483692
0.0030728221020608,-0.8948140624437204,-0.3272584509974447,2.7099576010558946,0.1069156776323414,-0.6591844161760279,-0.0199287975816581,-0.9223599943057376,-0.3348335882743447
0.0045328285316759,-0.8990095957475446,-0.3403816590728631,2.7213798972373326,0.2252351650425921,-0.6753537568289532,-0.0170531602235576,-0.9234928680320602,-0.3324412795078598
-0.0018513015221189,-0.8937856188963426,-0.3475701695822238,2.7968857841391155,0.3203700109815182,-0.6074185106125082,-0.0149446447776457,-0.9264385615348928,-0.3315775748251337
-0.0027324805398582,-0.8921106433826241,-0.3431897529457087,3.0098364454163646,0.4542485522449727,-0.5852896695699508,-0.0156263790498007,-0.9253507186578008,-0.3382547316233087
-0.002202906558871,-0.8940902551960915,-0.3457548898075571,3.216943627333777,0.5122932392010018,-0.551819092950227,-0.0151968190390917,-0.9178641656391232,-0.3379185977333206
0.0020354229347602,-0.889967754342135,-0.3441076273118486,3.296930459739255,0.5466629445673955,-0.5759380274951638,-0.0148152300946875,-0.9176442988364476,-0.3323532745912837
0.0029582416302411,-0.8894932277752274,-0.34683940310349,3.300213396938125,0.5408258004730115,-0.5968510879032111,-0.0141340052885514,-0.918397659991352,-0.3323379031791682
-0.0002440767607545,-0.8872293591289544,-0.3460051592625289,3.197338312491953,0.5892388983093663,-0.571095622495266,-0.0127153856496448,-0.916906139546659,-0.3291696636838382
8.534789255675955e-05,-0.8856828907631984,-0.334251736624284,3.070635080571384,0.768856343567439,-0.5304462614301407,-0.0119646357714051,-0.9176780786056856,-0.3281767927279053
0.0005040888562892,-0.8962967208651718,-0.3315596767646345,2.939618429018068,1.003759332006732,-0.563000724463375,-0.013584940098966,-0.916891013858232,-0.329051472061224
0.0031673137244297,-0.8986207339158205,-0.3375749376947328,2.913632025746318,1.23668911828323,-0.6601827798848644,-0.0143694590416707,-0.9195152258010412,-0.3266463775377764
-0.0015525038010248,-0.8960463861379928,-0.3407587161491888,3.0835781999248284,1.3925685911503498,-0.647168145648449,-0.0115940941382219,-0.9241310097286608,-0.3283726704864906
-0.0007108387463089,-0.90371895085258,-0.3326293410947329,3.350699154799986,1.4870786176421027,-0.6625381980230574,-0.0138825819746573,-0.9228851118637512,-0.3304414513549002
0.0017113463083346,-0.8990563462416363,-0.3310323494425097,3.688781525887647,1.4828177466628674,-0.6562733816190345,-0.0177602655663435,-0.9218260087093654,-0.3283339471130722
-0.0082127245421939,-0.8981958632266248,-0.331761693306245,3.973298815279482,1.408437995979488,-0.6098334956199085,-0.0189080327702496,-0.924586644511986,-0.3256741524558095
-0.0033980127482539,-0.90772639320458,-0.3269383312154751,4.187730924861102,1.3738254886439225,-0.7108627041380313,-0.0208648816500803,-0.926033531152545,-0.3242836141821535
0.0007852156982433,-0.9005970975760119,-0.3270971638206624,4.334185118171399,1.2863434466397767,-0.9121340028173778,-0.0192379715613291,-0.9252147286006572,-0.3216106951957826
-5.60198031780869e-07,-0.9012194203323978,-0.326749279337134,4.338733553349148,1.2167882004939443,-1.1328529791541406,-0.0169314497726404,-0.927184225661629,-0.3207871447221212
-9.513094670662913e-05,-0.9011913946651448,-0.3348654594327394,4.346355410162478,1.1662742901205367,-1.2255684809223928,-0.0178061005279357,-0.930529063931241,-0.3220240042316313
-0.0069095050518518,-0.8986453873679148,-0.3294505603479828,4.298672905522596,0.9804242003643436,-1.2061504025713057,-0.0180510429962948,-0.92881428033974,-0.3229989324559695
-0.0036893796614088,-0.9098978630752936,-0.3304453342081233,4.159186234722957,0.8349818641183514,-1.142479480615495,-0.0181506167696008,-0.9267069834678074,-0.3253335043318397
-0.0077533568425663,-0.9014570834562352,-0.3438314617482857,4.142238677296581,0.7442900759088541,-1.0052530151850556,-0.0184807735243142,-0.92719192243326,-0.3258682822001879
-0.0065667258562467,-0.8930387912534852,-0.3333332922125246,4.182298393543804,0.6934741239550805,-0.8737390893108845,-0.0152824136877344,-0.9263464348204116,-0.324187004426408
-0.0008519110501033,-0.900419434091547,-0.3270777139598878,4.205869477125664,0.697160606005777,-0.8022099863808441,-0.0149562878074186,-0.924792524594236,-0.3207582484259684
-0.0123007813415092,-0.9052643445400428,-0.3125868864910162,4.27784511544058,0.554412294368952,-0.7932721770722998,-0.0201329455952846,-0.9245294246067018,-0.3169102985591853
-0.0099054501085394,-0.8999591289209263,-0.3193139216766223,4.377937705957219,0.4362890802563622,-0.858710151235772,-0.0195963444388698,-0.926016995425356,-0.3167361509723221
-0.0083311005891025,-0.8927886685478564,-0.3401394627711349,4.474739882809969,0.436675281091212,-0.8892278441290508,-0.0199316589300261,-0.9248072489318028,-0.3211446145159775
-0.0100843617098379,-0.9034657206978616,-0.3163623221165347,4.473954572279977,0.3776936279236079,-0.8412020278484031,-0.0232506874405098,-0.9240182903042754,-0.3211485551995255
0.0002891360143407,-0.9029326119065632,-0.3156332669069294,4.595594834793281,0.2736532328357557,-0.8912882648279602,-0.0218644729460729,-0.9273297138261564,-0.3198669971994778
-0.0037338003067254,-0.8976534599527786,-0.3366297116785452,4.91631509658967,0.2103793358146795,-0.8586661748519195,-0.0206225600355625,-0.9226193772883288,-0.3284984600050313
-0.0072859580861582,-0.8936151817935989,-0.3384534443525172,4.817878808042356,0.2592815114461989,-0.7222275156696265,-0.0178539724485707,-0.9149213224803122,-0.3316702775515924
0.0030493415009561,-0.8816125406317814,-0.3295494840473538,4.281610313444396,0.3481037038737393,-0.7039389335017824,-0.0167478184488421,-0.9160312785905668,-0.3270855493781237
0.001431579066384,-0.8934289453871653,-0.3155513845665076,3.737686454764831,0.4292025254460072,-0.6271679821861914,-0.0181665209734293,-0.9191889524405266,-0.3209087499839022
-0.0030367481718228,-0.902450033475268,-0.3149466039502967,3.148942111890956,0.4402082915730766,-0.6869162821311477,-0.0171310113012266,-0.925234995495621,-0.3117146073754454
-0.0007132666432044,-0.9067093147104645,-0.3182977630595729,2.907759342877853,0.3558619915079699,-0.8297726501588744,-0.0166159047717405,-0.9315330046139706,-0.3138296913614503
-0.0058744407632509,-0.9111918497145786,-0.3237750729118449,3.4059408804339526,0.4360985573975112,-0.7786119850206987,-0.0164201019503617,-0.9304829866128445,-0.32126601961869
-0.0034951826892855,-0.8950192086144939,-0.3333023711766018,4.061036273671386,0.604456076690731,-0.8535106074162289,-0.0154890682806451,-0.9278846187384582,-0.3260943969381999
0.0034537955496766,-0.8937611121455269,-0.3401173360916987,4.502476550931225,0.7294887789840602,-0.9072546920575206,-0.0147117320447133,-0.9272222855868746,-0.3286520805271856
-0.0018053351974821,-0.901819564578648,-0.3396129395155627,4.751045852794895,0.9376919482872486,-0.8368296446737862,-0.0164440167373143,-0.9266753716117828,-0.3231773978598237
-0.0010981602157224,-0.9021005570962544,-0.3339148220391403,4.808996855364045,1.0391398988091776,-0.8796862082329348,-0.0163586278386351,-0.923926682005322,-0.3221227831188612
0.0001423845583689,-0.8968889614473263,-0.3302252577389022,4.957521917978167,1.011950558964505,-0.8996938197566883,-0.0156970500129003,-0.9202570094763648,-0.3244800382765423
-0.0037375902983287,-0.8908136895170509,-0.3331961986631365,4.946904063690727,1.0577737354017849,-0.7823576334794871,-0.018953931457069,-0.918729877392258,-0.3257537507919121
-0.0005725330607178,-0.8939758757966587,-0.3386254726931876,4.544067309669569,1.1624862243378993,-0.608654115213532,-0.0162738202379339,-0.918367430855336,-0.3302440581361916
0.0010136610080399,-0.8888580754043965,-0.3301942370971943,4.02718123817011,1.2623645952756142,-0.5372509996129591,-0.013406765740638,-0.9181782010068776,-0.3303034285519416
0.0052088093418223,-0.8915683464972359,-0.3327529000291919,3.62029722470084,1.3979711159304944,-0.428028824533675,-0.0182826505815866,-0.91848977356873,-0.3283151659755799
0.0027194347657793,-0.8976548913116061,-0.3382420481619526,3.472462071206403,1.6053364925033458,-0.3292613118868643,-0.018021396659562,-0.9188846711056248,-0.327468973449823
-0.0071974512815705,-0.8894085785864001,-0.3282756496557245,3.339449809109891,1.7476862525895036,-0.3564545500994307,-0.0160347841629282,-0.921097615232926,-0.3282830968737372
-0.0014188246270655,-0.8960081206105348,-0.3320570395363613,3.294082343849673,1.7410806826751737,-0.268703543172554,-0.0177444935084408,-0.9258974933742375,-0.3263975063973292
0.002940693590034,-0.908570269610915,-0.3331457178408791,3.450365739224724,1.5953767981008156,-0.2514442826495676,-0.0137678179885512,-0.9269941434300526,-0.3259153120131526
-0.000844909810735,-0.9000245295966613,-0.3344546661613145,3.6065267308192728,1.5020471245293234,-0.22276232626798,-0.0137339773392857,-0.9256786005359904,-0.3335223481886107
-0.0041477107401165,-0.8931290194376886,-0.3468561864858905,3.827238641133607,1.5543334747466102,-0.1164210786708742,-0.0181726360676991,-0.9223746076827108,-0.333495829506067
-0.0015584717718541,-0.9076011556529564,-0.3481769412850712,3.951211376233922,1.5129832234102043,-0.1928070808353887,-0.0176451567804775,-0.9175477777975533,-0.3334104814890248
-0.0024200663880927,-0.8972672267362897,-0.3471102586134934,3.890072125600194,1.3857481164243597,-0.1488509871165741,-0.0199971748029179,-0.9183307644576886,-0.334401944544772
-0.0136141525701996,-0.8788745913140878,-0.3437469936558118,3.550053045470884,1.2077164893941772,-0.0533221180279589,-0.0216388492486305,-0.9179229087508104,-0.3302256830017673
-0.0081937002184198,-0.8909033091147117,-0.3397779670443535,2.9422951086845583,1.0927124237633643,0.0021934996473558,-0.0222368494065198,-0.9171088385772536,-0.33095899371066
-0.009233606428832,-0.8902177755442229,-0.3407769615424957,2.333082457333272,1.1452521048354365,0.211390322782123,-0.0273234799114499,-0.91698537613749,-0.3305577707113665
-0.0172567450663803,-0.8878284498301676,-0.33857920890902,1.6648110270498189,1.023387476306337,0.429698158902982,-0.030443094928704,-0.913813456200189,-0.3347662861868171
-0.0140887890161336,-0.8846843521530883,-0.3415157297033728,1.1094645259377296,0.669228686932098,0.6696814182785469,-0.0310411787126903,-0.912090481841104,-0.3412205025807375
-0.0177258500776445,-0.8801272261996638,-0.3489468553450187,0.6425323904117861,0.0772824031993427,0.8421443233821182,-0.0338068187995103,-0.9073326045049952,-0.3466611497305476
-0.0147904894469298,-0.8837907165035985,-0.355152549988435,0.1536733939130578,-0.6451377678760052,0.9261098750046608,-0.0370651501018091,-0.90321946057099,-0.3522764889364252
-0.0234786222664066,-0.8735954304317823,-0.3557136711673658,-0.0424164805838582,-1.1294580496893396,0.9661931434895932,-0.039974625362525,-0.9008622612890704,-0.345954180413777
-0.0286152413083831,-0.8835688127472096,-0.3468794474453777,-0.1262425289713311,-1.4860336800904157,0.7061190369051552,-0.0397327269803446,-0.9031901706397376,-0.3424707429306011
-0.0161084933133733,-0.8888906580172702,-0.3470143364537289,-0.3311044047166183,-1.6699200925937014,0.2154207122110485,-0.0327216577034099,-0.911425329375487,-0.342977616821904
-0.0179420732578856,-0.8871386714798072,-0.3525247170148959,-0.7045510814715142,-1.7840168733600563,-0.2571438345474988,-0.0277608155575126,-0.91238246670285,-0.3357194178635601
-0.0100343719087768,-0.9003894059374021,-0.3425926502913316,-1.2170169560195276,-2.021775712055694,-0.6271166172225029,-0.0217371074522423,-0.9162823012221896,-0.3305910045877028
0.0004414957641872,-0.8881405995209802,-0.336156935901945,-1.5768585838597198,-2.1052747382516976,-0.7936052325162595,-0.0158698699367473,-0.919891761937706,-0.3325793669087006
0.0022882302885562,-0.8879589508292222,-0.3462433487174693,-1.767250264145282,-2.2299186013167724,-0.846831864504371,-0.017501977062759,-0.9167043429945434,-0.3393942495183525
0.002774291337989,-0.896718082903881,-0.3608655235797524,-1.7849705204772142,-2.317862468708847,-0.8395282152724015,-0.0149889519484933,-0.9164376954424168,-0.3430455337320104
0.0007470560005156,-0.8884102800160325,-0.3630038250671712,-1.7422198030390903,-2.1380726098295493,-0.7181436433034939,-0.0140157018246365,-0.9122597602919972,-0.3438273985098111
0.0047455484978399,-0.881412198400261,-0.3564880339348534,-1.9964236645724125,-2.031226531122704,-0.693008139979747,-0.0157242938056552,-0.9096084615511288,-0.3460209052632103
0.001257339096884,-0.874712731598366,-0.3642630233675125,-2.638915325502149,-1.826571707494285,-0.6997364721751833,-0.014025969763479,-0.909754681172538,-0.3491617734471818
0.0007407635383857,-0.8799393267922012,-0.3614549561470282,-3.423802416836623,-1.492728720787497,-0.7664647768461156,-0.0156143007902706,-0.9103939429697536,-0.3510294274501966
0.0038750432395575,-0.8848246698506164,-0.3534206426825867,-3.900121297909265,-1.384182560141726,-0.9643305953419136,-0.0161954013998408,-0.9138096953227676,-0.3475574101403044
