ADXL_X,ADXL_Y,ADXL_Z,ITG_X,ITG_Y,ITG_Z,MMA_X,MMA_Y,MMA_Z
-0.7686628831585474,-1.518594207814732,-1.09301070274734,-73.1266169415418,89.08812728020058,10.327979751252922,-0.7450220039649381,-1.390442297180296,-0.9480873686561224
-0.8223523317674675,-2.234780920181991,-0.5686547241074628,-31.226061872896448,113.04908699466326,28.17604566123805,-0.7712207273399723,-2.143696323183004,-0.4514850547764804
-0.4186358619743922,-2.591236837150704,-0.7663870023143924,5.90324653562049,104.01272303821304,22.91953638205909,-0.3440373295109269,-2.552150032667778,-0.6741327403185061
-0.3043147786103503,-2.6536483311173225,-0.9415284233610484,-16.39822023516995,64.76978827690327,-14.99652843981053,-0.2611995805425349,-2.572073525819889,-0.8466106707773398
-0.2882010730586921,-2.637873351683356,-0.9577515104065148,-28.53266716631664,24.755347414171784,-38.86028632869715,-0.2569968196070129,-2.5278873805548403,-0.8642166177243591
-0.2221093856630565,-2.60537628442695,-0.8631914012039839,-11.441563836684193,12.163653893683875,-40.31264549448564,-0.2255118853835472,-2.514946626329378,-0.7470251152121403
-0.2271052482777006,-2.6336194326518063,-0.6009157684183113,1.6257755780559415,22.78139747668324,-22.250496139251403,-0.2356532413989177,-2.553151914739177,-0.4829100285637762
-0.0255800154129798,-2.5920600621616234,-0.4562065708570683,19.064659295547767,38.02052260298167,-4.423298069069301,-0.0191996885408722,-2.497945249967013,-0.3364535807793636
0.3032444405221343,-2.3185562469029297,-0.4749172583539898,32.966681293760054,45.85384705302479,-19.64985981092993,0.2825948828280907,-2.2378821377721883,-0.3649852277836922
0.2957026053676266,-1.8439254639755531,-0.4940337216541147,33.588547227935145,50.87182839449133,-49.800795203519726,0.2689058736022711,-1.7823402021519217,-0.3797361773010922
0.2941201802458835,-1.4932987258627335,-0.4303768244896301,36.12127944157096,65.23272877143239,-45.240136387685126,0.2769669097542208,-1.4411473471328535,-0.3065643496756491
0.4250004819405346,-1.2584706796380718,-0.3470994761039991,44.50990760062075,79.1411012648276,-22.88609660655656,0.4010611871479744,-1.2133138590940664,-0.2291227896127914
0.4972722104053041,-1.0114903100778103,-0.2748353060831952,51.80055705718768,85.549844959095,-14.62339263644986,0.4628978369764766,-0.9696158449466912,-0.1428702358976866
0.5656400082108152,-0.780853813613472,-0.1428413900493865,56.22024465013081,93.10829987231972,-10.092177904426148,0.5344715253304728,-0.7577975369828068,-0.0064797965059207
0.5549266609146164,-0.5999333551570568,-0.1289413838785859,57.70090371691915,100.68849973870776,-1.7920298813499334,0.5248523318764047,-0.5917549686953533,0.0134442139099076
0.426895539098203,-0.4284650629398938,-0.2227787231543961,48.71633487716836,99.54063723263904,10.011647299560511,0.4268706148925495,-0.4361312159966456,-0.0795829230425178
0.2113967285734447,-0.1531906598199271,-0.2559183771987605,42.99351685972985,88.86177300820768,19.815665444367017,0.2541892054669857,-0.1577586928341245,-0.1240530775382063
-0.06357871629051,0.1122087776558302,-0.3216708162553672,55.81240832049397,80.09462651905294,24.95856307037057,-0.0390325657894524,0.1310263131562972,-0.1806925049338014
-0.3808109278939134,0.3625710555216497,-0.3467143968348475,71.75236561896207,78.49866195993054,27.40349346421683,-0.3651264154580782,0.3570389212434008,-0.2014641105590274
-0.6533855469692793,0.6363799540466127,-0.3066359135767366,77.54573467642945,80.11325396457357,27.11603652630897,-0.6146300787769012,0.5896234614212688,-0.1636950191122583
-0.7188404068386798,0.7480004768582968,-0.2691903870082618,64.04374418529194,80.85448666438553,30.17502177269732,-0.6852530715509677,0.695846725628526,-0.1301484936620336
-0.5817510958535215,0.5899857935198867,-0.1756598758521471,32.64569312041098,70.53894400709825,34.56312644275809,-0.5585658071563886,0.5560962530546834,-0.0387679601240857
-0.3447607310588182,0.2792741822641744,-0.1236058717606556,5.612731450850702,47.98765802958867,31.744330403142445,-0.3223031012282191,0.2730682360737873,0.0199762896542313
-0.0936826750473628,0.0787025839243392,-0.236899709862658,-1.1189653523573675,30.148157761644608,24.539522140192407,-0.092644492978758,0.0976543031741237,-0.0813728183499052
0.1102429077854879,0.0825765635926887,-0.5527404964920213,4.499530660933267,23.77750168243541,21.23312720749828,0.0991320373171895,0.0819139454587155,-0.3877269789690227
0.2001563068457195,0.2268262206147938,-0.8119290809379984,-3.563919386127056,15.617962994226842,18.59694952551036,0.2082189923193174,0.1888798305594912,-0.6747158017269547
0.1482798159440793,0.2675899477273665,-0.7577176141031393,-25.22977759713248,3.28420354496324,14.677713785796142,0.1562307336205939,0.2583681244539941,-0.6559464957593966
0.1142976423773188,0.1321945628931752,-0.5327968009118355,-27.60234095940119,-4.666137617477232,14.76360865552737,0.1057652052157479,0.1702359052202227,-0.4228709808926063
0.1027451448035056,0.0172533285929886,-0.3577985918634437,-1.7141253745553828,-4.55476641466392,14.247269497898378,0.0965120291746236,0.0578787193471076,-0.2297193276957379
-0.0038455857517146,-0.0818878054977099,-0.2854553605165031,21.36520508087821,-2.086555494613852,11.098086152472735,0.0176495101244106,-0.0547145919512566,-0.1607365472343528
-0.1530329279580974,-0.0985373135725075,-0.2112378364726079,28.977782312193256,-7.252226284600471,5.3825522034138,-0.1287081921633252,-0.073571901077175,-0.0814974253638642
-0.284673563869086,-0.1633674362849681,-0.1927572441749554,34.85771521604779,-9.257370293306336,0.8602838062505046,-0.2661960945446929,-0.128653596669232,-0.0612968237815941
-0.3831475454157614,-0.2368240632674337,-0.1641256011339662,43.94301276169908,-10.54539312446798,-5.125786635477022,-0.3488408459741503,-0.1950597022350031,-0.0367549704084962
-0.5663412516352215,-0.2303693283312117,-0.238646779274842,62.227877221008185,-15.836463193884452,-13.94331379733626,-0.5454822334314303,-0.1972474968379227,-0.0970199429062082
-0.5525284395866693,-0.3409663515285781,-0.3470577925958867,79.07770900111491,-15.781918475913894,-12.102667010533107,-0.5543997559989824,-0.3123203779839255,-0.2118180703280291
-0.0193948898780222,-0.1358248731433419,-0.9124598968303288,77.90584702251324,10.318531713140112,-14.200879155750878,-0.114546182713327,-0.2422673524869269,-0.7521165618204123
0.6209661884611086,0.2989467679835618,-2.8029748021273453,-50.160955251000864,91.96994823077678,-23.78110325677137,0.52627482910519,-0.0001323245432508,-2.6532832241122524
0.7298153454397676,0.2209255592914739,-2.784607760394766,-312.54814773172563,109.28486450716235,-54.877966802985846,0.8030066532659142,0.2295111229237239,-2.754627112969478
0.1639418871124462,-1.17111375048622,-0.0203617406126696,-331.3926774812897,23.659714112887947,-95.87317456130364,0.1702526080542792,-0.7442424647325322,0.0318696337706036
0.0711180676732641,-3.079929359906916,0.3272944090286028,-63.99153661250848,29.563975976977627,-65.53539534427777,-0.0130333375971642,-2.858474373805233,0.4816116433314809
0.4207850270385672,-3.2405906538596394,-1.2314819183017771,59.72930856099219,72.603550592688,-22.461279506930573,0.4930376696431111,-3.249484849164693,-1.1163121003757854
-0.0936927227392946,-2.662292851097761,-1.529120680741826,13.29387841196208,1.1249951352816012,-23.07953163244244,0.017623296619773,-2.6088073063075754,-1.458062104408857
-0.4957155550856776,-2.891463241224531,-1.1558768212214925,-17.240236282989244,-74.1076867397355,1.9418811119636965,-0.4874332750454793,-2.798126854185281,-1.0844834539410932
-0.2028170326687028,-3.146193430109024,-0.563778695749195,-12.299717471401124,-72.05553530053596,27.379350040139364,-0.2338623362561196,-3.0090144564287304,-0.4774025071090195
-0.0788868201978721,-3.0267273116223468,-0.4263199661711196,25.324169224243864,-47.05933704125952,32.807579169452126,-0.087108230627589,-2.925535658705634,-0.3064313938700088
0.0206244510846212,-2.4964848100381536,-0.7627836952969401,46.20944075644024,-41.60087305672402,42.24644280271446,0.0284658033609705,-2.477534572770824,-0.6394210969280589
0.2299170106172674,-2.0520107385167803,-0.7828918082917761,25.040061351768607,-48.20384707711398,37.14887242123239,0.223365697053963,-2.041802606473703,-0.6785754194644685
0.4051688814685098,-1.9184607564048832,-0.5628282246679945,-12.168188446310785,-55.899960664141645,20.74365445261039,0.3930620078228218,-1.8897288834878108,-0.4786355617624169
0.445401132768793,-1.8160284020198685,-0.2432007681758282,-30.800336271811133,-67.80578865129714,7.238075857156838,0.4362142518493017,-1.7414549391925325,-0.1508994651815037
0.2688348282525761,-1.6959993075083886,-0.1591441432039743,-8.243149356533408,-70.29000056652427,4.811986872887555,0.2551740768327339,-1.602117384333588,-0.043374407553715
0.0451031461095961,-1.447945420848484,-0.2841142349454926,20.47912471644593,-63.98656129237924,15.290467010618068,0.0274293782794648,-1.3902125006853052,-0.1672291769253238
-0.1516682304058185,-1.3099640691018868,-0.3169888598475525,21.27129291473347,-62.79652563588249,30.93937445553653,-0.1476238228869104,-1.2882804441979236,-0.198495534541219
-0.308216732921787,-1.331532206918403,-0.2976777295289241,1.5701173637090169,-74.84880488267115,42.64341435535465,-0.2826516622472719,-1.309707809246041,-0.1685094555196747
-0.4296456014091332,-1.4514768065054322,-0.2955935403747017,-11.84563189261848,-96.02189560457067,38.28889254695761,-0.4158360367552986,-1.4170996184055982,-0.1688438993930721
-0.5633515962325388,-1.6275644916990306,-0.3724731963710697,-12.651905919389876,-106.2554365310874,14.707947570875955,-0.5535019818838375,-1.57809131049857,-0.2518162598568864
-0.6634704435181366,-1.628088927783921,-0.4103522923078881,-4.173862485493861,-104.8821446716603,-14.2360232138065,-0.6513312726922329,-1.540549477256309,-0.2815396096990001
-0.6113873747040466,-1.4207574903289055,-0.3619305956855013,21.960558567580367,-101.1339019764952,-25.60505248318131,-0.5950528243194473,-1.3229408685026705,-0.2373559634883165
-0.3694864557430185,-0.985225487773935,-0.2914660620879388,55.90895871218387,-99.71007736915864,-12.23235032573661,-0.344681561298796,-0.9220011015732756,-0.1655307669480197
-0.0364495696671538,-0.4655067218227769,-0.2150069145038003,76.18288311586494,-102.36185622359748,8.337249894635828,-0.0151953694142441,-0.4458631421471586,-0.0753274853997698
0.2619911905558091,0.0672200750054248,-0.1604821504465135,70.09200469252177,-102.96717283894364,14.096378149629317,0.2662425661842508,0.0561942870499245,-0.0208075114858044
0.4095512550119767,0.5895579423472318,-0.2242076613781365,51.94333778679401,-100.4432211646104,2.3517542786519683,0.3749901371724131,0.5712407062698912,-0.0800563139923275
0.3939561637720309,0.9985384503830336,-0.4184933810017762,39.571987028626886,-88.27184112169493,-16.262658791256616,0.3590672506731938,0.962479814009725,-0.2831519254700546
0.3342656155660933,1.2656291295135935,-0.5196212752068101,29.27214145838231,-68.12448169600346,-30.653110562019236,0.3303886369987509,1.21598027602152,-0.3927036845738204
0.2850750895751616,1.1254434572211316,-0.5460743582413523,9.06304369009323,-55.232279695074,-33.653805327395965,0.2725587098756385,1.1074867192736315,-0.4093760554734168
0.2218984025525815,0.7216935566780206,-0.5042102031299963,-31.800347766064828,-44.92858893047293,-32.87645519347202,0.2034774453719349,0.7277383760943045,-0.367649617932652
0.1851118809935931,0.3644661744829217,-0.3590414106098653,-69.93181959952905,-28.39151082730779,-31.805520540710912,0.1669233991879984,0.3612468153289366,-0.2332183745877943
0.1859891437741431,0.0473796639126521,-0.4214780047812173,-85.03633330060629,-11.723408163770015,-27.13809298618132,0.1669171638449912,0.0468698981829983,-0.2811007226119423
0.1147135781680929,-0.1619350558725071,-0.6605363338427921,-94.64629012021474,-5.190327623258528,-24.90297882301197,0.1135451689137819,-0.1476255404900688,-0.4933167571161451
-0.0085255950209239,-0.3222455130052807,-0.7130178245345388,-98.85110215239168,-3.404052796825189,-22.36444808494581,-0.0043068966124321,-0.2712769338108104,-0.5850620438268342
-0.0524910808080136,-0.4336747015949038,-0.5161538737928032,-74.58955927091893,-1.5050376262573606,-17.92308680538631,-0.041438197611645,-0.3361204999565289,-0.4141559455216269
-0.0558838281895928,-0.5121670879263345,-0.2901485959745604,-21.14793334293214,-6.542205964715147,-17.616981842031052,-0.0481543469516565,-0.4271511439727047,-0.163574795479973
-0.0657186983284839,-0.5334587753219531,-0.1016036474308599,32.18433778389399,-10.519516382853883,-15.709503469883202,-0.0627742020639807,-0.4852397894462423,0.0155041159304287
-0.0388557924179335,-0.3936090530579795,-0.1156706325625952,64.23139573092445,-16.89503043321345,-13.578094420407474,-0.0350578663313203,-0.3888413477163676,0.0334313119860507
0.0181606722448892,-0.105214730041178,-0.5717394340913244,58.879905650113216,-22.27258606198012,-13.04169450893059,0.0266813623133211,-0.1847224271095903,-0.3934062576560035
-0.2175081317467333,0.2880296352298745,-1.100183998549939,-5.69498480326812,-34.437548160643985,-20.503636500920347,-0.1420312987149092,0.140734882451095,-0.9564067603669332
-0.7833445506269712,0.3567056476620536,-1.4822400225587358,-125.1888215720814,-61.00807982785466,-23.30647939896393,-0.763000184906208,0.2192406639143937,-1.3308186687867083
-0.6048001050336588,-0.2332078986080813,-1.405994517213129,-239.44099985095912,-35.292851310973006,41.71270748386973,-0.7023029348411624,-0.1861796006200476,-1.299918848776903
0.3222311695699339,-1.447183549734858,-0.7985038613779292,-249.0562864081256,-0.1596597835580565,116.6600291078646,0.3113409571351711,-1.159349426154686,-0.7402664388234239
0.5451819407808889,-2.4203689357307034,-0.8861546422813259,-142.45939233700784,-42.34629985626332,88.85586165729973,0.5902684100269717,-2.1658225792301407,-0.7334272609059351
0.2594156721612756,-2.2345917092120278,-1.5831140117552045,-29.65823480155189,-80.10042403229467,40.99822332857898,0.2369062888576761,-2.151336401205816,-1.4291986718822731
0.1633931643742705,-1.7482167783538625,-1.7115123532110788,16.072445104323773,-53.66277945571641,45.38351202680934,0.0939664532405661,-1.7120541255195778,-1.6400197582894915
-0.0763423689568892,-1.5914711922313358,-1.4740462286257223,14.61519667129044,15.550982899356596,40.91134787575025,-0.1453620415011133,-1.5728700940142848,-1.3737515269281584
-0.2348223867461578,-1.6201592506089342,-1.1448714171597143,-8.203160212352543,77.7342969082826,18.182277226290395,-0.2348825948076123,-1.5995319598409088,-1.0276494731382655
-0.113497810465044,-1.913047409278609,-0.8352811290419366,-35.26569562502928,81.61564942336693,-0.5131381454390089,-0.0742880379856334,-1.8442849330102395,-0.7302771771522021
0.0466842995660584,-2.060148824213591,-0.8909734153388296,-39.846762599749376,53.91201191144988,-15.792570281658676,0.0681984957528484,-1.9734359891362716,-0.7824372264365518
0.1433621321055728,-2.006967750147822,-1.0468482394239025,-22.31211251713882,33.98284895908839,-22.598559699285893,0.1326303583946604,-1.9275436644008077,-0.9485211202649244
0.0094372270183646,-2.078629036777758,-0.9669938060508344,-2.6732659035770148,35.69204844936995,-14.766113284600303,-0.0219126450997029,-2.011415169441184,-0.8527747518753452
-0.0988686008834987,-2.2422047386147987,-0.7220890763467789,9.135011859353254,49.760772488419256,4.002142540650559,-0.0991734415291859,-2.1751005227620146,-0.6080646615083968
-0.0176651975392492,-2.3328956507448444,-0.5578439490488316,12.947794808307949,53.30877026842597,7.571492362716059,-0.010726295006887,-2.2601474316008163,-0.4597034255015054
-0.00138860896564,-2.2738954507428675,-0.5650291172621804,11.427224669667623,54.03116457825541,-7.685894333977868,-0.0203810061689165,-2.2152657302440404,-0.4516724300757894
0.0312011189438043,-2.1541816582026296,-0.6052596027756972,6.58916520657735,64.16411316539508,-18.380000333173637,0.0146708311282515,-2.1084539289623163,-0.4781396933466957
0.1237677730829267,-1.9855667410025708,-0.6424130862518395,-0.1925357753504756,79.4773801239946,-20.2376488853975,0.1133820499788952,-1.9509377879954235,-0.5186504048483954
0.2068728786950775,-1.7931603839212793,-0.55935087461304,-10.462586893805328,89.29611016598173,-12.348273044804676,0.1963715570179774,-1.744776309679686,-0.4571763737369582
0.2306069557623378,-1.6142220271525511,-0.3354247070516465,-9.631405788004953,95.79971952427027,0.1125916174331341,0.2199855273540748,-1.5439933181269274,-0.228562547592916
0.1982047004832091,-1.3616372814232856,-0.1999285240409548,9.37484433830603,109.5784684375164,13.772089917145763,0.1845607596024367,-1.3147169160289662,-0.071900354624964
0.2604788653535349,-1.0768214894952437,-0.1465347885496093,26.108696400473505,118.42452583951176,28.195458077222398,0.2511779042374533,-1.0356658208569045,-0.0200824369781436
0.3224691971341724,-0.8541433195264654,-0.1611022425037078,43.68975537050686,109.74709662175228,26.47750531861796,0.3366532718421453,-0.7970147852693152,-0.0304417162770377
0.2752286235580184,-0.6177475478158482,-0.3416156960218061,71.19807033096865,87.17507697714105,13.591434795752418,0.308246140349279,-0.5634453749807736,-0.2157845459055505
0.172117459712052,-0.3338482019628246,-0.5189725365773484,90.30771747482294,58.707375731907625,6.533535934790153,0.186940165651734,-0.2849074493198582,-0.3975701524577419
0.0599047434413494,-0.0140372287085609,-0.5312381054189137,94.84495319159458,39.670425455522754,2.407818341681559,0.042741657451143,0.0187501240642533,-0.4050296211920954
-0.0692703766563966,0.3947041063100429,-0.4680550635100992,94.5423202000808,45.2657095293925,2.7581775803674,-0.1158020592067251,0.4074001256809656,-0.3244932083106367
-0.2689750272337128,0.8426979498319802,-0.3453486789985671,87.11613952545812,75.29209584948318,11.747177755527378,-0.3117297305654321,0.8288950458650166,-0.1810904525354938
-0.5135044783735339,1.2179984916414737,-0.1919907749165296,63.86388788638856,103.7410512649848,20.642294598039516,-0.5052102363006135,1.15186321506186,-0.0420373633925743
-0.6883190680720518,1.2186181966971603,-0.1671323568972665,20.182517206589853,101.0622327169853,27.305548003864647,-0.6370645053779923,1.1095661917544528,-0.0223094583120145
-0.6108266450952113,0.7662605523773903,-0.1999831636411082,-33.90268946168904,70.71542364698261,34.11688589222968,-0.5488245422442957,0.683359212817313,-0.0530581763711096
-0.3723022832258597,0.2224735806852378,-0.2062564580350554,-67.58667885841598,39.521830296503445,32.373826459541306,-0.3334422283393535,0.2056399254677824,-0.0675507294159773
-0.1433704085870242,-0.2423085264462604,-0.2897461681475108,-66.78803539199905,21.69070101860647,23.33582486793389,-0.1298801840707493,-0.2053251896104927,-0.1579932805366439
0.1095064926457169,-0.480311896933653,-0.4181016526890422,-47.52667841395289,9.608923706998112,12.0030456302828,0.112154126588928,-0.4235721406004811,-0.2860391098929245
0.295179367802111,-0.4526240148654493,-0.490991238690424,-21.850787752029817,0.3504027741852131,-2.9035496468654176,0.2701298916974495,-0.4145048249861654,-0.3605683984881358
0.42175541198369,-0.230187421632825,-0.4704112341360982,5.456567906882557,2.2982392034918906,-12.930632584715422,0.3722594660269209,-0.2063041701367849,-0.3708896201882103
0.4817063055696104,0.0551228338708742,-0.4232501280618017,22.89760042007557,21.19527641605621,-13.905460373736837,0.4228693993613077,0.0454589589628976,-0.3124239368303326
0.3607927340746558,0.2293403877999338,-0.3785963228491768,22.271209094072727,49.27692938839349,-8.164576224901541,0.3528599184563923,0.1959640968145862,-0.2436759229168821
0.0482745597276417,0.3329679398903133,-0.3368646807977265,13.165382224284858,58.70854886365691,-4.211404477069642,0.1210354305720119,0.3218536184144904,-0.1925113857018867
-0.2443043609698496,0.2620121552046627,-0.4562422915023886,3.220999026206244,46.11262543499627,-2.0139306865646867,-0.2115818570977824,0.2568388241330336,-0.2973387989564214
-0.0731151612697795,0.1744949741662758,-0.6039380770296268,-5.256272230968358,38.50364257465697,4.934278188172453,-0.1153193072196374,0.1725968937866257,-0.4759176251885405
0.4085760527014717,0.0333934462830232,-0.995148717413244,-24.71875393735584,52.180112667142815,2.294865089334836,0.3606467248010725,-0.015689573098709,-0.8509287492601272
0.6433447461506535,-0.2179601541933001,-1.7985901437971936,-98.69891075925592,64.52366902691647,-18.325452407562256,0.6461542628050868,-0.2848911372317327,-1.6674399730094909
0.0900543749242498,-0.8485051452719589,-1.6971053447868942,-185.2857642423873,29.70058267155588,-65.6222525896166,0.130234476192377,-0.7337807679504327,-1.648571873771271
-0.8624760424007811,-2.392221092411204,-0.6229702223106119,-152.96216130111324,23.79880013837151,-86.99156374250512,-0.9109766948489784,-2.109013463774479,-0.5411487472240472
-0.8880088343735465,-3.0851636317729563,-0.420157642134356,0.2963432146682243,95.10209595726054,-36.036555424676166,-0.8886870320509369,-2.8668272936411068,-0.2779393645340333
-0.4939536714484465,-2.338641550392242,-1.27095451520362,108.98298157909984,73.6824441519113,-15.62419604448688,-0.3411318840129822,-2.3242182369319107,-1.1342955647601864
-0.4395401124154672,-1.931298247363102,-1.8760965134469048,65.67450573458089,-40.87926383032186,-32.573130641509415,-0.3915120546403853,-2.0022417488146727,-1.7771024161592457
-0.1582391941589051,-1.9823675802488308,-1.5763516334149232,-29.44695205968118,-74.64249314306026,-2.999457563232278,-0.2065791005862479,-1.9258648154915312,-1.5222090676189048
0.2115496628302141,-2.169497020115549,-0.966592178193284,-43.64360814594863,-61.44536309794091,30.63796057274157,0.1890834404567841,-2.034819363021492,-0.8897826433236683
0.5950323579426532,-2.189988034002663,-0.8421766132797686,-5.092552954524134,-61.08880075384975,42.647377042726056,0.5112460402479195,-2.118701189009952,-0.7197259622750467
1.001109170085782,-1.954203627449773,-0.9086680936948782,6.529875428583052,-34.56540296913177,44.72304988752581,0.9012791643563014,-1.9259783960157784,-0.7941345224482556
1.0428503927590644,-1.8904951601576052,-0.8004013373450843,-12.597375946761083,0.4994649617240349,27.778021662030227,0.999489765840154,-1.84124670226507,-0.7074572307098056
0.7875980962552964,-1.9272472300835728,-0.6717014258344285,-28.44590521201747,14.646207542869384,10.992223108994173,0.7733726113161905,-1.8419467086904888,-0.5776193999272583
0.4039364182887375,-2.0503319935948845,-0.6138703286393582,-24.36989717658867,14.975918225992938,8.965603595368728,0.422778907470658,-1.96411692421152,-0.5128893677118109
0.0229196329216795,-2.135062792845325,-0.6120406564931358,-7.918034334739584,6.991283049124294,12.634547734141448,0.0691172943777808,-2.0548248167682965,-0.5047988734349972
-0.2689123244020616,-2.072391833195005,-0.5456956706642622,12.107042123030409,-6.657731406636268,14.42906278996264,-0.2283431567778591,-1.9751526537222717,-0.4333740527100612
-0.532637007081703,-1.930324148208708,-0.4390946263112601,35.32843813838916,-22.59782781810009,13.160417049944936,-0.5034849187205626,-1.8381952631093013,-0.3187242048011386
-0.7452005417334473,-1.6734107132529747,-0.3444110389191753,53.57291795788685,-41.05328294544365,6.590804113324333,-0.7109756303612257,-1.6015205386670748,-0.2125881273639847
-0.8530693256125228,-1.382165443016104,-0.2196014264424771,64.11658878487786,-63.73848907742763,-1.7615723015084617,-0.8035414315217851,-1.318589178056558,-0.0921415608104366
-0.8353039383124022,-1.1065241447920693,-0.2118775017997809,72.24971734262044,-88.80344283553387,-5.058681384700067,-0.7928190790060463,-1.0710865696114382,-0.0813841629626468
-0.7386619359006462,-0.8478145347327424,-0.2670464372847884,69.96239444706335,-106.4842330174022,-5.197117766560989,-0.7100846033687136,-0.8407538731378019,-0.1254572492958359
-0.5647018489267797,-0.5741679550677151,-0.2274440352423472,63.17004482328924,-111.0015879145682,-1.720673744172913,-0.537301691359781,-0.557657818794096,-0.0882141014852708
-0.2799428999868805,-0.3250087373825463,-0.2081565002124067,65.29941480447322,-112.47420288122022,7.309863348655543,-0.2729170350308152,-0.3025214707741421,-0.0632194047007162
-0.0178812003914633,-0.1509910533572941,-0.2371171210263813,65.58822768468539,-115.071116945902,12.1040767271627,-0.0225450429485467,-0.1443556805414134,-0.093721157917975
0.265435309188128,0.0334802692350144,-0.271110148125966,58.71433740883042,-110.40120900150858,8.506022974595014,0.2472053289582779,0.0290328345780917,-0.1371509211939901
0.5564095806827326,0.2598204339462308,-0.3454378101710558,53.23311373849985,-101.29995745669414,-3.2342147562805748,0.5222403555438808,0.2469287966359577,-0.2064586946530533
0.7166367712682763,0.5358261635354539,-0.4559387331957297,47.888417414708535,-98.68397762489936,-19.041115325759417,0.689793481654898,0.5083237876950775,-0.3137140735603604
0.8221579655742491,0.8046178891345426,-0.5378664344474018,35.00938903814623,-101.98285641649444,-26.201615636712283,0.7820028402858282,0.7642135709865763,-0.4005254976232232
0.7103972470833315,0.8252745294670062,-0.5112693833637536,9.10585660881132,-95.67212359976304,-28.962162364794143,0.6632816398113025,0.7773859323095195,-0.3829823997469392
0.4778306857721667,0.5241140263717998,-0.4054538375011089,-22.72572900509961,-72.31682651331452,-28.352221661029123,0.4303176825866356,0.5012371105537201,-0.2633439767405774
0.3145803754318126,0.1642092687386303,-0.3738021049200916,-38.20500785370529,-43.61940031826328,-28.21935830501672,0.2736236166035943,0.1849517546975934,-0.2149881430191438
0.1362421728524946,-0.113127006695726,-0.4479336408464408,-33.703380031115174,-16.07493905457778,-29.5660849031174,0.1115670397258091,-0.0763195914965172,-0.3116941501906385
-0.0453381683564612,-0.2419285483713772,-0.534700168054536,-16.315375789977367,10.010665006581428,-22.429540219683208,-0.0765535795127026,-0.2031382128934553,-0.4094014464920502
-0.2575248135435751,-0.2553705372401982,-0.6239993633393436,7.25335865120053,31.122690817755377,-13.9613306271467,-0.2706320058927808,-0.2289307855124652,-0.4892703444032547
-0.2999789273292254,-0.2518364257810458,-0.6127315876843089,17.32776278130658,40.5796612075634,-4.46826487960464,-0.2857408097601416,-0.2302550252922776,-0.483674050217574
-0.3643781091913819,-0.1593266401604424,-0.469850926821787,22.748007032450708,32.45325805474875,-8.42550771790931,-0.327463498421004,-0.119884770692311,-0.3434086081185474
-0.347314755399856,-0.0686099442812776,-0.4244321536292467,35.874178028877324,9.586455236164186,-12.61207064129875,-0.3044291188888764,-0.0302251454113084,-0.2998138759874214
-0.2912542266661526,0.1156736762398458,-0.5379245794906538,45.73066562077037,-21.121621112397023,-12.821675852166102,-0.2561304377439292,0.1041111261319166,-0.4347639640917728
-0.7465459758938546,0.3343501823747168,-1.00373608024082,14.035546404289295,-54.52165950000014,-20.767664498314755,-0.678874624977414,0.2047189235500163,-0.8571165522409279
-1.1235465179332185,0.4875421362118847,-1.8211711349866373,-109.79769441965,-91.6321986415754,1.3633039367068194,-1.059949515510334,0.3078133244110558,-1.6305621202367602
-1.2185418501696057,-0.0959860645472498,-1.493651136313091,-245.01416761418776,-84.57072000880372,36.53877206156876,-1.2781006445312793,-0.0038957246977366,-1.4778792051819325
-0.0996007098887688,-2.3294118369453383,0.1669761682778925,-250.8227918229382,-29.30730929826973,110.70963377857402,-0.2405866163574277,-1.8806233869663955,0.1274888069783658
1.6106699349321978,-3.6358328764329615,0.2446235860939416,-125.76048361484456,-65.68948415073451,140.11339520144918,1.5810304062958287,-3.2994164032531605,0.467946589382293
1.3579498338394953,-2.4673986171857765,-1.3467210358406692,22.443820208883665,-134.50521181578264,20.688243308130843,1.2870439467145227,-2.4330812263104526,-1.074084172255723
0.7097457736957383,-1.3735585371583174,-1.918014194441384,97.22252769026424,-43.76328127963302,-30.791821554527683,0.5282665382849131,-1.4173270178262118,-1.7878488456588624
0.461551030621393,-0.9530230105154784,-1.67914853892687,74.1596017209666,74.33410045575442,0.6635327980817657,0.4861468451565962,-1.032185044699126,-1.6097887653078615
-0.2546089722136334,-0.913096662181962,-1.318374755371995,-7.225673179698693,76.30423505640582,-17.712151894356417,-0.1573948225672097,-0.8806912402740459,-1.290314432631216
-0.5797464612414982,-1.5450436083340884,-0.7653098767265528,-45.46152633974898,70.0450912500623,-11.44895143146289,-0.5944714839522774,-1.3861947017524887,-0.6684265035422465
-0.6294292964766868,-2.232064385912184,-0.6341540775241501,-15.904640545968148,97.34154148062557,11.894296322950636,-0.6062075306749197,-2.161048282884278,-0.4953798094290658
-0.5437206692439179,-2.708325596866888,-0.7549164403592967,-10.963607974810891,94.83860322508544,4.178155631683441,-0.4929838468274531,-2.6370191920554387,-0.653825224965071
-0.5778347595409989,-2.8558727721200587,-0.8232876331980914,-22.707599710324185,64.58671269153334,-26.477191149710848,-0.5405202504296714,-2.730623676631936,-0.7158407271449072
-0.7327546036595111,-2.7937961549952783,-0.7965900253571565,-2.4442405119825947,41.36374500941501,-41.53621064742525,-0.6963823029243958,-2.691459822378795,-0.7134525286958904
-0.5235823054909171,-2.713011713481211,-0.5937804851016243,19.498057087032205,21.97935605105418,-28.86945727834216,-0.5056997853242449,-2.625615177965897,-0.5017060589693572
-0.2478595854844474,-2.5249844116195224,-0.4096669566399079,27.83354675240959,11.05697125040588,-27.101942588486743,-0.2583570640385035,-2.462360753120413,-0.3004451619856885
0.0567713732022452,-2.2939135460027216,-0.3391530118406325,27.13836741533347,15.628966435736196,-40.636094364512296,0.0345954004527096,-2.2471052174073582,-0.2422986299726147
0.2341039598906515,-1.9384121175830464,-0.3498313045264331,21.849029260693257,22.71253228118784,-63.39847683864701,0.2185281147446073,-1.8941914026750213,-0.2374990952811736
0.283142301916191,-1.513855374969489,-0.3241919350676669,27.076205021062915,34.270102820865915,-69.46729512474201,0.2548090664106062,-1.4649645894425571,-0.2108603224154696
0.4223106413615858,-1.1473385928516235,-0.3090737000052476,46.86858986477241,51.35630531729283,-51.735157617416895,0.3849719760007267,-1.1094625945069687,-0.1822540221285541
0.5204919714728167,-0.8470192190890113,-0.3209131021030941,63.38597156862015,67.46319501682183,-34.839724342657,0.4762115343986075,-0.8345569029262443,-0.1906305568258139
0.6206855250388404,-0.6571255847332238,-0.2411172194144794,64.65083779671419,80.63648531576092,-22.690560086158285,0.5719507272529638,-0.6348830604222717,-0.1143272215186019
0.6341512377857265,-0.5170615613586947,-0.1710395389932566,64.55896046161727,90.22480514699473,-18.78035651311202,0.6065665513602447,-0.4964745930573264,-0.0297146378627345
0.5347690841219952,-0.4279458312042697,-0.1520253473394347,65.4993970193945,94.36605898278688,-12.70689809821896,0.5213488350302641,-0.4243410234799231,-0.0227187825780173
0.3852180728572134,-0.3120729880353746,-0.138991517145794,60.98613810359774,88.98189351054239,-1.75513109008091,0.3906788490591306,-0.3034418047580213,-0.0035555238250641
0.1258244059747174,-0.1106243483919379,-0.1353597512005482,65.20181010335665,80.54396173690434,5.440236923118688,0.1561034001777762,-0.0969721639964531,0.0100707590107376
-0.1389472914131488,0.0784842931975494,-0.1803022517898576,79.07110106497487,77.2362047360658,12.118789707756545,-0.116527006010193,0.0932745952926923,-0.0384360299724038
-0.2967466138695798,0.3257198628393158,-0.2402499146805731,92.09764319893748,78.1040227504407,16.34060898506587,-0.3029479520149037,0.3401197140308231,-0.0928480483311511
-0.326435751566979,0.5833291212609688,-0.305385396930014,104.36383715323278,91.89087961858888,19.13056266332932,-0.3483661331698745,0.5705989105899457,-0.1549481082025489
-0.3336217987459367,0.7438081769664544,-0.3882194287811329,99.15375063070138,116.47303853126476,20.47802449876823,-0.3313759498358827,0.6886848242691221,-0.2347676433002355
-0.3865276481222363,0.7634414887209844,-0.355232712443783,70.76882710563878,121.11895618873572,25.582194808658173,-0.3381192049896055,0.703262613318228,-0.2208794553025033
-0.4019282275114972,0.5305110536308815,-0.2979070795526282,40.18238411452206,90.53628802699517,36.1431611249252,-0.325270294305184,0.48913993438437,-0.1705453767902723
-0.323368799078691,0.2157361280154061,-0.3687231660695402,12.07919387317636,34.77935022545467,39.14865324635979,-0.2473076096824146,0.1784054688936061,-0.2414930858226238
-0.1345996370142418,-0.0345952988253589,-0.5198748168459204,-17.262018065788496,-22.638610820944635,34.09428686292733,-0.0880844140955294,-0.0478912667814854,-0.3950025168100418
0.0314634211690625,-0.2239158820154877,-0.621999426356248,-37.53542096694826,-54.79433822040623,23.142430671785466,0.0300699536619308,-0.1904263312835806,-0.4783464238184056
0.0660923098505442,-0.3340176353464219,-0.6255348619375865,-34.30377425327219,-52.9092953752172,11.944924128701558,0.0344461486479151,-0.2834554241124286,-0.4869975694629868
0.0535918758493836,-0.3934668445012715,-0.5434317785434505,-13.50367404411091,-30.48200731500749,6.847337507422945,0.0288570269504468,-0.342148001306272,-0.4164879308982563
-0.0228951221441137,-0.3642481890670063,-0.4140991600773134,11.602549599655564,-7.803718282253903,5.82559876029368,-0.0409717913803541,-0.3180305333633167,-0.2921642145801252
-0.144551387110714,-0.3151224996586435,-0.306101164083059,34.376494066512315,11.4444419050407,10.236351353342112,-0.1528329322808813,-0.2715232557129522,-0.1685485055200388
-0.1994142345579962,-0.2516404053500745,-0.1425695477563509,59.02414137588864,18.510486689789023,10.014302094910676,-0.1796712481545093,-0.1960995810251463,-0.0119308321514764
-0.1536601630813828,-0.2582145463953111,-0.1461003162617222,93.89498585745228,14.550871806426713,4.096569236286608,-0.1438078064401783,-0.2108645553101029,-0.0076141931267134
0.1861976481433789,-0.2579847999848272,-0.3240148354771759,111.79090351837398,18.298198869653056,0.4148364183108114,0.1191286079320047,-0.2705428360291055,-0.1618590180031405
0.8960439487119559,-0.0689605697488739,-1.1337162294302767,59.58228960360538,49.161080930473126,-6.703713862343379,0.7852108944837426,-0.2421629189799028,-1.0895613081035949
1.317800248828016,-0.0768629250368498,-2.3522435087613305,-130.60065114343286,92.39106397505716,-39.98178847509791,1.291146385813143,-0.2976731123832927,-2.277482319349484
0.7094287993971892,-0.6075648420247032,-1.4946235359059612,-327.98820044932506,49.46034303266481,-105.36087806818117,0.691529837531638,-0.537992457556888,-1.2821227171019505
-0.4037080769865506,-1.889645783820182,0.1147229112500653,-240.44797872304252,-18.382643214397564,-126.63973671509842,-0.5206757579994183,-1.598725336854847,0.267486272223881
-0.9464312954967904,-2.925299114765151,-0.2619456728491197,7.575964068774386,30.681476364655687,-72.99925302995456,-0.9679109512167232,-2.767569535777913,-0.122966487295878
