ADXL_X,ADXL_Y,ADXL_Z,ITG_X,ITG_Y,ITG_Z,MMA_X,MMA_Y,MMA_Z
-0.0055225132993889,-0.8985269273919738,-0.2472904509832955,-1.4201061580277208,-39.745845620432085,-13.634502990945236,-0.0029665993902455,-0.8807973344707127,-0.1129423162877829
0.00909592858431,-0.9185139685927226,-0.2386157663607658,-5.92045862680329,-38.02908961797023,-13.315116438048625,0.0020003639164023,-0.891883583805644,-0.1000677717855103
0.0100447540123897,-0.9519705984476552,-0.2250364710462447,-8.918155782861987,-35.59418561198363,-12.514496033476853,0.0073175397868364,-0.9160755810610224,-0.0907085742307274
0.0060409431888844,-0.965595866952523,-0.2182992510250105,-10.449804740403138,-34.42303765102159,-11.713374463681848,0.0092359722287113,-0.9338440984226128,-0.0863339713804508
2.792637922410313e-05,-0.9763961514945764,-0.2126761751537938,-10.296047708665782,-34.491113262832656,-11.011395409547712,0.0025800136280841,-0.9460626810108872,-0.0896534363261565
-0.0089804147045624,-0.97777799278835,-0.2266611162945834,-9.112074617992148,-34.8406703473258,-10.511679860934889,-0.0011496060328954,-0.9490917599211977,-0.0987790518528485
-0.0074900480486947,-0.9858245230089276,-0.2248400953242536,-8.016844657343425,-34.881960324658515,-9.851276951223866,-0.0084059811970857,-0.9483824673139633,-0.0981236327496768
-0.0159515533655951,-0.9949390530158616,-0.2252831284651778,-5.629971005303027,-34.40569843535288,-8.655743622297225,-0.0167713254722398,-0.9516518432878924,-0.0891113288375306
-0.0207928359693298,-0.9935865575570768,-0.2291003959506835,-1.1543924196966548,-33.78742699561017,-7.268603879163164,-0.0164958766283724,-0.954922985911842,-0.0836222983184464
-0.0237530424094993,-0.9850361185323218,-0.2210924269688555,3.606595525570298,-33.702478054069864,-5.8978417474016815,-0.0222690264204327,-0.9475880984130972,-0.0911923697031377
-0.0427223533762105,-0.9578431369606536,-0.2507364093675976,6.438928291295911,-34.17160548821984,-4.33028976149399,-0.0343634722223987,-0.9219663870807984,-0.1192655280985266
-0.0491619493258917,-0.92070571548963,-0.2864486719247675,5.374776138922977,-34.673168220092464,-2.9070041300750757,-0.0420506544287636,-0.8884196747806625,-0.1588844549253582
-0.0386826074407265,-0.8830840316365627,-0.3108764885105835,0.8140429204824465,-34.634997495015384,-2.0238103346401064,-0.0351813284667878,-0.8636819590832522,-0.1903672130437953
-0.0146328007618398,-0.8750268933947511,-0.345384325391122,-4.185525347603099,-34.07110907554869,-1.3901853285155816,-0.0108114010012138,-0.8580036187307578,-0.2109633512263224
0.0147948921524886,-0.9002292930051639,-0.3492844765504782,-6.975073719323623,-33.7690901580287,-1.0581726182076514,0.0207472498437891,-0.8719503247523073,-0.209951571596563
0.0408826297120944,-0.931013766064571,-0.328765939699982,-6.8217970916056325,-34.2345612906717,-1.169482472359035,0.0465166142606371,-0.896421464785965,-0.1974546437133897
0.0604701266684407,-0.9580135268157912,-0.3212545219104796,-5.345460679027829,-35.1392594062904,-1.1802944082797986,0.0575099984928103,-0.918646470531175,-0.1940299589526708
0.0594509496964875,-0.961119776347384,-0.310672766388566,-3.3022691340855377,-35.37704632284828,-0.9400472482231882,0.059700319201104,-0.9266153420766544,-0.1799785593385297
0.0507815496942737,-0.9548839551472816,-0.2923792247490221,0.0930108244714762,-34.62919745031489,-1.0690433311538554,0.0520039650006841,-0.9213009618216071,-0.1665947509130355
0.0337595629736392,-0.937487836813064,-0.2973025084040848,3.275869862522304,-33.52806681015234,-1.4791688837800316,0.030354709707542,-0.8948675779961841,-0.1689596359987961
0.015512241279822,-0.8726737146223099,-0.3217699302561984,4.089074958351909,-31.59857329480708,-1.3518104104627355,0.0123733348867102,-0.8394298568659828,-0.1846135574482822
0.0114294875013426,-0.8015198889230355,-0.3488023541496772,1.3890349675349505,-28.67883957354854,-0.6912669534868627,0.0113466171305673,-0.7819211411920871,-0.2208797431412628
0.0164954302415536,-0.7660408588323726,-0.369567927812327,-4.500362592946776,-25.89367514965349,0.4144910314544676,0.017259653297781,-0.7457006051111005,-0.2366851972802273
0.0438042964538166,-0.769604391371524,-0.3541671179636798,-9.61091876250621,-23.564392743911547,1.9356615574524425,0.0324815914994354,-0.7439964191557535,-0.2115526252287255
0.0812714058609503,-0.808508864507433,-0.3195071694695526,-10.258368081980588,-21.11591376337901,2.803088143943356,0.0739785171286112,-0.7730187436880558,-0.1879061264369433
0.1276686657596243,-0.8362335129061997,-0.3005577229099113,-7.087670898963144,-18.80702342481305,1.992568559744657,0.1230257681298506,-0.7959403007627984,-0.1662360748486745
0.153466142619727,-0.8270799782962792,-0.271718254593897,-2.3153108313568835,-17.291110673390925,0.1588262227155168,0.1419614430975507,-0.790370771517082,-0.1363537021481093
0.1297475714957801,-0.7837351283106264,-0.2564535658142253,2.404051694626947,-15.259131813343974,-0.7975613763421834,0.1283147818197839,-0.7598153079556034,-0.1398731394514173
0.1092268819524609,-0.7302408927269305,-0.2749778512884794,4.579845985271557,-11.405008241066914,-0.3202146942214601,0.0999430489633403,-0.7198391523993549,-0.1566735438267398
0.0800100774541467,-0.7197399968354541,-0.2631566911243003,3.984779886747288,-7.223552546837283,1.2334489287079966,0.0675448002379775,-0.698490923903337,-0.1369351533045318
0.0455870194018577,-0.7444661481647916,-0.2420897463819173,4.540229990842743,-4.11006663744987,3.458642855053283,0.0496107515592386,-0.7160900459322491,-0.1144709461814272
0.0320843366042005,-0.779741133055563,-0.2344537171108525,7.126082167151511,-2.488279951987124,5.374847982629303,0.0357560889710827,-0.7539288821092158,-0.0998716796643734
0.0093754009429172,-0.8339178474547461,-0.2045433773031136,9.515425146750054,-2.6650040736437357,7.561438993042062,0.0104433149152661,-0.7889915949747252,-0.0770388985274909
-0.0097073170508987,-0.8672660234931512,-0.1939188607725721,11.827751428358123,-3.3848467962555278,10.545472341521137,-0.0041716208958088,-0.8200663364541628,-0.0619244670768223
-0.0255192683064709,-0.8600928693319891,-0.1984213204117667,13.335558859580187,-4.198024606800943,13.2527502085477,-0.015466691242497,-0.8323108835239894,-0.0557855412672068
-0.0322385942106174,-0.8453674937981798,-0.1887175262637912,12.25184370906079,-5.246507862404851,15.187795967825757,-0.0220003104948662,-0.8189003272366178,-0.0520183726809641
-0.007508814007174,-0.8001514243825005,-0.2046408418152263,8.996423240280127,-4.831930113747116,16.18232650162163,-0.0059768463423978,-0.7838067444031145,-0.0643259256335047
0.026153748937306,-0.7275643639758664,-0.2391071570063099,3.306863091655716,-2.113980759766413,15.271167757446683,0.0188946913674824,-0.7173168276298887,-0.1067411811047803
0.0443926630351152,-0.6705683154665705,-0.2461732714551313,-4.866869265546796,2.146339658374583,12.349921871523945,0.0381016746541627,-0.6430607196779468,-0.1227076401901396
0.0397914030798783,-0.6460121053396002,-0.2198037059684072,-13.836361110381912,5.99676757587839,10.730769514925006,0.0392024449438777,-0.624933187107759,-0.0870268617189266
0.0381637751781924,-0.679188882707951,-0.2056072959860806,-22.72106962377204,9.248209174074104,11.496806131513052,0.0365036939518641,-0.6663841956079517,-0.0702276965284605
0.0444005512056753,-0.7588951039601128,-0.2054553764945427,-28.16184400123914,14.010252973180847,12.378556672861446,0.0384027865123519,-0.7309528440436511,-0.0668960045691046
0.0374236180111069,-0.8670391998479525,-0.1701491411326971,-25.882875674134443,18.145136573555487,13.36547771739762,0.0322213794388155,-0.8284726331162039,-0.0337068296188621
0.0407085561165352,-0.9642465765963124,-0.1463690273344877,-17.290255497437983,19.86657293706794,13.952826086134545,0.0370939301995366,-0.921209481480983,-0.0108722026130229
0.0557312009934326,-0.9848079193508404,-0.1668604947819131,-7.714401472189843,22.731628686314693,14.455537345015886,0.0555615097909456,-0.9486235552994962,-0.0238859610930348
0.0618472787175882,-0.9594892544020872,-0.1544018990677444,-1.8646179310445548,26.28087605699083,15.728801273724851,0.0677342817016915,-0.9317915321355714,-0.0178928269090621
0.0597379261502206,-0.9289214330082408,-0.1404284498217256,0.1081731640409567,26.9267729692452,17.010104093566476,0.0651454635372956,-0.8965872327402749,-0.0119888852428948
0.0411624859557602,-0.8802203582074309,-0.1888354644975745,0.2425889956074505,26.44505005766672,18.751307366659336,0.0457826200616978,-0.8545549105198338,-0.053047248709165
0.0213176696978455,-0.8557172843371392,-0.2245746358379168,-1.8000669660353374,26.248592549582156,19.799534736248454,0.0256171934294665,-0.8336261490004264,-0.0859608342053867
-2.1576347432811563e-05,-0.889510705531332,-0.2174965133176404,-4.604728601032015,25.22216322408974,19.357427792144858,0.0052105407050704,-0.8525702476482933,-0.0885159186533832
-0.0213109465166319,-0.9417796242773694,-0.2033659330077072,-4.417123692671513,23.981773823455413,18.40661652313683,-0.0120188336364048,-0.899071866777672,-0.0683978168353915
-0.0381871078484516,-0.9715637525106288,-0.1930207277531984,-1.1129701618535468,23.35911390392336,17.01177840317244,-0.0279428913823355,-0.9333122642777754,-0.0566672254192039
-0.088897488792925,-0.980575211446922,-0.1549189330452463,2.498260941636388,22.63294306570802,15.67530600705904,-0.0750105447167898,-0.9503341969870768,-0.0264082964584115
-0.108069722020346,-0.9913553780130966,-0.1301572928831461,6.167884268402426,19.50331681542864,14.692964730408525,-0.1074078384723632,-0.9596252132909452,0.0138318577487724
-0.0661677821326799,-0.965535158631296,-0.2116668683443536,8.037296730681133,18.140365714696653,13.959642155333128,-0.0828484650878962,-0.9319126169721116,-0.0706853311341259
-0.0500737719167744,-0.9131992100757492,-0.2704222410134576,4.253130572988272,21.82604410973266,12.063280425798812,-0.0479089475705662,-0.8858819870255248,-0.1440191428667779
-0.0544040504725653,-0.9135442862295762,-0.2565739474537015,-0.7389855456810829,20.96607144236028,9.274416354621543,-0.0410131030480606,-0.8832515542214576,-0.126363071658141
-0.0565021882074686,-0.97425322239943,-0.2986406695979625,-2.818046083210138,12.842047119301125,8.388463054850472,-0.0567301164462235,-0.944929818506184,-0.1706991536715524
-0.0498943233765455,-1.0941573124834632,-0.3579916566186769,-4.148236446158164,6.53531475038026,8.192320331097577,-0.0488355554338655,-1.0568207746982314,-0.2208989471807452
-0.0254975421824413,-1.2387470277684816,-0.4063128822786509,-2.2402062314032816,5.182538102388907,7.216381428754559,-0.018739563739036,-1.188302949665812,-0.2628554849841216
-0.0280636361488397,-1.3471708366521202,-0.5050923240447336,0.7835247947594062,5.047466785823184,6.515559045394401,-0.0286074193639703,-1.3006261931209933,-0.3751380474944362
-0.0924984490904358,-1.42193915631902,-0.5973698339624252,-1.6183454244946436,6.520860149172951,7.27877536534581,-0.1024528026238265,-1.3678221455776831,-0.4698118822996553
-0.1652597688653399,-1.4761596078832275,-0.5961320797221941,0.8179677920342449,14.293675079853852,9.93973862072826,-0.1785443381325748,-1.4039898073941743,-0.4702575443810153
-0.1560445297434631,-1.4778911147711944,-0.5679363021213326,15.748622794067632,26.08389636246912,11.0154562768154,-0.1707368924148028,-1.4083693264700046,-0.4512134441503789
-0.0840240013530217,-1.449663799966912,-0.5304515658173812,29.610408599963197,34.785034737276966,7.726751103376947,-0.0924091600606406,-1.391878027395106,-0.4155826607971222
-0.0529741170959971,-1.4674503721153571,-0.5074466901807212,36.864875512543065,36.123856288529446,0.7827668361522782,-0.0543916155370753,-1.412682627367543,-0.383683535891284
-0.1256445678024739,-1.471936350558786,-0.6284728163628608,37.29766132306878,37.7200552691934,-8.09866069183849,-0.1313467954684787,-1.4377870932193275,-0.4918030503370799
-0.2396249492619403,-1.45103262822601,-0.722372016510714,23.30345443711252,47.6993764620448,-15.496853927264835,-0.236562528650214,-1.419033534937729,-0.5931342916895757
-0.2976288646115142,-1.447951808065247,-0.6539953809514343,4.295294297343763,50.30790247327023,-19.107931339643507,-0.2700994058891016,-1.3930645588520072,-0.5451804988918587
-0.3046336828948834,-1.3911774793346106,-0.5788670983934594,-5.09861451904629,38.80256882152159,-18.6914765961866,-0.27504099795445,-1.354091391751856,-0.4656841295484697
-0.2936284330089104,-1.3057143976898278,-0.5144843445226959,-6.824542932106365,29.670618064352038,-14.231793797211264,-0.2794884856087601,-1.2711191226785483,-0.3904897105392537
-0.2677328930716253,-1.222413471586462,-0.4665427148616348,-6.159284497270931,25.170613613796245,-7.060091642467429,-0.2539386092336989,-1.1721511719654611,-0.3405570108747301
-0.1889385809629787,-1.1238155279386126,-0.467227156248772,-5.185235561483415,21.1031256526831,-0.1203937421024133,-0.1827011445793428,-1.0856400908443002,-0.3343647952197476
-0.0807208458895599,-1.034631959200232,-0.4519911954003016,-4.93385205465093,19.85249476874403,4.442167046151971,-0.079838457608704,-0.9970953416027388,-0.3272311085945164
-0.0015767252800421,-0.9557779830228736,-0.4061114243336511,-5.288031901117299,18.791180316129218,6.871949975235749,0.0095776399085859,-0.9204388618162438,-0.2859883621440674
0.0603454948912129,-0.9183571111757124,-0.3521244814569229,-4.309650328265598,14.803785375937425,7.985506484701414,0.0645789371393052,-0.8851356346172305,-0.2173716586510662
0.0567794046291697,-0.9168067140700434,-0.3280199541041245,-1.6140383501704945,9.48543180887144,8.364927031924028,0.0627064526119491,-0.8799988157959339,-0.1884182569673587
-0.0073304005676794,-0.9089280917213004,-0.3424864740052397,-0.7041596069064123,5.671773018173161,9.058505080992934,-0.0007809469222402,-0.8796315866403317,-0.2104905040167538
-0.0615787433871036,-0.8908933969768533,-0.3687854769692111,-2.041844665610561,4.198011470366972,10.716238867029288,-0.0715005986761871,-0.8584852742134721,-0.2430069983258217
-0.1219485522682828,-0.8705623346968534,-0.4087076658160673,-4.09234169341112,4.452850317232932,13.040819346177722,-0.1230000353655273,-0.8370809749122503,-0.2822414855298188
-0.1594939564721698,-0.8622502211132982,-0.4421536323635172,-7.336768184183388,7.017958389846229,14.611354147808248,-0.1558597125381124,-0.836340495025816,-0.3215852059757951
-0.1484104831493402,-0.8643172906722016,-0.4575184826315542,-11.126342026199785,12.498753482926803,14.295354154051298,-0.157585219097614,-0.8334763448617553,-0.3340538058409719
-0.1215008535655231,-0.8708317466010298,-0.4360964501412273,-13.198337114796187,18.57993084880751,12.777182704311407,-0.1293342472779498,-0.8331521728238769,-0.3013826083093174
-0.0792489659852751,-0.8797540278458953,-0.377258988763635,-11.437045205949754,22.643815014181317,10.841607093293511,-0.0846201538091862,-0.8408001971933108,-0.2521954144198221
-0.0444733880315808,-0.8808974176316386,-0.3597432729639337,-6.747635051171245,25.114107071505742,8.78963083121634,-0.0408179193188439,-0.8455752182955537,-0.2314985230786116
-0.0398018948331657,-0.8675789574533703,-0.3815972261132097,-3.043278588409452,26.98708829514722,7.366744087458667,-0.0256827868742851,-0.8399769572163349,-0.2417265558890456
-0.0611409664439402,-0.853043124897545,-0.3917244860433455,-3.4344174669061,28.201961390817527,7.181463170761307,-0.0534644698029437,-0.8233240711215111,-0.2616961113453288
-0.1008215080397872,-0.8366175465796214,-0.3996265984694241,-7.31793156595874,27.057623258099124,7.646650684758031,-0.0971679832384707,-0.8073387954782945,-0.2681602037233426
-0.1362551382533296,-0.8228450637784616,-0.4035322513276324,-11.118228876566349,23.015386898820083,7.810955776444413,-0.131269867446246,-0.7990445715118404,-0.2636784273752234
-0.1570473270498892,-0.8272545734917398,-0.4012770758322505,-13.375217592952286,18.78475865152203,7.84001218351306,-0.1524302100524385,-0.799477368329985,-0.2671206417135106
-0.1637170025050102,-0.833649617302366,-0.4004428100771876,-14.710852598672616,15.874857115052125,7.719108131744809,-0.1575469913323925,-0.8003676183375256,-0.2653074332425112
-0.1602164231445996,-0.8514839994777975,-0.3907825988641478,-15.237849126264544,14.618224329401588,7.30610253838825,-0.1548144662096416,-0.8152594911731771,-0.2602203975708035
-0.1428932657745093,-0.8835107027995209,-0.3902088292401687,-15.750339283202324,15.099759504176376,7.199023969809055,-0.1436023594196505,-0.8537814243366453,-0.263984686873415
-0.1249015985013265,-0.912518443819496,-0.4051026427001866,-17.234009303015434,16.096263174152067,7.263961604006682,-0.1249012965893791,-0.8859859055348134,-0.2639011926222387
-0.113336182190008,-0.9469421622114264,-0.395644972043429,-19.58586120871129,16.923741806732103,7.294099180081948,-0.1115833170920353,-0.9157436397932434,-0.2624677290411338
-0.0885801251744616,-0.9816284746886776,-0.3906903654359946,-21.33158392362615,17.551057905303757,7.33852967669277,-0.0922530005955154,-0.945575275197668,-0.2652536796256606
-0.0695601519479584,-0.9952986069992452,-0.4088867018561573,-21.13477847681798,17.688571122107582,6.945437564333381,-0.0726214820969496,-0.95499299987388,-0.2728910095826172
-0.0629974622281612,-0.9858041655023124,-0.4098640902647317,-18.67519674598862,17.55940900445441,6.375872721512937,-0.0654559556156536,-0.952583714710256,-0.2768120564540555
-0.0683176881741248,-0.9707467176099448,-0.3948952194665566,-13.885646300605467,17.525075220344036,5.956049676228677,-0.0701340335197382,-0.9362822914995094,-0.2645611257828958
-0.0975846249255296,-0.9516037920426962,-0.3778508740344047,-8.107056251441394,16.591978543523005,5.485132952341768,-0.098332490475478,-0.9169823557147164,-0.2504949452450761
-0.1392178556741537,-0.9386905370792936,-0.3714765095869107,-3.441296443840347,13.995974052363191,5.189762558545311,-0.1345510502869076,-0.9080145311251852,-0.2453380080275908
-0.1779428151398517,-0.9336183112186608,-0.3694661539162813,-0.9815826048854466,10.624884156748694,5.202107843526232,-0.1658673516697103,-0.8958473605111403,-0.2431067043099141
-0.1924137745135803,-0.9312037056317098,-0.3779247317161202,-0.3996810717269983,8.704763783928344,5.543117007055727,-0.1872697756393368,-0.8974971181320439,-0.2427745533804369
-0.1820941668965214,-0.9472960657988212,-0.3779080120510491,-0.978111026978644,9.67021035133822,5.830067666905347,-0.1804280093005216,-0.9117759802107924,-0.2417695173434136
-0.1580079835245489,-0.9578295371633933,-0.3565197421418873,-2.745324234970504,11.672212769764322,5.501418692330672,-0.1595630876460332,-0.921484130038961,-0.237926587538038
-0.1287697128172344,-0.9621997186760028,-0.3640231340227992,-5.039655375239547,13.42607975989623,5.024523769766452,-0.1325652518465211,-0.937690055166704,-0.2368505829955813
-0.1025317363489809,-0.9785319545775948,-0.3638095115060856,-7.469113613506222,14.996776916350932,4.537247567344993,-0.102353050371898,-0.95166679442668,-0.2361262965055781
-0.0848206136878227,-0.9839778114121598,-0.3473437412251066,-9.610089471989443,15.082784466410194,3.8629416320093335,-0.0857768511226271,-0.9524128166212602,-0.2278936607760367
-0.0818198351612121,-0.97538382258252,-0.349588438772714,-9.439671456667218,13.531569568545867,3.3980934559916363,-0.0756349653722107,-0.944147269268218,-0.2179688928922928
-0.0856447147446129,-0.9625723802640276,-0.3430353630909789,-6.465802982583249,12.212906084206782,2.9693580197629457,-0.0810877090604761,-0.9286923886603295,-0.2129335715405205
-0.0958922017942245,-0.9493635061979576,-0.3369432485749303,-1.7422387060499682,12.403886777517622,2.4884443025130056,-0.1052443521427797,-0.9094412525333492,-0.2051058831329226
-0.1136737630140767,-0.9257042339172554,-0.3305383626637462,3.2850403558929417,13.114056649173069,2.1658666602441,-0.1197067812908328,-0.8875318181547158,-0.1970131960548132
-0.1358784550049052,-0.8909012719728959,-0.3259274558779681,6.769669580506318,13.170101029057594,1.672089220847482,-0.128680086750357,-0.8606188988408927,-0.1972906602659455
-0.147425019970997,-0.865678191087987,-0.3333219705894494,7.988865860354984,13.163415700059604,0.7094054973077509,-0.1404147136764875,-0.8335721061169157,-0.2036759140739679
-0.1419652080493142,-0.8486572237362291,-0.3351161387503425,6.891156733090146,14.000573483260172,-0.6184745117868161,-0.1416789623945493,-0.8182939245145333,-0.2083109425605862
-0.1356574966510145,-0.8470228114401858,-0.3268025750468882,4.22218921474231,15.608187392199037,-2.074184982327892,-0.1328401886650421,-0.8187884618461987,-0.1983449695606589
-0.1133353324118559,-0.87052676564647,-0.3050217127717552,1.4563603685356703,17.30218510868419,-3.3962948591688664,-0.1151062689802359,-0.8349832310836542,-0.181857205944202
-0.0774873729870005,-0.8935138302323666,-0.2978968921116144,-0.2347837633360011,19.312225340147243,-4.362357652542694,-0.0909704901914163,-0.8591769270096232,-0.1739935948693533
-0.0692071024729057,-0.8992615184974889,-0.3058055916919588,-0.5519750282819262,21.93133661515176,-5.1986480566913045,-0.0814497335319804,-0.8688958960099138,-0.1726791393978584
-0.0867263150370081,-0.8888785581248064,-0.3028347577835886,-0.3396818519492233,24.47121323677139,-5.973025663317907,-0.0934266103709756,-0.8531155548531117,-0.1730231439745006
-0.1061618078099155,-0.8610743297753807,-0.2996540301460783,-0.4299232747229955,26.843414744516476,-6.667856196770996,-0.1102600325455468,-0.8287338479462729,-0.1685524897034022
-0.1204624366200125,-0.842742835181685,-0.2918257529639185,-1.5133079914567455,28.99415310802372,-7.347631875701037,-0.1207999420230239,-0.8130816589766123,-0.1654617786958838
-0.1169644083807615,-0.8427155086191015,-0.3004192497952116,-3.746098749354176,30.103514186167104,-7.885878633564433,-0.119897871545545,-0.8063000308071129,-0.1728507591648119
-0.1090587385451332,-0.8290925681447432,-0.3202337242799789,-6.092067246962539,30.583130875663148,-8.979214604341967,-0.1159551507421203,-0.8009239398940956,-0.1888606406605447
-0.1084916066414238,-0.8098740684943608,-0.3250115989965271,-6.558160733274365,32.04480786882468,-10.891321851650131,-0.1155991225927545,-0.7818041614841529,-0.2049767382012363
-0.1110950261417192,-0.7857555864326095,-0.3314001197172481,-2.8675346845415706,34.626653307556666,-13.060233369941034,-0.1158318173064628,-0.7468905416768148,-0.2004755546285341
-0.119442840176855,-0.7455166896272593,-0.3145030615230142,4.983697618112856,36.84883820433527,-14.826798662065787,-0.1198408610306508,-0.7071683231405756,-0.1821708328057467
-0.0989026442808549,-0.7087238117704984,-0.2933702082015685,14.25790819468064,38.69267742237724,-15.482886608836504,-0.1057126797269157,-0.6671480131628671,-0.1688840428248138
-0.0611031229790674,-0.676687621948461,-0.2853141120177364,21.47944835043137,41.79992876512669,-15.537191885969545,-0.068987633670323,-0.6362208081904956,-0.1505388861414079
-0.0239931638709268,-0.644484942153606,-0.2625843580477375,24.046691830812826,45.731428361519306,-16.159851513091457,-0.0307355354028594,-0.616936930995911,-0.1322133863130942
0.0139444666423287,-0.6341006934197084,-0.2443690006202271,21.801838066678528,48.61617604608462,-18.537735004486446,0.0062400957884599,-0.6101253804402863,-0.116845741264599
-0.01544417933926,-0.6646473137894119,-0.2242035765044767,16.711914172343725,48.25945955265445,-21.87823443607743,0.002539264832142,-0.6296908737430578,-0.0964963035096071
-0.097680141004033,-0.703831890074921,-0.2217885300532478,11.705245884981002,40.66733872390566,-23.690813185849084,-0.0663717927046261,-0.6729245233955579,-0.0926428193417012
-0.1788427193675349,-0.7367739941085524,-0.2562860614997518,9.507047326742091,27.24650266058504,-23.80820768253076,-0.1574610569787817,-0.7083281965194167,-0.1238781300545576
-0.256623462138234,-0.760930591982907,-0.2903479010471131,10.12263460227104,17.393570379309114,-22.95904312607292,-0.2385695846155311,-0.7249820381393633,-0.1646879701885593
-0.2979730510981413,-0.7720062208966822,-0.3143295427142952,12.177149603037382,15.631168510190276,-21.191832046813172,-0.287443923855821,-0.7457347547090528,-0.1831811737397231
-0.2738470830197618,-0.8006152324820932,-0.3252795683163558,14.670343409901005,17.948289034588825,-19.59118974688941,-0.2663922658752883,-0.772129179966536,-0.1895630706373672
-0.1905411091044606,-0.8339346155513919,-0.2962656219838037,16.45082728731615,18.5475213497515,-20.28984756875675,-0.1817839398557267,-0.7983126515197985,-0.1669677820025747
-0.0868553328811318,-0.8512626888945403,-0.2757085362717439,19.24363645251209,13.40383145815871,-22.90449978704106,-0.0797460187666005,-0.8142716282385761,-0.1387517188088014
0.0250403348125493,-0.8225780931343831,-0.3377334926006715,21.12279724456524,6.419389706713345,-24.64222154647189,0.0256763421527034,-0.798371280364783,-0.1931872881395821
0.1097272827691462,-0.7551191147165409,-0.3757326988547679,14.077630633678757,3.153564864340075,-25.44729157133457,0.1094673063013329,-0.7525425063022144,-0.2520860496080871
0.1448393715084734,-0.7142302297183624,-0.3404770245415224,0.5720730084096355,-0.2928491017232284,-25.55565607096985,0.152956357512847,-0.6986394673402928,-0.2288791908369959
0.1699548637179482,-0.7165065524667293,-0.3130669914994886,-9.297227275890103,-6.050683098965227,-24.22987399552657,0.1737336544792586,-0.6883525228630505,-0.1864831923434551
0.1158184615266479,-0.7719002853138749,-0.2760089307111039,-13.035355406512217,-9.944024953195903,-22.33606241539801,0.1244559168279797,-0.7396826276224634,-0.1485167542086607
-0.0270417650955592,-0.8606708481074663,-0.2516464179084476,-12.86703546092503,-10.212268195521736,-19.61784533229019,-0.0097037561151944,-0.8213113264892632,-0.1276894707764191
-0.1723715471155674,-0.9655423894184224,-0.2459635103577747,-10.211227551895185,-6.913713282531695,-15.698815044166398,-0.1567063110967922,-0.9208836568386946,-0.1176167618192426
-0.2834478349537412,-1.066309736198868,-0.2278075036540023,-4.27821284940255,-2.2531711891614945,-11.378601073297755,-0.2635227222671494,-1.0114871637327094,-0.1002023911351072
-0.3141028520641037,-1.112913209159749,-0.2217663610270245,5.675269780272753,0.319252849710344,-8.269125897425965,-0.2997480627894006,-1.0636497532921827,-0.0946396698723109
-0.2990388190863129,-1.111270809163096,-0.1975475262610267,17.021023438984585,-0.3566011628587772,-7.993476757674915,-0.285151142079051,-1.0632480632004364,-0.0687748339023426
-0.2513566183874693,-1.063763160076422,-0.1757717481840203,26.599732720809943,-4.195671715038691,-8.422126998546753,-0.2304682096592916,-1.0179870445193169,-0.0431817549469774
-0.1614686730334682,-0.984387674504812,-0.1837056821344586,32.05378610926108,-8.591552782181472,-8.008746810920771,-0.1513933513779736,-0.9551187342299668,-0.0483819666251307
-0.0904651028756214,-0.9099330253805024,-0.1811517695871738,31.410198643626,-11.108969170196524,-7.662760919642599,-0.0939968373177015,-0.8861232767812774,-0.0482472209498797
-0.0404198871201745,-0.8672962487286517,-0.1717780639419802,26.600446726036605,-12.928192703367133,-6.892300315478107,-0.0451201561344024,-0.8470367673541993,-0.0424002630627645
-0.0395993140255317,-0.8836635509594455,-0.1316777293873603,22.674945878190616,-12.652837393572751,-6.593621597485314,-0.0405252333465919,-0.8629970958292568,-0.0054902888385617
-0.0672109273446351,-0.951123603828938,-0.1066758393440169,22.22510971828471,-10.302994495658886,-6.379124456894055,-0.0664526569712918,-0.9171469394682517,0.0277725620542297
-0.0347860376039822,-1.0417331624879127,-0.1638453342036609,24.858082796478858,-10.93056097779455,-4.810212183142726,-0.0390162551157866,-0.9986741225841024,-0.0228508179130896
0.0265994501404896,-1.139554810686371,-0.215982087004892,27.523017877920022,-8.37499179770382,-4.92227466278899,0.0034662323522143,-1.097686971391413,-0.0865026769398283
0.0659882161150795,-1.2492372884379663,-0.2117686935664897,27.30141201577565,7.194723814485291,-7.252797528643341,0.0416411112826248,-1.2074551179103217,-0.0815705900290943
0.0774714364928368,-1.3191336531810256,-0.2669711808520613,25.012425207216197,20.95795785606493,-8.387427999921943,0.0838848747620019,-1.288291624998692,-0.1222931108124465
0.0540402492099132,-1.3066859315974555,-0.4659759371653239,16.31302411784464,14.025498373837143,-7.670302523718835,0.0765382336603536,-1.288010799867623,-0.3212080788257804
-0.0241702883642321,-1.2930865392964508,-0.6034715482568018,-0.8672008138691744,-2.4906963500799555,-4.143920779037103,-0.0022290137733771,-1.2630854124304314,-0.4816438367049975
-0.090155090080361,-1.3443722361950847,-0.5852393341275727,-10.892564974210671,-16.6397651525921,3.3404527308949823,-0.0666028532272009,-1.2908673429074589,-0.4733831466760043
-0.0695940610501733,-1.426095686032588,-0.5611997257681206,-6.239655850265383,-34.25999873342206,10.723639625110032,-0.0588167812569912,-1.354728330347223,-0.4343508540777123
-0.0209539449476805,-1.5051315218766634,-0.5003417602140526,1.994047587737953,-49.55985012588829,14.934700987203856,-0.0221706418778392,-1.4477968483658077,-0.3750089319473918
0.034930337625453,-1.593087673627395,-0.4316416404112011,10.049733965575262,-55.10088977726669,17.87152702061057,0.0378543680381672,-1.5491842367421549,-0.3063977243102033
0.0525022666286352,-1.6337264205342747,-0.4323806689580499,17.076827517855616,-60.10648369578074,19.69463591606493,0.0599566156873545,-1.5865315318483957,-0.3028013692266849
0.0090602894060583,-1.584031410928782,-0.4343271667592823,17.502557160971723,-69.64599986992224,20.086012413808056,0.014710786108535,-1.5374645150222055,-0.3128096989784181
-0.0119060392484316,-1.4880689460964271,-0.4206597782502497,13.4287992997899,-76.78151203344646,19.489209447375504,-0.0141099550064546,-1.4363732386257613,-0.2926311703995562
-0.0208101983963812,-1.3698952463283902,-0.3986020109847731,10.322689062301468,-74.37663605761405,16.092854233588973,-0.0259307311900722,-1.3297642931560527,-0.2651809571068906
-0.0252749058965136,-1.262082352415535,-0.3708042687271756,9.09319875050548,-64.09434758524841,9.65521679327203,-0.0297786787334339,-1.225308043995769,-0.2438859764586093
-0.0031381742682171,-1.1599959502948498,-0.3424839387970195,8.620531164352277,-52.6504625244844,1.9927737530026095,-0.0121311155338796,-1.1203804503117494,-0.213677108669546
0.0505551814586892,-1.0508108944379777,-0.3140430634439569,8.002506906882724,-43.091225571439736,-5.244957172311377,0.0373458640569645,-1.0212727389869152,-0.1792429731091598
0.1429235208774589,-0.9594355827109428,-0.284722139764276,7.920938962229666,-36.3702825064087,-11.025627957972,0.1296653762627447,-0.9290982895486748,-0.1504646891491527
0.2393563393923858,-0.8897725427143378,-0.2673687409485636,7.507236482665433,-31.466314828263272,-15.466197720414437,0.2253185913732392,-0.8671096791087882,-0.1383491368363968
0.2981429493020848,-0.8561542397533303,-0.2734038047451708,3.507089441713507,-25.230245050632607,-17.606579862007678,0.2810189398400154,-0.834716155455398,-0.1414547136042037
0.3127371616314536,-0.8540118349776243,-0.259509426844361,-4.056056633606112,-17.14475546560029,-16.82675276639582,0.2984901140953763,-0.8313013715865128,-0.1276353660067199
0.3067529774694782,-0.883134127704461,-0.2190979774813196,-12.725861642528749,-10.657866794817831,-15.53429705873131,0.3003191667675894,-0.8601377104429582,-0.0969862072354804
0.261910784652279,-0.9306511157748418,-0.1929485991353138,-19.78904449813901,-9.158770253467866,-15.281396681593328,0.2618537352996966,-0.8966166834698801,-0.0613031471863738
0.1806433283327531,-0.9556949687123744,-0.2047826057703897,-23.730061779987192,-10.88662271546072,-14.810507992665856,0.1823105151947438,-0.9317919919910818,-0.0668426709958732
0.0952793388043565,-0.963440730394361,-0.2458951626339272,-27.511573785129507,-14.180669835305686,-14.133376333636054,0.1023500527500276,-0.944215082240271,-0.1223012746427926
0.0125922760152298,-0.9577053459603035,-0.2871960514018633,-32.328760271632966,-19.74780180106358,-13.879562041805686,0.0234266381795155,-0.9285460273535284,-0.1627279714698136
-0.0426008293172457,-0.94274890002075,-0.3133474706760571,-34.27000402678287,-24.431132027163084,-13.306374968759169,-0.0354092550027778,-0.9093782831941756,-0.1796079168078258
-0.0592090201189782,-0.9231791283274448,-0.329111944911626,-31.44469798786874,-26.623043197414532,-12.649354604391496,-0.0537916597679436,-0.8833585533389715,-0.1880498805664156
-0.0471299032946075,-0.881274857037497,-0.3499579374302314,-26.8053290460072,-27.70789714830723,-11.595939285023114,-0.045946512813103,-0.8476734276427962,-0.2181430441890756
-0.0213512363859509,-0.8390909593813182,-0.3747103071168853,-24.823020422395693,-26.922675350297464,-10.167106630536027,-0.0227524413559769,-0.8087703222480954,-0.2536928471636308
0.0134817704341653,-0.81698229986614,-0.3763302526796671,-26.226808063743835,-24.568091374995227,-9.894770152245464,0.0113895716266581,-0.7846855849389931,-0.2453638443305011
0.0511025919901595,-0.817738856209309,-0.3508093692701708,-28.531788684103244,-21.656575027352165,-10.15279021382818,0.0510599529174218,-0.7914070526856573,-0.2306680637143929
0.084827351677184,-0.8539789022362461,-0.3373828276921181,-30.71310767212525,-18.981811694715724,-10.527342594320825,0.0814724212180956,-0.8204700765713455,-0.218179511810061
0.1044107908899194,-0.8982026880966043,-0.3240064802435174,-32.29486510434839,-18.11281131615334,-11.348602989674484,0.0958570694135323,-0.8614843307690452,-0.198110230904416
0.1112063887065017,-0.9377756321304151,-0.3136467670545493,-32.36046875004637,-18.74941468782442,-11.471108393926588,0.104321266047059,-0.8974432831716588,-0.1913679697781153
0.1210740338258053,-0.9723725158438892,-0.3285570755156082,-30.44281090195926,-18.909085703140065,-11.053359184266,0.1086927313280548,-0.9296158783601984,-0.1907127549551293
0.1117804193732152,-0.9947507312973396,-0.3282386442230985,-26.4826335575478,-17.827245288060347,-11.185318387276569,0.105387760284541,-0.9579900601942186,-0.1986760037395592
0.1132215221599203,-1.0069416829052151,-0.3345215564028734,-21.50377213796425,-16.186404955659388,-11.768554207134072,0.105975377113256,-0.9623017266041968,-0.2114489035376289
0.1352502930661873,-0.9944263677417234,-0.3442062585946343,-16.38910658900357,-13.706868393369628,-12.372320330134809,0.1200893885596341,-0.9584724454538424,-0.2125677962210145
0.1417844335463919,-0.9945986572906114,-0.3419644110427464,-11.303380663157888,-10.5484859943531,-12.67228093913425,0.1348322195390552,-0.9616370674083026,-0.2090418260882564
0.1534213604987017,-1.000252287387687,-0.3510757212700003,-6.976579899622803,-8.428410267137032,-12.198335488793198,0.1399298167491088,-0.9547688838039884,-0.2121645627095923
0.1501483028496471,-0.9754698657006734,-0.3437975195953804,-4.335600128106096,-7.507432025498093,-11.110562284230944,0.1358046015272659,-0.9371442929484556,-0.2162330934595168
0.1274925847441786,-0.9536427976698558,-0.3316689678319559,-3.899208517445025,-7.45484022794451,-9.809956392416757,0.1227487054150201,-0.9226029315267772,-0.2035400310929585
0.1020410371100909,-0.940967914409608,-0.3018757698410493,-4.613284012964016,-8.34386424383693,-8.17104535942895,0.1056990727178274,-0.91527991975078,-0.1687373805989011
0.0754714412138305,-0.9445264073761906,-0.265142698955777,-5.003191721681996,-9.670365601499322,-6.528985882518885,0.0850803772658072,-0.9127760123231822,-0.1393686567706302
