ADXL_X,ADXL_Y,ADXL_Z,ITG_X,ITG_Y,ITG_Z,MMA_X,MMA_Y,MMA_Z
7.589723457472327,1.1110796592372936,-0.3144105838232615,-86.19014541488468,211.2095839964637,133.48854413122123,7.217138863774165,1.0690503658991095,-0.1518357428585976
6.9329042735577735,1.1610126173019013,-0.5631683342373877,-105.54269846347678,276.1889503002219,147.58494811502692,6.753487452668885,1.1855161196762312,-0.4521958257939987
4.752660433378319,0.7342693342109243,0.0384466931905922,-84.84838740213357,317.09803871576685,128.95739410807388,4.780621020789785,0.7932400638776358,0.0755575056588255
2.4977368032125726,-0.1210451610961736,0.9534250002755932,-55.76135074409731,293.8229735346329,103.95800232704788,2.688113223959208,0.0024576668100848,0.9860686877673523
0.8965758540087461,-0.4490654032320529,1.3855294531550957,-11.431497216324344,224.58298468645128,79.37720418531318,1.0886510806718162,-0.3624605542228926,1.4958379387790646
0.230851102624022,-0.50000192560513,1.2739212443084984,30.52608595003807,148.60980810172205,51.24673353264421,0.2998371502922191,-0.4913124690995023,1.4153636119791746
-0.1727440295897106,-0.5361751964387534,0.8610613375241343,39.24662619137673,103.08746836961504,29.47461147802729,-0.1809317641223904,-0.5339072400869581,0.998014728447208
-0.403223077115548,-0.5066321950084507,0.5749984614124506,37.08640708641936,101.8219304911578,2.31642549276821,-0.4016781766221005,-0.4787219191689089,0.7143852935597272
-1.0927190293256857,-0.479960069663802,0.4563989263265544,54.19992442357453,95.3704143609679,-19.489532857286708,-0.994589903248826,-0.4406769011096534,0.5820371352089477
-1.4196126743948607,-0.2647430406555698,0.1390923788614485,73.52491810415468,45.3771347722066,-31.506901337636258,-1.32848028271426,-0.2670835803096456,0.2730636622870885
-0.6350703937989252,-0.027480053259896,-0.0337413476682728,70.6711004714764,-5.735290461601681,-46.0965581724076,-0.6062772273113979,-0.038284260480857,0.0973581225488317
0.0216469363499648,0.0631065226854713,0.1228739876593147,68.6061608282143,-30.21472667767115,-57.1101751676196,0.0105815532469885,0.0822284094351989,0.2390922721863805
0.5286163580231706,0.0807601098614883,0.2535333788278918,75.0200182587725,-34.54830500830802,-61.10310082331416,0.4816103665862965,0.0786706013230175,0.380416872912003
0.8862407872388627,0.010758263133757,0.2589345267918194,67.53506461990183,-26.211240134955613,-51.97873520018706,0.853048054446044,-0.0119173545896506,0.390252046662842
0.8584281478302449,-0.131886508446773,0.2303704088376447,45.99777770337168,-16.8324786870385,-33.729539170527154,0.8099201761753192,-0.1345762003706773,0.3535847296577942
0.7313817572509083,-0.2349888093801997,0.1987507488349443,27.777485737401157,-0.2377491407240365,-19.8633555775641,0.6935389443892228,-0.23006278974435,0.3271208978001358
0.503313442815716,-0.2835900874286011,0.1990744938964288,20.238551546582,20.163835212459517,-8.431117939705718,0.4961264709911591,-0.2755498715395496,0.333287800987639
0.4360120050975192,-0.342954131939558,0.3069733882898161,19.259501645207628,30.627462673117503,-2.5650191565864917,0.4102228125484176,-0.3256504560605203,0.4147954531474772
0.501551419052718,-0.3467209767013858,0.4126350240240707,22.975420974082503,37.84812727873944,-1.0459389211042027,0.4842879748731437,-0.3409229294962138,0.5160915572731275
0.4345077462104366,-0.3254815138810243,0.458442653998417,21.68277123954765,38.57102650134341,6.536310994164822,0.4324079508838096,-0.3246912456537633,0.5837053511908188
0.5258608878284194,-0.3059775090369014,0.4859463195104194,14.400271687403892,28.340114973676243,12.932893996547648,0.5121190653448109,-0.2989482089341115,0.6043922572569972
0.8692140991351119,-0.2255969813695363,0.4541209687213429,8.662275345090695,23.801227508095263,14.480623628103777,0.8329593350770313,-0.2331602367152261,0.5735994602128712
1.1270392078937084,-0.2481947522695863,0.435943109305325,-2.7060390517895416,27.152529077095327,19.41063169365837,1.083428752936135,-0.2609573270230921,0.5571457296812534
1.303390565774186,-0.3909231651981998,0.433411843467999,-13.494291304876713,30.114271973852787,25.02185895125268,1.2575504461314269,-0.3780887139413559,0.5509055358782492
1.3214957432525585,-0.4572908348643038,0.4161366030786606,-13.3357829616248,33.80010924561916,29.362195362424323,1.2830496547946637,-0.4272849151875279,0.5410912457354062
1.039698276782743,-0.4281230335313844,0.466151912267836,-4.996937050751365,33.40579956604871,32.734241857364246,1.0298181273192424,-0.3999308432805126,0.5859455024102793
0.8770412702181216,-0.3259804920198303,0.5472875643743005,5.1603803169965365,26.55461615065788,30.316543150040744,0.8579984599106518,-0.3182103024133134,0.6707213217077678
0.8905019074685556,-0.2598258442286449,0.5751345742010463,7.22658811583123,19.8833560122095,25.30953489442984,0.8609651925924393,-0.2682299311003681,0.7062736063022772
0.862575182073041,-0.2933588642740681,0.5738348323968678,3.732708068760517,14.84618987632492,21.54826991542948,0.8317517436498487,-0.2839028977087772,0.7035993908380563
0.8397768956803389,-0.3133695850213066,0.5937626399993494,1.50416095981988,9.060696273970766,16.225037561210463,0.8116022204552032,-0.3004508216457132,0.7239133325628588
0.8342246895901522,-0.3312956828838646,0.5878436615095681,1.9513008821282172,1.264864408756984,8.088609211090633,0.8198647725656776,-0.3230183194816303,0.7157567927970294
0.8769392237851614,-0.3251291690051118,0.5214072963362382,6.337052880418473,-9.120302470939295,-1.7783151019725476,0.838702148559763,-0.3033798251912753,0.6582365517873958
0.8839498852952401,-0.2617087420468778,0.4588187757071512,11.934917940987038,-19.86370038570059,-11.056187685401994,0.8504901945642476,-0.2512610480543161,0.6001274202618645
0.8393031945231391,-0.2331128124959569,0.4144720977515633,16.255327447182097,-27.75629514494089,-18.525722556875667,0.8263035035834039,-0.2276156392569585,0.5413387032914021
0.815225564783588,-0.2050781589545819,0.3461539754373435,19.6791559623775,-33.21030622432956,-23.45575382859475,0.788833981787161,-0.1840743578474143,0.4739963480595201
0.7871896232468932,-0.1183062661434243,0.2869679345669585,23.431212151347925,-37.4818458370143,-25.011442880231623,0.7654760854532928,-0.1140331293910876,0.4218807040275567
0.770819186694974,-0.0444628968782089,0.2808590035654084,22.58679384291145,-41.6033338703572,-25.228109414850827,0.7570917305142592,-0.0574736331097841,0.4096122874345928
0.7725066975221461,-0.0185089746000117,0.2830822820097491,15.791735582960838,-46.12520734616025,-25.99216261392869,0.7589644765827901,-0.0242570738127662,0.4193785676870418
0.8088648124956482,0.0048504285979916,0.284001211681306,10.046937751210024,-49.49685289757155,-26.91364399952782,0.7873193010053037,0.0019343483030832,0.4144060136555173
0.8418119919372287,0.0247020205190794,0.2823973958844767,6.806372613995797,-51.93113339338758,-27.52287192838194,0.8137833423316367,0.0229724270003979,0.4004181123846809
0.8357499068933409,0.0392686368737956,0.2740334925072843,5.830346850766904,-54.66552037373354,-27.78145992762953,0.8070265637508672,0.0367285457251061,0.4073779058561191
0.8485898326132697,0.0423319967216519,0.2702962390674976,5.032996069257575,-58.10933782898467,-28.10756919976104,0.810500171697059,0.0436049832714464,0.3980528275152692
0.8725215844124634,0.0158032433180293,0.2413491970081519,5.094016865130717,-61.28112735159356,-28.54379349454356,0.8332990912046088,0.0242982796590745,0.3586884941901767
0.8684897770025677,0.0212041095072918,0.2480437143652717,6.912471848049221,-64.42085035821435,-29.142165021599595,0.8332582383826216,0.0235564682208288,0.3671745347571132
0.8519426959901195,0.0381302956403738,0.2720994841247762,6.201271472963541,-69.28409551889457,-30.57700582134608,0.8268820195034238,0.0381552928399056,0.3914162466259463
0.8569463700957662,0.0205567848913402,0.2528819416015732,5.791906358480656,-74.17849628479183,-32.561551748816576,0.8268218897253496,0.0245551275757741,0.3820328071927277
0.852591044183876,0.0175550192627424,0.2407449150117591,5.653816060228686,-78.61984912736555,-35.03012635197746,0.8180311570490386,0.0190829114656379,0.3694742655255036
0.8420754924023129,0.013545307243075,0.1877436485939527,5.605932277790616,-82.15926085013267,-38.00356222570723,0.824028981559719,0.0105822262745135,0.3229678127344848
0.8724153728787174,-0.0009709522058252,0.1399583384492346,8.063440438191758,-84.32627410964378,-41.427881714256905,0.838844304570344,0.0061505277323972,0.2730989958329897
0.8795369283290382,0.0068656259280049,0.137009203717135,11.369917542605634,-87.80657573160379,-45.16245096691559,0.8385226209506887,0.0155975233811583,0.2608644258844334
0.8544121334622277,0.0192998246799321,0.0912157495973942,15.959010436242124,-92.8922599220867,-47.76671410971175,0.8273911591298412,0.014526652161908,0.2247072718106776
0.8342869401027184,0.0370133673536943,0.0508586676039224,18.0000442650065,-98.93479244965948,-50.18382845411913,0.8069163564825612,0.0430813804709949,0.177523433416065
0.8309857202777937,0.0786459413099757,0.0069954600691647,18.618479729933046,-105.29447372393236,-53.053159004091256,0.8046306225919878,0.0867080855031972,0.1406870767406426
0.8747126983198019,0.125051807971419,-0.0475516302197815,18.622198660084194,-112.44340116833014,-54.80696460111115,0.8414392547571675,0.1241658885820455,0.0911112658353969
0.9380007550101416,0.1704537310815838,-0.0941052156702336,15.06653243907236,-118.79359636660854,-57.013884111111786,0.899399140376902,0.1592578431526264,0.0473013969315321
0.9768356684490828,0.2300405200454754,-0.1636918096975598,13.675425438709372,-120.81967846083332,-60.54452396934504,0.9418431874393782,0.2010360699072457,0.0030205711059623
0.996379809493106,0.2876058471631892,-0.1915377322743435,13.898966204221493,-122.13836544560203,-62.5511885771138,0.9636687021586192,0.2793966632063194,-0.0400857145055823
1.0196751347140005,0.3169394090313634,-0.2209289621709457,14.222381079783316,-124.15851102075752,-62.90790366742979,0.9934150586780226,0.3236943095511954,-0.0773441798483606
1.0018064446977288,0.2998231351012219,-0.2788123179912666,14.778786556442784,-124.75127940901852,-62.81065138543261,0.9724661806381938,0.2939181310992685,-0.1279041208424652
1.0429684729409572,0.2235016628505192,-0.2973623070159328,13.536452423458842,-123.99719301826714,-61.20190277304346,0.9998927007776616,0.2249060493194057,-0.1546537047592878
1.118500768525321,0.1142301802053224,-0.3198547925064058,13.29283166919473,-120.161698224263,-59.78543068167642,1.084159440456547,0.1320562605793605,-0.1729379764430079
1.1235750031615088,0.0665550786396111,-0.3615691411976003,13.536962684467811,-115.57656398942382,-58.080360081951,1.0739231732587642,0.0812006666668095,-0.2260736753039642
1.2017425240509287,0.1360460322940947,-0.3829760229872384,14.831418204331838,-109.91277383471248,-55.009746120245296,1.132965670733846,0.1250369798778196,-0.2456347182003208
1.156361876454275,0.2414792947827223,-0.4061050526740262,18.03436590477393,-102.41034678823064,-51.514251182152016,1.1204747375082549,0.2231389207372108,-0.2569454738612013
1.0729496264213272,0.3226554892514911,-0.4198595504346126,19.55518593517598,-98.24733678791584,-45.341874828886006,1.030306166254524,0.312615920426689,-0.2862681658179078
1.115221692446561,0.3726627778286157,-0.4217763580483438,19.7454905951538,-93.98337080399904,-40.41615831487842,1.058921973673437,0.3716645094451333,-0.2899180219061436
1.0815253199413175,0.3760216634345126,-0.4808329939099208,19.26726226174373,-88.42690064377837,-37.50431383560793,1.029293372756011,0.3863580076990573,-0.3323462988848796
1.1265707201838175,0.3795237332786603,-0.5258255886845169,16.322335012501547,-81.97336959498863,-33.51879002821064,1.063619246012452,0.3709655630112313,-0.3857483271692684
1.148670511382414,0.3610889501688335,-0.5288088251456667,8.593447737705828,-71.10748433691072,-31.50769390765969,1.090403730240109,0.3519471552870624,-0.4090503110855688
1.1279268974621643,0.2783463688288295,-0.5726925346502676,-0.3698635141661391,-60.58590052986898,-27.88501455389565,1.0503466776271642,0.2990869201775081,-0.4428580560840039
1.1459383023894492,0.2287782041871566,-0.6059847121362535,-3.302418464832493,-51.549968727847656,-23.255314193232245,1.0872482298685644,0.2365856939273471,-0.4812355545706204
1.0728927154978212,0.2280001168232029,-0.6299765012744943,-2.4729217268151005,-42.79461497623111,-21.046394512974175,1.054955007372381,0.2187662142308555,-0.519121303701773
1.0344400401127407,0.2296907096243435,-0.6672024332708031,-0.4697387827583516,-36.87606625410541,-17.41624858206353,0.9944459712386068,0.2328765330744153,-0.5391532456438248
0.9750807268958664,0.2471300117270979,-0.6688658737560629,3.1303282013970675,-32.9185432223358,-14.88557944671425,0.9336701725056288,0.2539507857312237,-0.5402608631986374
0.9301320102996518,0.2893505685620974,-0.6590047939066794,4.642162962690502,-29.181737217855986,-13.75998790230715,0.8927301386107415,0.2982538205497574,-0.5336875827118046
0.9204516841968312,0.3612857538166627,-0.6493192072239184,4.273180763941288,-25.77814928884678,-12.288729942070235,0.8717119486913296,0.3680096843407386,-0.5230946879784537
0.8517681989712188,0.383792912439917,-0.6335312022462739,3.672031600301091,-23.13112044819192,-11.597629380673736,0.8123694630515919,0.3800761979829973,-0.5147242631882221
0.8504363824146579,0.3559559713679954,-0.6352393881218728,1.7134331253277149,-20.093369008958277,-9.594127671570371,0.8064164104938197,0.3564051518217618,-0.5111886606844008
0.8796484187638645,0.366886587196964,-0.6455933159889493,-0.2681853092901682,-16.235445038646763,-8.618415558735691,0.8290818513322614,0.3654713559178077,-0.5225547871839655
0.9055339463502248,0.3693061473037046,-0.6424762366307508,-1.463933388928989,-11.191802819552352,-8.623522191661438,0.8640720118214221,0.3560264054256354,-0.5249908521204497
0.947861187469633,0.3426569611719368,-0.6413692735308747,-2.8807117997951512,-5.093947154352725,-6.652927716857508,0.911901113036409,0.3379236221561357,-0.5166067278437088
0.9798656455267536,0.3302413873057409,-0.649889305409729,-4.2410540862962165,0.926790517915038,-4.770326522235802,0.9363757349093014,0.3390965356618285,-0.5213475623134592
0.9831945725565816,0.3240128634312301,-0.6505642214393582,-5.351710799735435,7.293912203535445,-2.964907976751287,0.934478689484156,0.3323855907837386,-0.5202235955013498
0.9618878899365032,0.3185294269712417,-0.6444806145520614,-6.463065471003473,13.366289922161178,-1.211341191707715,0.9179463175510124,0.3215416960251158,-0.5089655345710535
0.967727316165882,0.3189152347058767,-0.6254248935181591,-7.236418920714034,19.09884938762972,0.2852745289221274,0.9265601223534266,0.3169400405742369,-0.4963045064584578
0.9691315437436916,0.3094989839533086,-0.6086866587557025,-7.646572473538621,25.09146646019402,2.28561384643062,0.9265864443092916,0.3104887285455209,-0.4765607027525809
0.9646769332930742,0.2872737172559628,-0.5934069354955691,-7.724830235240185,30.65689100140453,3.512777720682298,0.9239069420902116,0.2938320076619969,-0.4567823908082483
0.9689912518256564,0.280855744061853,-0.5468267958092684,-7.307737890832194,35.62837064752992,4.311941182113827,0.93166909258618,0.2843911967448387,-0.426280618531594
0.964641555757358,0.282963840085529,-0.5061056318726254,-7.2772899515758525,39.53944175789192,5.55430937216712,0.9213982951511392,0.2867047187539906,-0.3818691399453788
0.9608390062049416,0.2788091763738453,-0.4798294742058215,-7.595039590579942,42.447837281478925,6.951129083094603,0.924377049100811,0.2812098923968512,-0.3437807292828295
0.9638421429779012,0.2818117042403696,-0.4427166032344105,-7.519613537614544,44.96489775059751,8.249718385321472,0.931945003872323,0.2818191036359387,-0.3090296075038159
0.9811284382552872,0.2822152353715161,-0.4104623352617209,-7.607400162615352,46.976972073293474,9.510368613588671,0.9381119873325316,0.2866365451606307,-0.2781992173743777
0.9820186124147434,0.2783003875454093,-0.3839771634380992,-7.570510786089675,48.6088914281692,10.989121780535369,0.9463400689422792,0.2762337759681719,-0.2565298392061551
0.9851957935429994,0.278039661140255,-0.3676427545608463,-7.558665168547176,49.82197995747469,11.997979329779916,0.9519906222895572,0.2778829859544603,-0.2331623983608406
1.00271327188725,0.2841690534819271,-0.3442417841705111,-7.854820374729528,50.1849499330417,12.881614804436378,0.966577558856639,0.2903032500911622,-0.2044280376940382
1.001975870622133,0.2910901914176635,-0.3134626044035518,-8.124546083218805,49.26828462008152,14.345604659474924,0.9682120111388772,0.2862397531241518,-0.1820790704693159
1.0087051266760263,0.2890220872334651,-0.2961941204723058,-8.879391370155078,46.921271846796216,15.681412099756972,0.9731855649434572,0.2881517023698423,-0.1604090920528355
1.009346642625577,0.2970037365966158,-0.2712390958375523,-9.006220672789302,44.08175383303459,16.807595459493232,0.978386322448896,0.2981486778511211,-0.135630997553058
1.0131510444553862,0.3046603245932733,-0.2596910046912446,-9.046985673557405,40.90076050385356,18.086334154967997,0.9778968171049158,0.298019535487508,-0.1307845822547593
1.0162214859646874,0.2965666429651011,-0.2544885462309494,-10.485768815773108,37.21059201727183,19.36837590619966,0.9817088772559543,0.2928270645316386,-0.1238529503602415
0.9791192883249809,0.2839261942954662,-0.2301051588511017,-11.789009477054902,33.924033615570245,19.89991023998065,0.9540155973796188,0.2755522383071712,-0.0982782144717863
0.9622181308393446,0.2627149061682707,-0.2172438554337975,-12.026720780546492,30.79739965940314,19.43802125400445,0.9344201487409606,0.2556782253785411,-0.0845299063906138
0.9660045161269886,0.25095081710238,-0.2046248873750863,-10.617515046874184,28.74638215729101,18.62206115911399,0.935314095360619,0.2463790540561405,-0.075231763757415
0.9548568440354044,0.2491276624909694,-0.1856776197522521,-8.755419492998444,28.32078028717912,17.384524262903376,0.925246420053627,0.2414379808763396,-0.0606971135435975
0.949506073752409,0.2334067942454057,-0.1618438671599662,-8.320337422301774,26.628324049043293,15.618442998014688,0.9226690413828926,0.2286041020934337,-0.0407000945098522
0.9571338736485788,0.2146315722900158,-0.1362451853643104,-8.207505300511109,22.640236192312205,13.70162071241206,0.9295074387260795,0.2067881815061874,-0.0096631175332742
0.9682196396563146,0.2017565304464346,-0.1314615546952267,-7.916894856605915,18.45732099514643,12.025881877050688,0.938475397908085,0.2017231920739539,0.0013891151458414
0.95787371816954,0.1973784609275215,-0.1442135611155777,-7.154523829141534,16.053393932186786,10.357956665218438,0.9266492545086225,0.1979788529110791,-0.0213531936167639
0.9405038370406836,0.2001625864130067,-0.1729121260975786,-6.277801027781822,14.622918994495384,8.404275250279257,0.9116562558296124,0.1856505510673674,-0.0458203326139771
0.9466171717810524,0.1912519053375982,-0.1843549024565436,-5.89103149673203,12.799895814801223,6.672439938200197,0.9182243659939856,0.1838191033263465,-0.0527709468057495
0.9638336793023116,0.1796538035566663,-0.1833345180108298,-4.581422671165564,11.559484677329989,5.09299198784771,0.9266000954290888,0.1800075308094845,-0.0558282798543826
0.9663278739641707,0.1790639464717768,-0.202608949261362,-3.087766585557367,10.663392975206657,3.744588178731844,0.935054308596025,0.1804487138349543,-0.0629525840545727
0.9649394995681626,0.1830331625476921,-0.2026506506690243,-2.0993285014489205,9.116578395212551,2.7738493340964165,0.9352585859036322,0.1877940430812768,-0.0615194938989764
0.9701424922762044,0.1917669139976278,-0.1898672767871157,-1.2511178541952206,6.973632380379588,1.6704341519434684,0.934529208718111,0.1885082402067844,-0.0544032670789685
0.974135084751844,0.1960960283565312,-0.1950014668664083,-1.0546862231334737,4.610437835292843,0.5744295249757985,0.9447759743319606,0.1920450048583797,-0.0579835048000351
0.9834672658614888,0.2031807092383689,-0.2065193048172438,-0.4135680169464767,2.6916000068855634,-0.3121462006607151,0.9518313729934004,0.2017799286286924,-0.0700846237641674
0.9874637118239948,0.2129850890551566,-0.2068328864466115,0.6494701364390808,0.8331898536910747,-1.045291639704657,0.9555633720877288,0.2073109078577304,-0.0715596996427769
0.9853508325822324,0.2110694963654371,-0.1983429412244893,1.1492114219654428,-1.2115323710827262,-1.7109853608554415,0.9553640925991428,0.2087530094597334,-0.0660343462172441
0.9815861579069136,0.2184527196755986,-0.2093104018457205,1.1296154985674771,-2.8700051680769545,-2.412017213877236,0.9531501267462716,0.2166707582536557,-0.0718283847421799
0.9829244691521314,0.2295556133178022,-0.2188467304962423,0.8976462210608092,-4.134412405438785,-3.084323996596126,0.9534794536242264,0.2254889408173441,-0.0775175342515625
0.992299271423687,0.2268528387062837,-0.2166509631316663,1.1738333270478611,-5.262796212996667,-3.65811959553072,0.9536207700217978,0.2237952646513621,-0.0813261480340456
0.9908618371736228,0.2237345127948246,-0.224216196354146,1.6110408428742091,-6.430044572621266,-4.151192658017642,0.958018090713996,0.2227313525321536,-0.0947764575611709
0.988768536978918,0.2231940167850513,-0.2302047725575368,2.165445375606821,-7.495701810043585,-4.683994134593209,0.9617551239023556,0.2205765728783465,-0.1040181981128588
0.9921331128386666,0.2237588296388152,-0.2427206678060721,2.9197932786451664,-8.45650355911023,-4.94176328974243,0.9625018479216813,0.2118302601157548,-0.1099488607974717
0.999530086526411,0.2323247091314919,-0.2503039973706849,2.9793251159741483,-9.60876909637489,-5.0164093604323865,0.964115312623903,0.224867507719509,-0.1188509493722797
1.0013864083882476,0.249499303066686,-0.2525162097092166,2.8562235201859973,-10.71621964355558,-5.215874744851775,0.9613393017971316,0.2435660587445355,-0.1235900739292063
0.9918183271014056,0.2553387450004273,-0.2625000512652969,2.826297795908208,-11.43382917916876,-5.325425203059777,0.9583835283194906,0.239238178239636,-0.1275122107332394
0.9877451946636572,0.24518192654327,-0.251597662331025,1.9394888791264424,-12.02684138111667,-5.584761825459604,0.956541317902916,0.2385206519624553,-0.123675512057867
0.9809997461054336,0.2465268656911262,-0.2517366019285853,-0.1065538216062238,-12.75349165619925,-5.8762814241595205,0.952459847068874,0.2373812247157399,-0.1180613080709215
0.9847165404079554,0.2448121664678723,-0.2624632826192771,-2.201442945015928,-13.239595727095454,-6.17377182885191,0.9493374570723216,0.2317791178016305,-0.126697094911115
0.997084741121621,0.2366767651845801,-0.2642233628194691,-3.188661775968338,-13.359347671082975,-6.600400193803955,0.9529823768746376,0.2389555521212179,-0.1400185116152209
0.9971739744650036,0.2489350936347742,-0.2943988185515356,-3.859099537517802,-13.43299510430479,-6.663202359409602,0.9616719271397024,0.2445763704238712,-0.1585063545739699
0.999685441598412,0.2388834342522863,-0.3160716041785919,-4.289486195628049,-13.386236006567051,-6.568180843781788,0.9630181660513494,0.2397078586295718,-0.1800187313277644
0.9958681678283152,0.220478457943833,-0.3200592366518032,-3.844669985169604,-13.184631939273874,-6.537599325610936,0.9641093117807188,0.2291964079470181,-0.1910089800199786
1.0011177895224377,0.2326001306513627,-0.3268998331695079,-3.062933921994229,-12.930817153846936,-6.430769897129881,0.9669373467592264,0.2275274274013418,-0.1937850996963758
1.008488543614133,0.2376380407248778,-0.3326671902492617,-2.230224211726858,-12.565433827213155,-6.009337087382969,0.9661631601002294,0.2367503055488447,-0.1973057897969583
0.9971097058138884,0.2425794087596685,-0.3464116741005406,-1.63987445605286,-11.874962957076187,-5.359075798033032,0.9671600501602602,0.2369878723606822,-0.2089104301091316
1.0058982529047185,0.2419578734126102,-0.3492388844316091,-1.1735278647152094,-10.520013573355111,-5.098038821085668,0.963652671103132,0.2347593606561234,-0.2196865906743891
1.0055557844284564,0.2354440045761905,-0.3550126833054083,-0.976517257812571,-8.67426884811012,-4.972103145441453,0.9609357678625192,0.2406499956046089,-0.221462175200786
1.0001518402543217,0.2498376291886326,-0.3512983058299804,-1.4660585170930929,-6.722074914289442,-4.847398620215831,0.9614392696409788,0.2463156285832486,-0.2186650139679359
1.0132402769247064,0.2584759010132045,-0.3402726711330933,-2.169743189640128,-5.029538506496732,-4.783737673829013,0.9609011037362752,0.2510716286263997,-0.2132009130573621
1.0027117330777473,0.2593819756682351,-0.3448486288145226,-2.979519304850273,-3.899377712112963,-4.389956070815865,0.9641899293755491,0.2540450516644139,-0.2099625634220222
1.001701261589562,0.2591914992920027,-0.3355740020516969,-3.351126138685262,-3.080107919475035,-3.9223498183535086,0.9653876759044372,0.2549641508524661,-0.2069775663612322
1.0086916094542595,0.2611377117669163,-0.3372810892111714,-3.400897959241613,-2.531931027820161,-3.4783906544576184,0.9636029113646736,0.257346179397194,-0.2042351412468451
0.9940459106658922,0.2673039695144875,-0.3300318126879774,-3.762819765494318,-2.150682295617089,-2.996091856216984,0.9587406403827436,0.2557857957137072,-0.2012091434086186
0.98675622900578,0.2626707710463457,-0.3183305314763596,-3.87380194655169,-1.6339336513090394,-2.65338122175087,0.9546707163203482,0.2565142929619664,-0.1966666685198801
0.9920587385278938,0.2636123055200872,-0.3376453508860599,-3.9412617492781816,-0.9446271214187992,-2.290768490027657,0.9558036779471945,0.2634310996260992,-0.1986625665942107
0.999629978800979,0.2722169845184183,-0.3321730157780597,-4.167946707494091,-0.0484547313910085,-1.7844563027575435,0.9557367886396704,0.2661596919184893,-0.195325051834516
0.9991974212091304,0.2714635842304295,-0.3263666479850217,-4.576371517284211,0.6566003725785234,-1.1797269093072291,0.9577011285982956,0.2659912953257443,-0.1891173770484295
1.0003188045827207,0.2612707328834376,-0.330505712577811,-4.894768845419579,1.2856733960591864,-0.7236549107399143,0.9600309609826556,0.2599710636277534,-0.1939313728476452
1.0013034329561623,0.2530464129038373,-0.320639531437641,-4.637985751280532,1.9237281138679212,-0.4137158707003918,0.9617708510303806,0.2548469450328523,-0.1945937471075663
0.9964008166810984,0.2552643367069838,-0.3253873009970146,-4.356390751946083,2.224236010087566,0.0245444877179447,0.9619247998075316,0.2572419576095864,-0.1905575600467672
0.9989631248247268,0.261696189703855,-0.3301669501031839,-3.744031867164594,2.710149359634774,0.4447991941536298,0.9586873543497544,0.2544154606329225,-0.1922041225271279
0.9967894726619052,0.2626609630038431,-0.3314619349896212,-2.9018595612677176,3.427684374646012,0.7780110922383023,0.9610166523064336,0.2566420155605079,-0.1959662536211096
0.9931602107049275,0.2596671736867829,-0.3233416209086796,-2.382832535124821,4.061091065064677,1.2170429584493565,0.9612699398643592,0.2603488602229862,-0.1914122529350476
0.9900875917062476,0.2642083046617512,-0.313045572906569,-2.093686265114152,4.63716730198849,1.70971619228697,0.9573634421421052,0.255212200981142,-0.1820405150944478
0.986576923142226,0.2652890997044601,-0.3168154797514405,-1.9928336606450483,5.035733553996336,2.108928517182811,0.9598595102844524,0.2563250992973697,-0.1818046310716464
0.999567903237407,0.2586490845177538,-0.3132914504428847,-1.935270629094738,5.052540256334155,2.5986295034951348,0.9640778886615085,0.2587661677498338,-0.182080344941874
1.0130715701149602,0.2559361541918874,-0.315139507150629,-1.9850895894471243,4.824772702288538,3.278629855302872,0.9679712867494954,0.2600152798792613,-0.1822080056718641
1.0150783926106046,0.2546642859783392,-0.318576858599737,-1.4158293859620428,4.790603041495584,4.039539380477731,0.9719295096111976,0.2590670566818292,-0.1885655060732352
1.0035090751046023,0.2589895211887221,-0.3237383866146912,-0.7925963106363924,4.654189041591211,5.067092618158225,0.9685074577656456,0.2553397150884327,-0.1918116652505849
0.9850858267833144,0.2623481412025258,-0.3276369650238993,-0.3385657389612474,4.483120029130962,5.995572442957588,0.959933390590368,0.2560170612196819,-0.1881403152781191
0.9863517936222804,0.2631888355494277,-0.3037942119686929,0.3814790535080745,4.785414211466627,6.054508553683077,0.9546692050803218,0.2549503419308948,-0.174272870163821
0.9849082215381502,0.2652540944423296,-0.2899197003769422,0.0379569434761846,5.243142314174237,5.589896313560659,0.9473599748818864,0.2549524617156568,-0.1543682144535239
0.9717102265165568,0.2522702064063026,-0.2897807408322807,-0.5002172533041715,5.349020047401767,5.139618617310821,0.9420971188817712,0.2501870614216085,-0.1428956204648488
0.9753725727351318,0.2400152121360317,-0.2736189183464951,-1.452126572327146,4.874515488091446,4.469148023058372,0.9414725232083582,0.2400103724894025,-0.1395058941409774
0.9727999753217358,0.2368322852781322,-0.2665023091505363,-2.7127668961288824,4.38918915295744,3.6837890194319134,0.935363015059435,0.232227509531753,-0.1368653911709934
0.966266042725238,0.2266605138564327,-0.2800987599123078,-2.543963034240997,4.259728679981078,3.0527711374949225,0.935231007613482,0.2263460680791489,-0.1382752197205059
0.9790748842442548,0.2263232093322403,-0.2852648229949594,-2.735071301375984,4.027639411287617,2.5055374094744174,0.9394844358796922,0.2279691810576866,-0.1422146427229054
0.9781034905231596,0.2348503057329886,-0.2741627124253335,-3.019548466542236,3.7395637781562026,1.9886372648186856,0.9401403189055402,0.2287129572230159,-0.1439666564180228
0.965893104609383,0.2375995715041617,-0.273351086948792,-2.659895112869238,3.474373922943465,1.339894490183397,0.9418280050091584,0.2272801353214657,-0.1455590713606651
0.9718549823880396,0.237291402505938,-0.2710103029271838,-2.92991930891446,3.019358019103395,0.6442968128878331,0.9408717891848454,0.2277658073464112,-0.1430749074642238
0.9786623399532044,0.2379539637149665,-0.2570194856732655,-3.448787296185313,2.4595339698026084,0.1425445207215133,0.941946902905913,0.232062038918791,-0.1393895194876557
0.9765203415802892,0.2421410213913344,-0.2594434906728167,-4.209075193284811,2.00695785707145,-0.285495328041029,0.9434591646920768,0.2353232805016182,-0.1384437786196551
0.9789870289524336,0.231592275054918,-0.2696125750214882,-4.773502149156631,1.6421854588385911,-0.8123057507559259,0.9451597522454308,0.230262441029559,-0.1391512575831093
0.9847846944240032,0.2261417677228987,-0.2719699194828729,-4.932620305791168,1.2943107791775768,-1.3440429684866635,0.95004857328906,0.2320143241172467,-0.1439787454373167
0.9883754410372352,0.2378499451429019,-0.2784830097663024,-5.278480981633492,0.9435612176958208,-1.6932786007250171,0.95297332434195,0.2327509118023945,-0.1489254907806983
0.9924314595246534,0.2339791503396863,-0.2888317962331026,-5.223847104707033,0.4043345355628903,-1.937989124851759,0.9592483701401352,0.2294394054462999,-0.1555150280649354
0.9991681945207732,0.2340283355381667,-0.2976265855709027,-4.717996253522015,-0.1460085255879905,-2.031075825804489,0.9636715401713124,0.2316196086911588,-0.1633909408372935
1.0026690276201118,0.2336307165362321,-0.3076687546039383,-3.938034854153505,-0.6108836166560697,-1.953963239670399,0.9636487364239702,0.2296509205103212,-0.1678675714259486
1.001378349631237,0.2275175767757206,-0.3058965060119786,-3.106954243309448,-1.0036658915511856,-1.9319616700470488,0.9638597562695684,0.2308392063210242,-0.1718743348827605
1.0036747974145652,0.237491983828291,-0.2961504438573734,-2.5889173558951137,-1.172932240696663,-1.8769805929659424,0.9589824119312118,0.2355522838373093,-0.1710727303265966
1.0022116810523918,0.2408659948427363,-0.2991715093454047,-2.01390246620732,-1.2170182033639692,-1.8259206598692472,0.9555192782242192,0.238220797152601,-0.1659049017526508
0.996750688046558,0.243056763258055,-0.2992545133664901,-1.9402308062983284,-1.0075675656026688,-1.8075091474208336,0.9547877460288282,0.2406174220596375,-0.1663605277437826
0.994139211436899,0.2500288828151214,-0.2920068495128345,-2.243843364482405,-0.8970743900398749,-1.6660289091642415,0.9551028714589654,0.240724373221963,-0.1672606015982664
0.9961607899963956,0.2469433985204846,-0.2992303152266013,-2.14269381742148,-1.1388497264709925,-1.515376967576089,0.9577713541426048,0.2419958480048704,-0.1659594436529134
1.002465340835203,0.241807116920951,-0.3002179327641862,-2.2990072514096624,-1.4279058402197076,-1.3979515807838785,0.956566467296358,0.2401848316845447,-0.1680930406942713
0.9929097544809138,0.2388825211145572,-0.290008319567947,-2.5526296227937624,-1.7588696942878106,-1.398132389807404,0.9555195857993016,0.2367040937587385,-0.1688642757412915
0.9822096064231924,0.2378453477328907,-0.3009974188848693,-2.786815284608104,-1.9042710092763888,-1.5193763695954128,0.9547040278689212,0.2404542525044133,-0.1698376063296858
0.986377757894513,0.2416179910416468,-0.3031522639726225,-3.089432499601903,-1.8827342857950515,-1.6039468413555154,0.9537427480298992,0.2448036357772468,-0.172404772658416
0.988130020840301,0.244037984153993,-0.2952613399343676,-2.636281985182924,-1.5851119642554656,-1.6548281499500248,0.956369153448988,0.2412135389580137,-0.1775169741897599
0.9929285781448274,0.2429059957262641,-0.3103185725900943,-1.892888099440162,-0.9592065832573734,-1.5089423985468051,0.9569733519992704,0.2385630247988015,-0.1869509070019077
0.992951315624955,0.2504154618518099,-0.3183763154284152,-1.3567330831505564,-0.3837972261376255,-1.290151449076565,0.9537148788381982,0.2454579284453581,-0.1872379786342465
0.9852860376806062,0.2583891199144799,-0.3180254262677761,-0.7759868725220262,0.3329591979098908,-1.30376864965525,0.9503119590523824,0.2471564159771378,-0.1834840196056283
0.989185571538894,0.2574110477286565,-0.3119053947418831,-0.6696273491808451,1.153834709665957,-1.3868541591812804,0.9517872225224756,0.2442193048687218,-0.183139555673496
0.99665205346387,0.2508465233531531,-0.3051577807145116,-0.838824937215766,1.8003407907799749,-1.2821318046107593,0.9560619671237776,0.2484399007677371,-0.1779535392421556
0.997489712069035,0.2455379358553746,-0.3149860543509725,-0.5700098056411117,2.112196882865822,-0.9048420020750776,0.9601999852271424,0.246576946331764,-0.1790386686763187
1.000415346470328,0.2459544132930222,-0.3114400997391325,-0.3584409136104744,2.1270835134463475,-0.5684589044233969,0.9613062845087106,0.2402476214642485,-0.1813600821471954
1.000532210365419,0.2402996122072932,-0.3067304925940217,-0.3569788596132357,1.9573097657494407,-0.4087240532353006,0.9572664941959405,0.2367409150823773,-0.1738039438484614
0.991733218084094,0.2429405270329937,-0.3118268566007744,-0.2994473343570484,1.598533372950055,-0.3313235276930985,0.9550752054639712,0.2367318128617742,-0.174337911211736
