ADXL_X,ADXL_Y,ADXL_Z,ITG_X,ITG_Y,ITG_Z,MMA_X,MMA_Y,MMA_Z
-0.2887369650489903,-1.5019454129934409,-0.2516770032310537,-17.787276103743114,-8.69325399775085,37.22968719658114,-0.2454352745607259,-1.4495095540574774,-0.2959159621485585
-0.3172532867775964,-1.4533867665496154,-0.2884514239279716,-4.379389434651122,-9.65090123693334,41.829467979269424,-0.2770042465095915,-1.4043916043265643,-0.3240601324657725
-0.3608567511789932,-1.365471867839856,-0.2782838983513479,5.853053712841331,-9.083932413380811,43.83721625219224,-0.3202097926425203,-1.3271369063871394,-0.3129777705241444
-0.3767383382051464,-1.2444249188197058,-0.3639508211466593,13.889858457825987,-11.31932407293218,41.68671198101395,-0.3420189994343035,-1.219827102377964,-0.3887020687170018
-0.2337646118254895,-1.0840512714029191,-0.4955850418850523,12.733442719608789,-10.316828509297968,36.57233143633103,-0.2155088348412369,-1.0495625019580253,-0.5369842243378617
-0.0666614160895149,-0.9136044066297302,-0.5100478404644658,9.017721973883598,0.0527215504488759,28.75294148143217,-0.053872846580259,-0.869628704806141,-0.5592281572372324
0.0362460162834137,-0.753008907523539,-0.5112000231855565,11.355561569158676,12.998497258319269,20.269325843571377,0.0507712687197328,-0.7150261201348294,-0.5560669548739678
0.1143418797013246,-0.6056740412220294,-0.5061350945254255,9.246979242149283,20.39110924582019,13.99217730718716,0.1264637161564906,-0.5847236586204508,-0.5510026406238879
0.1631730537930475,-0.5726697618784573,-0.4271935089238277,0.1767285975141843,22.55583968457264,9.348239131167224,0.1712687817881328,-0.5414957575926282,-0.4850171168335202
0.1819587086463782,-0.6759904013146023,-0.3497665752172291,-7.878831141931896,24.192803084780586,3.75245009386838,0.1899601556481621,-0.6283380700356116,-0.4083847440564901
0.1512700055242699,-0.8357761122181424,-0.3013540300000965,-12.727516137947395,27.517997126865605,-2.025060538569844,0.1725397467337273,-0.7991762495925439,-0.3346890726720856
0.1007241871884895,-1.0463054257861102,-0.255710893970375,-15.778886206829334,29.41465659969058,-5.531032088120567,0.1414287689265781,-1.000872425022514,-0.2943831046773718
0.0493148914377511,-1.2400912424855035,-0.2403870367355393,-16.811938127318154,27.439680481428816,-6.276818509267381,0.0971123182264839,-1.1846803747723678,-0.285366069831978
-0.0174467553732412,-1.3293881923497,-0.2598464032557186,-12.455164625478396,22.95510576523453,-5.812966640536194,0.034982502927721,-1.27848922056237,-0.298188023325808
-0.0693928857390685,-1.309277416980804,-0.2836739398817967,-1.784094528300237,17.187687844173677,-7.708285952419802,-0.0184563614678213,-1.2560720380338823,-0.3263806917591271
-0.1008782899618414,-1.1912052695014104,-0.3043625120907332,11.6142838787614,12.151993134191889,-12.862345727712158,-0.0663323689707073,-1.1395044845460292,-0.3430827754107211
-0.1305856118191496,-1.009993209111695,-0.3242017699048179,21.540887914619425,10.276558343791134,-19.765929149405025,-0.1084773143678157,-0.9640444512092352,-0.3625918416458355
-0.1604734839160285,-0.821472052668327,-0.3264619296528652,23.162403308855225,10.497032459897529,-26.82933111848526,-0.1406726304722748,-0.7914450775580686,-0.3668235733570916
-0.1786753917672261,-0.6912158172669616,-0.3021267310160124,17.119832046100292,10.172428069282578,-31.977755569303397,-0.149821334613784,-0.6744833121495569,-0.3450114721779067
-0.1686425307909394,-0.6469550891064534,-0.2616157490715095,7.083254216324732,8.151589480507461,-35.17129070476376,-0.1400396704098306,-0.6272825887405764,-0.3042311730913191
-0.1407062615759921,-0.6906712736244347,-0.2068518809300316,-2.4106897280109267,5.519709746608075,-36.51648420323013,-0.1216985038935558,-0.6645030502634721,-0.247136484554567
-0.1207754427538913,-0.8075974986083325,-0.161503503856064,-8.937580565468243,3.5281732372088834,-35.737786427578435,-0.0923950224483434,-0.7738630149089605,-0.2048487392063429
-0.1104588958601964,-0.9215660015749324,-0.1473539974793736,-11.662725630859006,1.4917378841010636,-32.69717385290021,-0.0772098711564284,-0.8839769130967996,-0.1888542269416235
-0.1094648101774797,-0.9942892466496824,-0.141893773149373,-10.192379576026957,-1.4177731987304178,-27.82711545367437,-0.0796386991228126,-0.955902836402554,-0.1879493926698315
-0.1272752359750106,-1.02236460769449,-0.126214377735164,-5.160671108790109,-5.6300707580836775,-23.992016303961314,-0.0894479071419843,-0.9892376240722563,-0.1736809539842828
-0.1408519515808478,-1.0052897756895698,-0.1186217477807329,2.48227861721858,-11.326761081454176,-22.08360354414272,-0.1015767434524176,-0.9727082439710591,-0.1610823872455464
-0.126376587845489,-0.953793289808209,-0.1220405959454418,8.800836899078984,-17.33000756745374,-21.86503883369851,-0.0934284150796428,-0.9097064444809322,-0.1685579499912757
-0.0961866180113062,-0.8659416384485684,-0.1155813972760716,12.035017511467704,-21.579406420296444,-24.193655777708635,-0.0634354718925046,-0.8316920930685076,-0.1623054654271503
-0.0542329014396521,-0.794545449332435,-0.1130291175948375,13.294299551541627,-24.171802656321457,-27.448521139810182,-0.0279594426740935,-0.7703383303546137,-0.1568126078490317
-0.0047308738836501,-0.7670926320840186,-0.1088199685753872,11.350883388711525,-26.90312442169698,-29.79097654982329,0.0167302846081586,-0.738864425845613,-0.1510385128111162
0.0499452345581003,-0.7684508882609735,-0.1042476952852728,7.664538409123903,-28.795789417082077,-31.21531239640609,0.0714652061456433,-0.7442452942923166,-0.1424893453206006
0.1060066789634285,-0.7944719051950282,-0.1345671248558299,3.502494423571205,-27.88586856591106,-31.73708741194132,0.1194694463302879,-0.7670509573669633,-0.171101353935493
0.1252182140308054,-0.811931893087472,-0.1623396043066951,-1.517122852474142,-24.22617702553394,-31.10248154684329,0.1466809703505719,-0.7855717088458842,-0.1981225544937782
0.1129345672759872,-0.83408160769384,-0.1428483888589364,-3.5825484662810934,-19.98851171891948,-28.84957624912713,0.1407781277554288,-0.8055640335928066,-0.1800652705033078
0.092707777232345,-0.8745722185275315,-0.1078200739335667,-0.5067772195357532,-18.699934683626907,-24.332791402486382,0.1165156257861199,-0.835355715971043,-0.1463566309530207
0.0594043070412894,-0.9094412793766892,-0.0951083589274491,4.304152973574851,-20.853346962522703,-18.03843655153329,0.0963101897455497,-0.8706031269835379,-0.1312056909217154
0.0385361594907837,-0.9299054724446943,-0.0978753346533953,7.191763769349673,-23.30799178873446,-12.076115669153772,0.0755833529696907,-0.8878114909132551,-0.1359310514452144
0.0288440964288607,-0.934258167071892,-0.0949374026169287,8.220275379084434,-23.57102864103412,-8.234068041778047,0.0582933445760442,-0.8918377062900541,-0.1368726379589662
0.0235667979357454,-0.9423409558051478,-0.0821568233982068,9.396437425014788,-22.299350751880763,-6.68962332917489,0.057618078478418,-0.8985920170344965,-0.1227765189217338
0.0372097737063733,-0.948912096279246,-0.0606905008658975,11.70670232291649,-21.756484966277224,-6.358374293613318,0.0699012176495403,-0.9033979934143864,-0.0951833327154987
0.0428468010636503,-0.9460863474506308,-0.0441598240280111,14.540154377468989,-22.554974422193578,-6.21524321671099,0.0765702158044531,-0.9097879735636296,-0.072315597594696
0.0452285910937224,-0.949140864491946,-0.0408339865618504,15.517299607299076,-23.22316953530851,-5.895474764086757,0.0780888366852182,-0.9162627829726556,-0.0659386993287104
0.0449761635500233,-0.953950690122128,-0.0344316186464416,14.172670621662531,-22.265857166719854,-5.3546471065373575,0.0756505561732757,-0.9203667306518126,-0.0662617543939412
0.0216640995089059,-0.95105061036894,-0.0264867002401753,12.623465831989211,-20.69422844375017,-4.56667949917584,0.0600797064719052,-0.9104570919073428,-0.0683445524669731
0.0063874575633784,-0.9360776288096068,-0.0323938856213631,12.356040821054757,-21.08298066119479,-3.054220330794612,0.0456874454260599,-0.893193938730466,-0.0614615753496619
0.002054495457707,-0.913628723637067,-0.0506833793116156,13.189342011663808,-23.520797198675798,-0.9117758702672184,0.0346271740996011,-0.8792571242696402,-0.0752695973918792
0.0007693467346491,-0.8807049797796068,-0.0858501594732426,11.633806636454606,-25.481799946226797,1.1475092541928416,0.0314403039536479,-0.8471205788983708,-0.1232787214584877
0.006746487322048,-0.8486431816002462,-0.1211158068953725,5.765266271754035,-25.889519872692706,2.588858921904963,0.0381455020263764,-0.8196317637231043,-0.1514927948692372
0.0185985967501254,-0.8546242603163257,-0.1125430831326976,-0.6355158990541557,-25.569998685309848,2.829154165471046,0.0464121212875421,-0.8220213015052273,-0.1457327577667643
0.0489308038932416,-0.8940262746419224,-0.0879588240627856,-3.9180513124689487,-24.553309216728984,2.2873815860253583,0.0794375600174371,-0.852416945643474,-0.1277411227498072
0.0854500251107274,-0.9467086938316744,-0.080113163176937,-5.207873388150323,-22.9261908494752,1.8399403897637048,0.1196993193135892,-0.9106440986350088,-0.1180829611777945
0.1085740418725916,-1.0110830066736538,-0.0679260938066367,-6.19813346204561,-21.82047570064709,1.5012878973930135,0.1422112146399907,-0.9735515974477582,-0.1084438696300609
0.1251369238251856,-1.0679550339570492,-0.0615934124242147,-5.284491701868373,-21.40168221492608,0.9785002494514562,0.1624113792906039,-1.0283047036450874,-0.0936210161689467
0.1463220818798008,-1.096567424594104,-0.0599257459449661,-3.476099522747084,-20.220774870704968,-0.2296951402788138,0.1763265607313479,-1.0587094170674844,-0.0956741258948579
0.1524140678638859,-1.0939014358068164,-0.0493095287024601,-3.2926026447212284,-17.60417470769475,-2.1307470476418104,0.1788675491331991,-1.054478729350726,-0.0896546292573841
0.1384112510192055,-1.0761361037711534,-0.0168786317284019,-3.5050652741883246,-14.641305849583118,-3.677117469365026,0.1708189967690643,-1.0368078298340822,-0.0514742282641014
0.1340419206694195,-1.063423683846805,0.0354941115040414,-2.246940184693923,-12.360450795878288,-4.147312750210177,0.1673424990166173,-1.0261995886567676,0.0005223404194919
0.1400498461200824,-1.06669045688671,0.0600266645172346,0.0458682662327523,-11.32826659859854,-3.9965414865886784,0.1680116556482853,-1.0305531602795166,0.0320123970344264
0.1365594293503464,-1.0710681373798518,0.0698500557252836,0.2906772698122331,-11.230400537411258,-4.204774861009349,0.1621471272232957,-1.0369532575468698,0.0370092130139138
0.1251342941133165,-1.054745441021072,0.0830529841458377,-1.8270396494765055,-10.87045237094916,-5.189726970870878,0.1622066797043354,-1.033245299944442,0.0438182192921818
0.1243706969877865,-1.0404822685693424,0.0956546722466593,-3.0668580228996096,-10.6247533761236,-6.241799041543124,0.1561636594715678,-1.0144913913174878,0.0694522144831071
0.1265403353210015,-1.0336133611403282,0.1175811113088199,-1.5462008164297656,-10.94909526898323,-6.515490020896867,0.1518368217228193,-0.992124429226124,0.0889315710343647
0.1129439302111336,-1.002811018291056,0.0937373741952265,-0.0965032148574269,-10.536512937441652,-6.186429982369401,0.1473098450943628,-0.9767659865634488,0.0580457669247414
0.0890650553220786,-0.9920268395096324,0.0434458529920291,-3.572892669342139,-9.627796078792343,-5.784955388951484,0.1232519521852678,-0.9763693121657148,0.0250990729702354
0.0748922081958907,-1.0617894376369612,-0.0022464984178894,-8.84554968993044,-8.967655052419463,-6.21430831866232,0.1060901651559139,-1.027016593233359,-0.0149417467049062
0.0817569813066276,-1.151967080942594,-0.0876524454019253,-13.890260434513214,-6.480215031654256,-8.746347569859074,0.1089439132551221,-1.1114244103950792,-0.116598196508401
0.1171316879497937,-1.234167866528351,-0.151157536265189,-20.70992193649466,-0.7889352358022907,-12.935438945343847,0.1489679510144053,-1.1987168093052645,-0.1842359847929669
0.1750291519364169,-1.3310258120040237,-0.149187042110479,-22.38914040056429,6.247385802200337,-17.98809410342959,0.2115576310672754,-1.285254188356619,-0.1854074544222532
0.2214138432650239,-1.370895960699056,-0.1163710124860116,-15.546546842553896,13.35399130719044,-23.217269203940607,0.2528733759132292,-1.321414930725603,-0.1624644026191241
0.2556706631178134,-1.3449549099495592,-0.0644456976288188,-5.900272195383124,21.531278678094456,-27.03506003468144,0.2819718536647403,-1.2893875947649662,-0.1129300583633884
0.2736375275110985,-1.2897419469354847,0.0048449990672515,4.7573234906005375,28.89032707969922,-30.556396118671703,0.3016396118265284,-1.2286346224759777,-0.0390630285267026
0.247858005111597,-1.199437150021757,-0.0322886779262668,15.990161679372818,29.257503681164323,-32.76104730806932,0.2919237572286913,-1.162047510388139,-0.0604814733499787
0.1889451055063354,-1.1125769938807788,-0.2599920912701932,18.687165473134904,22.76075957343901,-29.2414513332012,0.231822352825282,-1.0848328899864108,-0.285407736497195
0.1264302843286306,-1.0403910521369084,-0.3973222741666799,8.2650553673584,18.527551645890934,-22.00799208014887,0.1521198347566464,-1.0115375018753587,-0.4505503101072253
0.0429463455132824,-0.9929723530422102,-0.3847162482349403,0.1499966106476225,18.162653896980903,-15.085274139901134,0.0768388404800953,-0.9626198692635892,-0.4414208541769996
-0.0885058320008278,-0.9480818909733822,-0.4412572371997867,1.308996882106627,12.636499795530202,-8.53750699538913,-0.036690106785236,-0.9091712102328682,-0.4764919206122143
-0.1860464762991183,-0.8541318373921669,-0.4907028811532263,0.6437486352621493,0.1503782804316249,-1.9982726369762196,-0.1453029019890072,-0.8316273356049257,-0.5377630415546736
-0.2082553168296865,-0.7749779131788337,-0.4949570152509943,-2.228963954754452,-10.395268432135188,2.554364256834873,-0.1837336666190041,-0.7504217519794643,-0.5439612049250951
-0.2128498827931269,-0.737717524015353,-0.4507652622187488,-3.4362642156533263,-12.988249277827943,2.979199131630929,-0.1891990675668831,-0.7042970586881032,-0.4958540077537001
-0.2124005783214703,-0.748273299640542,-0.3517272627779765,-5.67037990759052,-11.538394086162,2.406174644991804,-0.1876866200658587,-0.7258073216027884,-0.4109747567892286
-0.1745104098958463,-0.8614030269567078,-0.3080930953122082,-9.865650230000188,-11.11843252349084,2.702200976071364,-0.1452399614313062,-0.8262705819540332,-0.3523121124296796
-0.0719829738476616,-1.0423559907987212,-0.2796196437644387,-16.72208433454133,-9.665450012295564,0.2797061728104263,-0.0555213752493875,-0.998872577402324,-0.3224007204153991
0.0350850568722925,-1.2161113282832532,-0.2418192353932924,-23.080875769252756,-4.414183098823316,-4.561398924474675,0.0487776925394667,-1.1702898282831238,-0.2888142888470501
0.1191950552681961,-1.312401836055758,-0.2249105160148779,-20.803025719682218,3.072040168910936,-6.662280846885024,0.1490553723021963,-1.247483703657542,-0.26012432263004
0.197752251166221,-1.288199884269699,-0.2280287256507613,-8.727417248974545,9.344525451631425,-2.3765507713575933,0.2242078500341486,-1.2130140445270317,-0.262897825937012
0.2265641629865074,-1.1733399118534988,-0.2323921279251243,6.80563200800573,13.038864769699623,7.961685160931089,0.253212095413229,-1.108573770829457,-0.2650524005837713
0.2090593428749725,-1.0267812979284372,-0.2153786367854084,19.011016307481427,15.493201946642932,20.838139958791047,0.232334397106154,-0.984022572391394,-0.2533397915523228
0.1417621402574663,-0.9007735876470664,-0.2333925682925083,21.957250387156115,16.478145780936003,32.76808270207211,0.1700565286813759,-0.877305717189123,-0.259196017954687
0.042983470328113,-0.8286735912299622,-0.2402275471243596,16.14321769816921,16.35776127440478,41.60660041327573,0.0832868303395916,-0.8109488122859568,-0.2628510201311193
-0.0416272324553917,-0.8044127587317467,-0.20432734736571,9.057416841336346,16.641812900700227,45.8302506015343,-0.0105774722074071,-0.7829157989244467,-0.2488065419302632
-0.108214863675567,-0.8013903981658724,-0.1819036300957801,5.355579668405601,16.146745805159785,46.28689957392341,-0.0789302169871293,-0.7774128711321533,-0.2228352955034394
-0.1142694308198327,-0.8126722922575345,-0.1630341306255132,4.032013125491299,14.830687450391997,44.37598902007896,-0.0942529561593987,-0.7885716322536362,-0.2015107685881979
-0.0961420437166388,-0.8415178448699555,-0.1578094970029737,1.0134957479466955,14.521666485700267,40.07127705425088,-0.0763801897229809,-0.8182581738517924,-0.1948379687984687
-0.0808959321678061,-0.8952550464557003,-0.137813029592654,-5.006079420168222,15.060605148959333,34.86785693792326,-0.055113525973228,-0.8568919297906217,-0.1771716308508623
-0.0395657079057362,-0.9444842327626168,-0.1028686298606013,-9.098239034252105,15.730762558443924,30.06590669412775,-0.0233238534724564,-0.8924100691118024,-0.1493330006564998
-0.0223393644386302,-0.9576136575889858,-0.0950609614310187,-8.167625795125181,17.28004404138382,26.0278075423768,0.0057317955761878,-0.9124534348038872,-0.1374247946035561
-0.0173440909017583,-0.9470349952860556,-0.0955634125726293,-4.456080441571124,20.07236862910283,23.556511367587984,0.0098698747590946,-0.8976088952876322,-0.1421225624038472
-0.023009710974401,-0.8956901961073334,-0.1079135007310976,-0.6345452846443973,22.69360488577913,23.20315414275265,-0.0038553463852237,-0.8561711400855239,-0.149805889336764
-0.0626273829198941,-0.8343713251160395,-0.1145972252083062,2.0762035181357863,23.734734524649102,25.424149226499125,-0.0364469321228261,-0.8142751860856603,-0.1512761223896004
-0.0968537019209252,-0.8156091780344934,-0.1004792282057249,2.9383986748730977,23.149097982273027,28.292347691360312,-0.0702059800869331,-0.7880855061899328,-0.1420739278046779
-0.1251032048253428,-0.817161852818731,-0.0887441612209748,1.5749839033179247,22.234118192115517,29.33281710279577,-0.0919771007898054,-0.7890674951164397,-0.1320581565359855
-0.1458084588491115,-0.8352052784320049,-0.0849723691579102,-0.905584083740571,21.699783972985596,28.492455594205545,-0.1119500827922757,-0.8069465650554818,-0.1270483361359671
-0.1592270904500088,-0.8644711706590918,-0.0794384121285212,-2.636864022242961,20.375213576310152,26.60139584278248,-0.1305768156017503,-0.8256775598987883,-0.115064019753057
-0.1668582275277043,-0.8812038065610396,-0.0673233617193383,-2.365152505744841,17.929872333545756,24.496213238432844,-0.1387844141002585,-0.8401225673647881,-0.1011902250873968
-0.1587145136144259,-0.8819158696581457,-0.061702325098207,-0.6649275469770252,15.094272854017962,21.708671182266464,-0.1261559616148891,-0.8455590351776883,-0.1011923518507321
-0.1434242727013513,-0.874396980606699,-0.0723155624813604,0.1387906466408531,12.396614373536227,18.06527725527765,-0.1080885527156384,-0.8452533174275875,-0.1110528182851627
-0.1217634674318275,-0.8703314916031272,-0.0897343403116246,-0.4857329274737654,10.82553815177451,14.24984208017355,-0.0932314123324833,-0.8425074230385567,-0.1130314504123475
-0.1055578833299931,-0.8711702584818021,-0.0803588694173041,-1.05943282818828,10.387583085712054,10.422705587120229,-0.0775859570093348,-0.8417559822824358,-0.1036030397412688
-0.0933637928212284,-0.878410398028526,-0.0667803947140772,-0.9495110439253942,10.437748091672,7.151227191917825,-0.0670677099597782,-0.8469404663562758,-0.0970593196950897
-0.0845641278893121,-0.887215819668471,-0.0709756154642116,-0.2410257952612232,10.91462976277821,4.411560415473741,-0.063303360659113,-0.8538062159069958,-0.0937597552349154
-0.089349106131563,-0.8962868680343006,-0.0564419568089813,1.0689061681916303,11.59134350037302,2.1485551154249927,-0.0693465743834262,-0.8609357326024818,-0.0857171078787365
-0.1005137257866938,-0.9034415555838348,-0.0429735734665166,2.785448495221445,12.622116069796451,0.7394748514736874,-0.0743936844190843,-0.8697177752243698,-0.0734931774017607
-0.1072635726139535,-0.9075648071720692,-0.0317212753297217,4.045044957886941,13.81896559615807,-0.1251853230504717,-0.0723067302914785,-0.8809640263500542,-0.0633800843065121
-0.0988671322581878,-0.920627271198505,-0.0123028267200899,4.518254651228675,14.39246166825679,-0.7376819625009362,-0.0711757974950012,-0.8896163416745542,-0.053328823058719
-0.0913416277369007,-0.9360944641885932,-0.0052720313736178,5.331525935346335,14.280231146647749,-1.3491755377098849,-0.064908704441842,-0.8957348424448038,-0.0362272645587475
-0.0867296127633619,-0.9441014469643128,0.0055971070684023,7.3343922158522945,14.111247978995458,-2.425045349435711,-0.0543469635222564,-0.9057080461892508,-0.018573990189931
-0.074187160984339,-0.9427669873725048,0.0216806250968986,9.98828016602518,14.720482601383312,-4.2989320611462585,-0.0453022967803509,-0.9093943082444488,-0.0070078236114952
-0.0654985439158249,-0.9442096156578708,0.0286637980888175,11.514008115585574,15.818457445700824,-6.50021094570433,-0.036936201415541,-0.9048700359653028,-0.0085740082303291
-0.071212861066038,-0.9508738892186548,0.0077304435800156,11.406550141867948,16.018068913077716,-8.691344489721905,-0.0445802301397873,-0.9072662090246888,-0.0252832204804282
-0.1021333723909123,-0.9450317037509146,-0.039066957885043,10.397503306018978,14.379225620655848,-10.481832216710648,-0.0716971080655576,-0.9111779771352864,-0.0620079228156309
-0.1375163275601279,-0.9432827941275614,-0.0667498323235234,7.015734046645755,11.571555667284672,-11.02972132225348,-0.0964354183486411,-0.9133881241548296,-0.1011570914928621
-0.1535392811099284,-0.9601554015193668,-0.0560928744378103,2.221284098106971,9.169449712277288,-10.879085597230183,-0.1147867729780119,-0.931360612492304,-0.0901987703571149
-0.1731469270560507,-0.9903879588492096,-0.0390900981854641,-0.1926658168807321,6.542359591055392,-10.299142408186563,-0.1385040391276049,-0.9676990234145828,-0.0665178824324291
-0.2142097944588383,-1.020460110934287,-0.0599029266140111,-3.0150906410885208,1.7535850174665406,-9.087437822238329,-0.1731477221552996,-0.9983419232215092,-0.0990930348576715
-0.2455444519812778,-1.0376787075221714,-0.0875333708902382,-9.668994356705044,-4.344606191984143,-7.165486533488455,-0.2029376253405594,-1.013440686049513,-0.1270931577654838
-0.2477068792078523,-1.0694789643327791,-0.0306605602368357,-13.1419058526133,-8.358795067247991,-4.8391322154016905,-0.2131826770243211,-1.037770077115432,-0.0710639726653954
-0.2473936147017664,-1.1140804400377622,0.082319618468294,-7.338145156883804,-8.972103755185348,-3.198028069700257,-0.2127684444342858,-1.0752723972504104,0.0324768710397299
-0.2394089446688097,-1.1373086843979716,0.1288812668550729,1.0077844585786162,-8.128483064313997,-0.6876398838042148,-0.2049745793628613,-1.106485945251558,0.0889808719750646
-0.2105835723648178,-1.1429807673310637,0.107174030207472,2.299522519396103,-6.8553677430880375,3.442531699742889,-0.1789294560531845,-1.116405769924789,0.0764109647788287
-0.1602303762749229,-1.148395023673611,0.1009021160259345,-2.458373897682692,-5.138566762046367,7.8646383951108,-0.1199734924840963,-1.1134810105335395,0.0680105773135332
-0.0777489838070757,-1.1436958037806382,0.1384307352486057,-4.295317191172203,-3.996559713618377,11.395659342546695,-0.0422987423213494,-1.104272130706359,0.1027463670007082
-0.0111884275679164,-1.1010050599538683,0.1866238551384589,0.9069500492512964,-3.048435492849197,11.96729402499625,0.0172659614744526,-1.0663442599412396,0.1530080867673604
0.0103172000611623,-1.0388523535151617,0.2022618820977637,9.32167089932067,-0.678723721527061,11.229799688812548,0.0475065014836799,-1.0148775932694334,0.1723442364019753
0.0225520071212692,-0.9787392651081248,0.1557199157782912,12.771256124395707,2.733241658718453,10.860837002356265,0.0526731317415599,-0.9585021230269504,0.1272146461203386
-0.0060273148195992,-0.9633043006663876,0.0799728318736157,8.044198574393212,6.77099596747045,11.042803038574869,0.01291472799732,-0.944476163011268,0.0518754389484271
-0.1167593619967522,-1.047907982405999,-0.0340348013221483,1.204696532907663,9.90463499709921,13.566030913895275,-0.0910324224240249,-1.0367350069050958,-0.0771655375498122
-0.2509492675943204,-1.1576457166110203,-0.2295370900644507,-10.889681684827668,6.856302107134331,17.706023258646418,-0.2094896865725968,-1.1514640099868174,-0.268039025976989
-0.32484879299378,-1.2878300621365186,-0.2758348072353585,-28.21581380351483,-2.816877942685541,22.884352218318927,-0.269182458872672,-1.259421628345057,-0.3096805351638304
-0.3128260339996798,-1.4311456820269235,-0.1370397224276301,-28.89120983447461,-14.25923771102154,28.282523070857437,-0.2615527304463857,-1.3691019254281749,-0.1834520177162857
-0.2782607512624747,-1.4244436324606058,-0.1418480100301686,-11.384462068806329,-22.61520409580872,33.76134486567832,-0.2409147727828945,-1.3807205067978003,-0.1711146156250889
-0.3126306775461824,-1.326801626186392,-0.2308386925462036,0.8666139324421976,-22.59993206891138,39.49165909520735,-0.2751484373756389,-1.3044209412011776,-0.2644085061813811
-0.3712077992263665,-1.2666558094445917,-0.2563899529336945,4.764895949668316,-18.559429593244456,40.91790844052184,-0.3282859732895732,-1.2276025803397796,-0.2970814170275577
-0.3066956536549751,-1.1936735044324338,-0.3216085242886657,7.039549363094348,-17.75770914011985,36.80326606203262,-0.2720677449997558,-1.1567411464591817,-0.3575333609901608
-0.121673317873688,-1.087273421115463,-0.4209488454071419,6.996889348328847,-13.835854427176844,29.148608832859612,-0.1017161530192907,-1.058218142594686,-0.4675894817658785
0.0712019516495379,-0.9679691888543932,-0.4981056755999734,7.881107300577086,-2.0698486775211555,19.024362237554087,0.0817754530754356,-0.9355088912295088,-0.530033767579652
0.2286189002182235,-0.8456054479000303,-0.5047937470639693,9.938094351382826,10.628370796923642,8.982301974292284,0.225757570195433,-0.8030335198406968,-0.5462581171832285
0.293909063616164,-0.7126551981080256,-0.4700083169623444,9.007336877676533,19.203441379687728,1.3507895100254346,0.2881784762254884,-0.6721347282877385,-0.5227449907512203
0.2577384054525845,-0.6393393287338167,-0.4428910682865503,2.8702941804071385,24.47690430037379,-2.460376937568443,0.2703751968613683,-0.6206930911553465,-0.4795237874967351
0.1991266521112037,-0.7151655662912737,-0.3669999149936226,-8.118123880010723,27.70800903921109,-5.066089192814954,0.2251682871301298,-0.6868786859871001,-0.4145986904834704
0.1182085380103784,-0.874863550205349,-0.2919510645570389,-17.040481343113182,29.095469981573395,-9.085767870762016,0.1567682669195814,-0.8296031301684414,-0.3338679012685449
0.0378660112701571,-1.0632229958352073,-0.261381629600327,-20.425200331767776,27.844108477080297,-11.023044675257374,0.0839955215426779,-1.0145653457876185,-0.2959913707203392
-0.0082957100319537,-1.2569324125581658,-0.2365751525058145,-21.42506273305272,23.709383748474693,-8.672485218125637,0.0270761002367625,-1.2017384735824357,-0.2812162553393726
-0.0834894803943201,-1.3676162878385112,-0.2348585806159679,-17.829241244268612,17.776229196672038,-6.1534779577251735,-0.0440449288458513,-1.313087976983451,-0.2721833543696764
-0.1558889978316566,-1.3507617978110138,-0.2402146602057828,-6.279201778569517,10.756655410868785,-7.594482781661798,-0.1118146617745116,-1.288953337388415,-0.2804781597617106
-0.1875190989686182,-1.2320055450756713,-0.2620605825162579,10.187851116387824,5.454081298844332,-13.097369512320126,-0.1554665171642842,-1.174341678081716,-0.3070167926708691
-0.2270768509143786,-1.0544737530519828,-0.3027793139953842,23.060842617781184,4.560731463947217,-21.847048201966068,-0.1924786827437698,-1.0229203894060448,-0.347649558688804
-0.2294706911079919,-0.8786725740189185,-0.2976969052305955,24.677124556508797,6.053371934637375,-30.724852351404667,-0.1963481992754862,-0.866592752344077,-0.346053290682669
-0.1648267702905875,-0.7703467338662966,-0.2620635745858313,16.901138923593415,6.888506536667138,-36.86699427857584,-0.145218908338422,-0.7574633722826447,-0.2999154865169662
-0.083581700206243,-0.7316229540620348,-0.2255675567028455,7.123228581865555,6.398992561956843,-41.512393080351735,-0.069841961595816,-0.7047311139291833,-0.2543016056773352
-0.0099365800300294,-0.7384124246243173,-0.1885270013370898,-0.1256226332117032,6.82892310479874,-43.97820022679412,0.0045556917091678,-0.7076055799392731,-0.2171523932506753
0.0450468946860077,-0.7846915334847957,-0.1699318687792375,-4.488584045399754,9.659341099899816,-43.0394261169349,0.0642420089229879,-0.7535979883669216,-0.2045759521973322
0.0641577375887096,-0.8437013121646362,-0.1690025473402116,-7.640619538103848,13.158273444875578,-39.28742392431256,0.0924452785719178,-0.8092779444858977,-0.2083050239017127
0.0390928479145773,-0.9036211925562408,-0.1588616038557141,-10.124161086589238,14.707473119771144,-33.4652938020806,0.0807499278241344,-0.8650391852611299,-0.2014554896426657
0.0046297631572571,-0.9501958260606758,-0.1360905655756214,-10.568032545926997,12.550217995812169,-27.697850527309768,0.0413622584901524,-0.9012424391157804,-0.1869605593325762
-0.0212631687402818,-0.9619338377959376,-0.1196069522244381,-7.591771125116975,8.599476761930095,-22.907526594261704,0.0031919059899596,-0.9079138114079794,-0.1628142484429647
-0.0508952190664437,-0.9400473171786166,-0.099977861418741,-2.3141432065312597,5.787584086226143,-19.830301959704148,-0.0220161268561754,-0.8952907432259184,-0.1370331250207173
-0.0477783527718756,-0.894569414669995,-0.0889927232470206,2.277348304459271,4.566887815269488,-19.47524472815055,-0.0275622881960673,-0.8607168987568248,-0.1307373436295648
-0.0185735184398166,-0.8516539176453625,-0.0874201245645968,4.373251604761812,4.7134715713803175,-20.99778559731793,-0.004051307160855,-0.8199290002940925,-0.1332591012641099
0.0159700752384946,-0.8272058729741368,-0.0857173057927717,4.123849692772136,5.555113380552704,-23.30044639883755,0.0419844771352365,-0.7953140321865382,-0.1318464528892568
0.071421980491917,-0.8221902968890398,-0.0943638527530819,2.480587740419806,6.764393697289013,-24.762606391131406,0.0931135890319933,-0.7897310080179285,-0.1256966489440966
0.1002126356125391,-0.8252010499452629,-0.0785316956792701,0.9648643137313244,7.7450226613739055,-24.401381045261573,0.1259376091906542,-0.8032115291670345,-0.1103424694445596
0.101224541735887,-0.8405789379373636,-0.0574497956105795,1.0429204327283552,7.479168439008082,-22.163237271156397,0.1383535457850942,-0.8218561861995943,-0.0934016199512411
0.1081287619320658,-0.8707055151958549,-0.0627897723926384,2.079549513862471,7.034285620061108,-18.169718155578185,0.1405156671108513,-0.833429535936911,-0.0904372690496308
0.1003647623421014,-0.8711834099114475,-0.0739166372398039,2.137374498370566,7.4829666555051855,-13.508111686344613,0.1314071030373172,-0.8378420832309478,-0.1060042351812118
0.0850040889047725,-0.8639197558256599,-0.0944569666453621,0.712065948931725,8.247856833281196,-9.24769701229132,0.1175552278849313,-0.8337687226623405,-0.1261793055275535
0.0756629904091515,-0.8752211068423867,-0.0994559317817087,-0.5662980829379369,8.827174441939013,-6.073565096631703,0.1043878699270632,-0.8308387349825479,-0.1326625621139359
0.0674470900595341,-0.8674163356387738,-0.0871741902055375,-0.4610025547321433,8.976287871881393,-3.8171001679956142,0.0895039270959928,-0.8346085951274873,-0.1255684708516463
0.0558127158774309,-0.8720726520397724,-0.0775115402953028,-0.0795074405252879,8.682274155824157,-2.3576984083262174,0.0779328555410604,-0.8454939040712638,-0.1177490756032675
0.042895743771586,-0.9000677164697449,-0.0651391898329368,-0.1618183196669071,7.927377187183195,-2.1059586911675447,0.0745549878641363,-0.8608154664421827,-0.106086192615036
0.036490476207009,-0.9165023445118264,-0.0607289685220942,0.0475912196535532,6.156240777119506,-2.3825033538210465,0.0769619436359116,-0.8768528236956459,-0.0921554662985621
0.0390689775982923,-0.9384161921496248,-0.0569824956602612,0.8142964319067056,3.5243085596286288,-2.651585205708745,0.0793683177471685,-0.8978237286354912,-0.0882671306832278
0.0358233353478372,-0.955900341311246,-0.0518286215981187,1.717996306305737,0.7265293561059899,-3.052990955525165,0.0742189110860166,-0.9126772581398716,-0.0790645277885167
0.0193948195366696,-0.9512722073658504,-0.0385216074373053,2.603688977798749,-2.603289918905408,-3.3835419950109635,0.0566777625992674,-0.9145344698446956,-0.0569484079188337
0.0031085935433422,-0.9468072420118956,-0.0020619710413988,4.010133259669021,-6.902029218179097,-3.529240276281419,0.0333794143707891,-0.913460416200668,-0.0276433612366206
-0.0285910477178642,-0.9490389634732924,0.0347702136807563,6.426134532186049,-11.856861661555724,-3.487318138456738,0.0076723336463106,-0.9150672030508986,0.0015803999407204
-0.0671710184789421,-0.9530886549468464,0.0409454826021677,9.44983593073958,-17.070755492465853,-2.841635279598465,-0.0273996000267334,-0.9213843952997128,0.0018281510912478
-0.0939792012772144,-0.9589194190489128,0.0065246099742103,11.728026815683371,-21.894298815445616,-1.229516131644045,-0.0621667618289041,-0.9280048537983918,-0.0296118996261539
-0.1093793117857378,-0.9628531908960756,-0.0427897030509134,12.045235704255774,-24.643221010879465,0.6866504991389348,-0.0818753132469462,-0.9271192893336324,-0.070012962847654
-0.0880232195907749,-0.958142619878005,-0.0717734100178416,10.199510556425592,-24.04509570877677,1.7456755587029815,-0.0675462486192494,-0.9181064183721636,-0.1034479702109619
-0.0379187690745533,-0.9446225553838152,-0.0770085112371181,6.919609856999225,-21.838901424604444,1.1899712502525157,-0.0145484112952956,-0.9081259973814452,-0.112413408312125
0.0340333827185659,-0.9389841003952089,-0.0689780289838875,3.409314026473658,-20.762959550576728,-0.7059718826726031,0.0532754048931791,-0.9035336122639948,-0.1020666642013784
0.0982581036447296,-0.9496292675041826,-0.059199301852566,0.1912638988427345,-21.8537168361734,-2.682385815925978,0.1205189059975058,-0.910897034589528,-0.0913118094788374
0.1200271555670636,-0.9673727663620232,-0.0486277023495208,-1.9596205995678664,-24.10644353959813,-3.9501714164522777,0.1568643781814244,-0.9283481602170012,-0.0808381463206216
0.1310135042902452,-0.9785259139503144,-0.0328424044298097,-2.7365254381381034,-25.389910961960197,-4.444451926011972,0.1613329706416246,-0.9404450014124712,-0.0712872951810477
0.127710441755102,-0.9748589355014368,-0.039656280712642,-4.281495729955306,-24.938783335388663,-4.672722825429155,0.1605044605802718,-0.9437136515635028,-0.0684711184629679
0.1297043102458711,-0.973019225792323,-0.0410097979961674,-7.691962411804909,-23.13078946795372,-5.525667077798679,0.1556982219573979,-0.9468169557485336,-0.0611547860959217
0.1319622921254044,-0.987031474716806,-0.0053594292505099,-11.174560842133417,-21.539599848937588,-6.763995241198512,0.1562945495461434,-0.9595772938255064,-0.0365586101286633
0.1156569734666788,-1.0140129418611517,0.022544178752873,-13.269567642386216,-21.820283962395084,-7.110442374764235,0.155583513352893,-0.983162705756406,-0.0037677950676752
0.1344141742273806,-1.055110861862536,0.0677741099246801,-14.287290713497502,-23.61297686585847,-6.442007855603522,0.1632305190406902,-1.0186965744961567,0.034484484665724
0.1600807660684573,-1.1011012095287562,0.1174258714625285,-14.383761578289215,-26.303207327636816,-5.75010149583645,0.1942757752966516,-1.0659588885250069,0.069474565562583
