ADXL_X,ADXL_Y,ADXL_Z,ITG_X,ITG_Y,ITG_Z,MMA_X,MMA_Y,MMA_Z
0.0704672296642027,-0.8863356071920201,-0.310244183240568,58.739715111933805,-77.06273837197286,-36.09246625133635,0.0886741243846469,-0.8660678931536225,-0.3393364711301664
0.114289813849751,-0.7689675438831616,-0.3012480815479734,46.529768719607176,-66.33431277427884,-30.886742030439617,0.1342976776791721,-0.7580541507204365,-0.3299206022941404
0.1531204679462153,-0.7008751829139157,-0.2999342412413415,28.203170606135888,-60.52733328907241,-23.41107587329564,0.1790107459185383,-0.6869847146278153,-0.3324682588944909
0.1373958894138081,-0.667925403667856,-0.2723813335869017,12.55609790491461,-61.29053608697041,-14.61150410323083,0.1640460561729428,-0.6509066683700934,-0.3093953193461926
0.0954569523302949,-0.7198123440437451,-0.2688915711792827,5.267697301603052,-64.17202323508766,-3.883616351165988,0.1224261707682883,-0.6963555251747819,-0.2992985149905199
0.0686925814098533,-0.8489680194646029,-0.2756596514419832,-0.2323681268870334,-62.63962902955633,5.157710265451348,0.0984951896875245,-0.819481028196746,-0.3060043634493884
0.021328576199136,-0.9842357627678524,-0.2689477136968911,-8.496478906284015,-57.04447662471033,9.066760368794728,0.0491625139979135,-0.951348744052004,-0.3046468107502776
-0.0489745550844997,-1.0873583547112553,-0.2764614643757332,-16.05692031296845,-51.26479791005685,7.8901479725449075,-0.0183203881756934,-1.051476062336816,-0.3095000195743779
-0.0668199440898459,-1.1381442060247051,-0.2986248970346857,-17.81943314814357,-44.13069169971919,1.075554495889905,-0.0458530605864856,-1.088535081644697,-0.3296904554772282
-0.0237112613202324,-1.1206005748696009,-0.3046742082518314,-10.689729183517471,-35.36527137191424,-8.762550338064974,-0.0100508978376766,-1.0624057620741154,-0.3417027557706968
0.0260047803431427,-1.0614221217628017,-0.3101110773783679,2.802004457703753,-29.091097598542238,-16.169643268537598,0.0537036254623579,-1.004628464653539,-0.3498598602161435
0.0760147753271873,-0.9909562936787908,-0.3013289305451179,14.832281902764343,-25.740595330968677,-18.761625339276584,0.1021826211864846,-0.9429386533648026,-0.3381435373685307
0.1180194548582021,-0.939484741058837,-0.2417972820338895,19.82593659761264,-22.009584789002872,-16.281599940516276,0.1432598410556112,-0.9074122838935113,-0.2819566286687405
0.1642963473060203,-0.9339150077744546,-0.2026257024377137,19.34136080548397,-16.251451659015668,-9.416250795520616,0.190561242623446,-0.8971969509215986,-0.2369150680000698
0.2010576856968343,-0.932215368687518,-0.2163417626902269,16.139320475820234,-9.152871454317635,-1.0584839265539234,0.2272563446556222,-0.8931946484988158,-0.2441232934941904
0.1824862061572162,-0.9064469257866972,-0.2615249276269955,10.5207142406938,-3.559491743829792,5.015799663983172,0.2184175071164307,-0.8783437339385145,-0.293930551326214
0.1385239599296147,-0.8849627999560568,-0.3189553007046993,4.1469549818871885,-0.3017580217608224,7.3858577016245235,0.1643228035457447,-0.8518517058180796,-0.3534944956727001
0.0865451754538673,-0.8792039805719157,-0.3164282629513999,-0.340246284668266,2.837833709276087,7.618524998706326,0.1115258153431502,-0.8396754477152715,-0.3616247418076113
0.0291596610081062,-0.8999882764496002,-0.2636699021983684,-1.0889250906355026,5.62602858016459,7.147385627695845,0.0647201391443272,-0.8549863629522357,-0.3149382879801086
-0.0215553985908315,-0.937697494403708,-0.2199638799043655,2.5880515188966844,5.192624671612957,6.503520932203036,0.0124414472123185,-0.8907095305106285,-0.2627728882849452
-0.0732072339152143,-0.9621228610651312,-0.2209868098956929,7.943936000100977,1.7676516990961102,5.81871817806475,-0.0346142588702043,-0.922880553955438,-0.2551376103266822
-0.1085492541880268,-0.9680279167587644,-0.2722773431360553,11.783659560121622,-0.325533490540108,4.833029989573073,-0.0801733273998747,-0.9274885378767572,-0.3026493959394129
-0.1423060370786327,-0.952429044527848,-0.2878767414271895,12.890080251477109,0.5897313468999332,3.558599699931224,-0.1224308297936711,-0.9102203579246284,-0.3300873819809196
-0.1841158230614173,-0.9226497926230935,-0.2650316117287211,10.407474892849246,1.7006834860921949,2.1406866996120457,-0.1477296482301424,-0.8905247710548796,-0.3059326301062267
-0.1728746097537684,-0.9124986922610844,-0.2393240308446096,6.164402199435191,0.472559955285643,0.6166022553117153,-0.136791038493981,-0.8822956641802986,-0.2732533730881757
-0.1188392815298272,-0.9221142270484116,-0.2173516266751148,2.7746849107795266,-2.4082151544491337,-1.2345639306258862,-0.0948387779115496,-0.8809122901354441,-0.2653955993420833
-0.0828693658860111,-0.9205412834452068,-0.2481782122498707,0.2241406013166543,-4.424236197459216,-2.850015051677521,-0.0568062619265751,-0.8797792134905296,-0.2910148649638709
-0.0565273594817369,-0.922371538513169,-0.2734993790630654,-1.7815822772429502,-4.9814115288769525,-3.5705967602557918,-0.0350303700400409,-0.8865828425048949,-0.3068191664799844
-0.0469807900959748,-0.9457555802613932,-0.2588247706977045,-2.494997494265164,-4.485532810236359,-3.430631526346133,-0.0322043262856298,-0.9038914215308608,-0.2951285627586412
-0.0654029526366515,-0.976374192398811,-0.2456918624257582,-1.215103384524532,-3.3526194108412444,-2.157974481121745,-0.0404515003806486,-0.9334192865495772,-0.2810213924044462
-0.0810457779859258,-0.996793983799132,-0.2405059904215674,0.7464946215423373,-3.174894908811121,-0.6881589386120196,-0.0476925700542343,-0.9646708912042016,-0.2787885710339198
-0.0912025747232888,-0.99983702469201,-0.2559461427492162,1.7419282175135085,-4.53262862587538,0.1283260264399498,-0.0601635139886839,-0.9773374678430952,-0.2907662414785607
-0.0986347822553049,-0.99949050855083,-0.2630678123885521,2.455107003892702,-6.847509315470619,0.5475158207259561,-0.0693914548390533,-0.9761601955401624,-0.2963739344980727
-0.1086855085891639,-0.996658819071136,-0.2678407638908707,4.418489143373181,-9.627634575306915,0.2083882526685992,-0.0780611766595734,-0.967548416026367,-0.3046583338758952
-0.1269853240302415,-0.9812462373678454,-0.2919193450584924,8.051580552064848,-12.202498674402957,-0.6467460885607331,-0.0958076708728077,-0.9466759866754156,-0.3282928118909874
-0.1385498305049664,-0.95259096798594,-0.2924466575436274,10.582334608408411,-13.631761187687212,-1.72386047949503,-0.1078253387430288,-0.91795869239977,-0.3334935816659792
-0.1473747929374912,-0.929295887910918,-0.2623544078253441,9.473805618649418,-13.89486292064843,-2.91444517718504,-0.1148639507465011,-0.8966870352852571,-0.3032468402588623
-0.1561800306322751,-0.934466276804366,-0.2346921947276374,7.059403808460114,-14.385686787249456,-3.148841973591836,-0.1219841086022813,-0.8970353124931477,-0.2771777690404813
-0.1522989367229112,-0.9492846911800856,-0.2415889104402406,5.102122755226619,-14.8889436056283,-2.0374465021690287,-0.1199435386304018,-0.9091627776114868,-0.284883289373011
-0.1440845575465409,-0.94785748201883,-0.2627563878484628,2.7529653681403348,-14.988584816634384,-0.5089864564557641,-0.1115676130901485,-0.9170270505335448,-0.2972168511468432
-0.1418351799402898,-0.9518639479221868,-0.2541447697206762,0.7279563299125028,-15.800111510937038,0.6453357196929579,-0.1055872780080277,-0.9209320046918276,-0.2952192090182633
-0.1270466979893231,-0.9737722414088824,-0.243570832060461,-0.1832391427616848,-16.260981181358364,1.5098428463067854,-0.0979525565776196,-0.9325772494294656,-0.2846960695118713
-0.1066392290808364,-0.98800910065455,-0.2289551894092902,0.4664346467264453,-14.4134344876603,2.064677053489267,-0.0831478689478095,-0.9549794870301826,-0.2645374247575408
-0.0935116519409811,-1.0101303148714431,-0.1903902989219205,4.194024015427247,-10.885643064659392,2.130425214371284,-0.0633218851532364,-0.9773945815820786,-0.2364314425937392
-0.065188304578798,-1.0247984439950268,-0.1969137787583821,10.27905301941462,-7.872287447622821,2.197321101433877,-0.0381348260174348,-0.9871503291245712,-0.2420793546623239
-0.0435255483963643,-0.9885326681305396,-0.2647611627253654,14.24123823151071,-6.467693042651612,2.440707620242182,-0.0180804073338116,-0.9571198594579128,-0.3026083935612482
-0.0568796430598105,-0.9266331104647648,-0.3119271670822717,13.115643861187094,-6.311766313290029,2.221848220177224,-0.0269228513331565,-0.894275304773591,-0.3474545734781653
-0.0840671894307208,-0.8649585641190791,-0.2850565355469526,9.705054120297463,-6.876729431133131,1.332935111089243,-0.057952371106187,-0.8374077887719356,-0.3296255495338224
-0.1180658804964858,-0.8307675799110739,-0.2128130806026994,8.547449654138017,-7.225380281843973,-0.241407722156625,-0.0903542494012691,-0.8022539212577745,-0.2649703932361559
-0.1578156741862177,-0.8203081845782361,-0.1646990774892381,10.114833426736892,-7.527929002287354,-2.4911870224368413,-0.1277030844129557,-0.7903610027858061,-0.2075431364855353
-0.1718247809000188,-0.8134339301639931,-0.1611031034754606,10.63573479656952,-8.827623991320005,-4.027223712268997,-0.1442979823967939,-0.7915481272972398,-0.1982338991243961
-0.1382899191187355,-0.8330459913551905,-0.1832628811895529,6.880382360137278,-9.98449650982452,-4.605949529860497,-0.1121855391105789,-0.8063678170535918,-0.2149614522023683
-0.0835644331673617,-0.8804986183858448,-0.2084129209002363,0.2588633838083176,-9.569663610228464,-5.837550788030321,-0.0619451419378246,-0.8439210614264201,-0.2424335733733063
-0.034363161406163,-0.9522532585098982,-0.21032925552104,-5.285812887066735,-8.237542685949185,-7.880979321560523,-0.0091158436301878,-0.918293394917802,-0.2569810217277792
0.0126896126188808,-1.045668011566937,-0.2096695306362059,-7.156005408427145,-7.675860931696786,-10.292571957584473,0.0440662983469296,-1.0151669767039135,-0.2568343898458435
0.0560219075988133,-1.1296638211535208,-0.2502717355310891,-5.20606545953361,-7.729888310909202,-11.750574410549094,0.0884918749051964,-1.0834258334464173,-0.2933266281076826
0.0994643244687356,-1.1629026926270254,-0.3227332662597655,-2.4674833059757084,-6.0376347523462615,-10.714526435234804,0.1296303650201595,-1.107803062649852,-0.3693596787071468
0.0880803759144878,-1.138226912492003,-0.3519012101351562,-1.7620086964722963,-2.9826107305619,-7.511784171399946,0.1171846303014081,-1.0868375133636066,-0.4058822517426693
-0.0085116463600637,-1.0848422374683997,-0.3155692896153413,-0.0616663294953055,-1.4184274171343856,-2.139787637453907,0.0369443296895047,-1.0406685799851338,-0.3574930352995694
-0.08124752547654,-1.016954095815989,-0.249743599056294,6.163238176360228,-1.936483042032326,3.730807766716688,-0.0347509042625452,-0.9832267169156824,-0.2761661638522885
-0.1236002465885496,-0.944316272433426,-0.1597698013680764,16.028645650891253,-4.380427193348134,7.830485079067466,-0.0876618003090849,-0.896160999097515,-0.1968435917507061
-0.1467099253836998,-0.8797223703866546,-0.1444393240941444,26.19035814689899,-7.847393654518839,10.37018624337496,-0.1063968060919847,-0.8387123621417658,-0.1818570644023005
-0.0901981589511431,-0.8438659717647496,-0.2425656287621151,26.6252215323709,-8.805369575296819,9.802316857404094,-0.0594564055322003,-0.8410128318300798,-0.2743930039907095
-0.0297948705485231,-0.8564330805757918,-0.2975806971341205,11.734226582301288,-7.211663876927936,5.482232183651743,-0.0071267236461476,-0.8503687063412304,-0.3338659515440784
-0.0089864721038115,-0.9162769240856392,-0.2442080421103351,-4.993715927193441,-6.304982353181396,-0.0060768098693828,0.0205554712955747,-0.886510588208885,-0.2778549299299995
0.0103769730330714,-1.0022919426773946,-0.1872579089696904,-9.983606932948405,-6.03196627570282,-4.739011646337145,0.0412257200401548,-0.9590123616722992,-0.2274782877931511
0.020839504489268,-1.0409999760886723,-0.2136494217235897,-5.97997784314693,-5.363554938069191,-7.492702075706121,0.0533158138772234,-1.0003534682978397,-0.2554086920109088
0.0151582419170949,-1.0145942843556053,-0.2502907584412643,-0.7736846498819645,-3.889396408565715,-7.986618414947376,0.051512252556603,-0.985119283677952,-0.2867527533172189
0.0059747556980284,-0.9806556921233758,-0.2363382588956225,2.7680055227796525,-1.9358715776149,-6.635282431269572,0.0381857215195616,-0.9492429228192298,-0.27733899254748
0.0050844153046629,-0.9574121696829104,-0.2263511640732868,4.137072315617679,-1.396434097955065,-4.362219812935903,0.033807793376769,-0.9226581374313524,-0.2630399746754456
0.0122101298206864,-0.9481656547899848,-0.2248395650008396,3.16166091458276,-2.082910562380906,-2.0547856704154697,0.0426032629477851,-0.9048016366379912,-0.2594919944800116
0.0247939130548233,-0.932348419475684,-0.2298970247993585,1.664647709038916,-1.8063203837452528,0.2336809544553685,0.0538740430093547,-0.8901516568290281,-0.2647201504773863
0.0356755742880802,-0.919028121967558,-0.2466645453650644,0.5057730487903123,-0.3259787825318996,1.7027259299838424,0.0650601568971019,-0.8799192168717713,-0.2739921097286266
0.0423243268892939,-0.9288378672401514,-0.2349771784905597,-1.1122093708986054,0.9179443233986962,1.6979374405958934,0.0713013978672669,-0.8831483841710026,-0.266951505658424
0.035852821867672,-0.946536232459088,-0.1974903630431147,-2.283282953761244,2.032057839667715,0.5724325572054602,0.0664438480647351,-0.9048761458257852,-0.235952593603237
0.0186310016109526,-0.9825931334440996,-0.1785744214572665,-2.4217075347878514,4.105516589714915,-0.7809373139504882,0.0519076430088301,-0.939694701438967,-0.2157995669794898
-0.0002603016172371,-0.9994178528055444,-0.1915277614528766,-2.8220506762027417,6.368223321681725,-1.8786165102212564,0.0345485234409764,-0.9682454299785046,-0.2271460376435977
-0.0280636822309014,-0.987769658135466,-0.2033593783434902,-3.6824696874572846,7.40515738731545,-2.8478531283525133,0.0100789036478534,-0.9635254441987954,-0.2426523105018603
-0.0462596326938648,-0.9844238475469528,-0.2062239580874856,-3.6887246412578554,7.499391323131769,-3.109009630106549,-0.0180648157953081,-0.9473179687694684,-0.2509303947263467
-0.0651285213598037,-0.9792603418838004,-0.216666128462909,-2.568411771862909,7.751083178042452,-2.5582385330579336,-0.0350050038324338,-0.9431494194788358,-0.2505702716507959
-0.0784363040891674,-0.9777632940133748,-0.2103573092654111,-1.2885025832069197,8.135632536915537,-1.8713445673962368,-0.0357050207794737,-0.937549899867017,-0.2431329208749915
-0.0520917293832517,-0.9698030075676825,-0.1901084479555722,-0.6953870785529399,7.905605160525161,-1.4881763033291322,-0.0227811858346904,-0.9302465693205774,-0.2278659102830121
-0.0260411207555493,-0.9590898174411192,-0.1722898123026254,-0.6560872609263584,7.200865923837788,-1.446876270296123,0.0005066893320912,-0.9254454701719934,-0.2048410491332314
-0.004016448994119,-0.964232669965824,-0.1614059923476321,-0.6051205306628918,7.1460135027102805,-1.402572431481872,0.0296966140109141,-0.9253868202157408,-0.2010208949053202
0.0297707682896339,-0.9631378531056668,-0.1783808887549901,-0.7959079323191878,8.391376890412403,-1.0644538143774338,0.0496247605034269,-0.9230643912889164,-0.2175249173616726
0.0434128055325431,-0.9491582694312738,-0.202700387931938,-1.6283388697658725,10.64356876495015,-0.2312153226536893,0.0644725969290986,-0.9113307024681068,-0.2438030585247078
0.0443059470721771,-0.9390734104936193,-0.2132818789869495,-2.1721992169464013,12.25819429262314,0.8241598628663837,0.0788830148345851,-0.8949907472114302,-0.2550050563701505
0.0319932269090318,-0.9594363537514822,-0.2391553119882397,-0.7384828762510862,11.308692337896415,1.6648501858907014,0.0701593194740449,-0.9099658605735724,-0.2643471042067699
0.0072199347448419,-0.9915258328338126,-0.2887706474252111,-0.572912316952583,9.55694803214307,1.810272149099829,0.0474710994365069,-0.9616562426239998,-0.3152767890409375
-0.0026322649046323,-1.010926274988403,-0.2946997172107077,-5.390568134416779,9.200905400728171,0.8978103037275388,0.029502571895588,-0.9853324433677536,-0.3284274518086538
-0.0066017567838727,-1.0305187771948563,-0.250446500555238,-8.582262185855338,9.548613846764107,-0.5761816735958393,0.0159542519310169,-0.98985299055209,-0.2887442505717601
-0.0113367764342286,-1.0203032453274496,-0.2274202578709635,-5.183021599379611,10.6010836524503,-2.085664718006906,0.0120596851902539,-0.9890471546106656,-0.2676064705092135
-0.0247595169228455,-0.9836133579962656,-0.2291505924110643,0.6863735570430031,12.024061515374614,-3.053327635746508,0.0075537034893183,-0.9506361752317838,-0.2694486331298333
-0.0308618709978107,-0.9427936066323132,-0.2560677430262286,4.7163483948045055,12.831389086781012,-3.188648859879184,0.0040487051374488,-0.8991995013689238,-0.3021706050618503
-0.0057198210077898,-0.9002483618763011,-0.272310616675074,3.5073320670125203,12.986287180965595,-3.083833293342294,0.0126660149423776,-0.8628412938186828,-0.3164022471597593
0.0008195383882897,-0.8945696357340156,-0.2601263398056855,-1.6552474083109403,12.50385770372447,-2.8231010633014604,0.0164743982517806,-0.8549909445411236,-0.2998086147136586
-0.0087417937186299,-0.913009574387054,-0.2659653746031606,-6.147491385844705,12.00939606036867,-1.943627150796478,0.0161742079851276,-0.8678322295654701,-0.2957585811556331
-0.0036304594676036,-0.9372218717781572,-0.2663986767825888,-8.346826572209729,12.029846425599136,-0.4374113960183207,0.0157052721929096,-0.8908893371555566,-0.2972262484433133
-0.0170099851281517,-0.963627065095293,-0.2799644768384337,-8.764547656070583,12.176350673477526,1.0390592618229986,0.0040178147995456,-0.9205373676238296,-0.319379632884945
-0.038971081906983,-0.9760083465892112,-0.2988540015593506,-9.44853268429665,11.815503604446135,1.7565600352266937,-0.0067620405679713,-0.9426426726000984,-0.335144345385971
-0.045316240571991,-0.9973902635364664,-0.2916742371607759,-10.011091028967394,10.54571473868622,1.6455536784118394,-0.0112677051951685,-0.9650169768545868,-0.3312906473624769
-0.0369305461393471,-1.0068745813958453,-0.298120331919745,-8.712641278725181,8.907247790134736,1.0150151369554834,-0.0138124556612012,-0.9762347581577622,-0.3315741840787485
-0.0340818138337151,-0.9975996788680246,-0.2947491808721992,-6.235364117333994,8.001162926203907,0.2324418706832222,-0.0159586521865768,-0.9680147571040942,-0.3247609985171974
-0.0455282457941679,-0.9923423295084096,-0.2887369899917917,-3.086713333603512,7.89601531053502,-0.450557016004754,-0.0198865682476782,-0.9506911511616216,-0.3250235409555249
-0.0439767332622463,-0.9699642160094676,-0.2933034836068103,-0.4033388778602695,7.741820946784089,-1.0290817012721352,-0.0180505537299746,-0.928056896600986,-0.3235648067399715
-0.0425123759106738,-0.9513411323988196,-0.2836291796548407,0.6000321693338037,7.2426846145262,-1.45891747713026,-0.0157597931258729,-0.9137293375290704,-0.3162653029142753
-0.0422642264588068,-0.9506726347464036,-0.2751320873071165,0.3935796945260264,6.262370761977871,-1.587103945808067,-0.0169518871723258,-0.904014499736917,-0.3167434767230893
-0.0432666597016353,-0.9471135107834712,-0.2687541426937188,-0.5026407236359748,4.848844903849409,-1.3755998273698495,-0.0199192142748006,-0.9017758344327096,-0.316124920854199
-0.0578264157892241,-0.9460392163627598,-0.2786220218189905,-1.6215982010050731,3.4796077163189065,-1.0862302700101276,-0.0289432262108605,-0.9079258143389618,-0.3182273244740753
-0.0621116845460184,-0.9532867399770186,-0.2893466199532302,-2.470261628858573,2.053782624512806,-1.0632282715055854,-0.0333868758972924,-0.9115617561747164,-0.3189684258416726
-0.0642441091500458,-0.9578083994389796,-0.2867858584352881,-3.0281132836433016,0.5174076837514918,-1.4243903457122211,-0.0312081820238517,-0.923008394815112,-0.3186872538109125
-0.0608493983198732,-0.9639646958777636,-0.2781581445230707,-3.275218843699154,-0.8275700087629172,-1.9956939511742864,-0.0299869829510203,-0.9318247290004134,-0.3078033674434762
-0.054386372623492,-0.9825666068774224,-0.2340879124558099,-2.434348526323317,-2.163410620540782,-2.429290317495183,-0.0255417477652994,-0.9399497018707692,-0.2795306441832529
-0.0594530350923184,-0.9927419064079694,-0.2149275537037156,-0.1215385571980258,-3.892045329602749,-2.6769254733782413,-0.020175360368362,-0.961376283144876,-0.2642405437586889
-0.0480407688093393,-0.9924052192269672,-0.2338269269805749,2.320118793339979,-5.668833520638532,-2.918902213071424,-0.0183175334877555,-0.964427697821828,-0.266550434966421
-0.0396754367156327,-0.9839649545660868,-0.2350537936506828,3.676282550095252,-6.8570912574716285,-3.039315953002274,-0.0153194069986648,-0.9485794123261466,-0.2699670732452524
-0.0411639115396715,-0.9665378845459196,-0.2493246660634517,4.060451754100157,-7.599122870441501,-2.874602104996049,-0.0106517376807551,-0.9385711321169437,-0.2762362957651926
-0.0345568653283871,-0.9623394530733324,-0.2496655589626603,3.750390955899789,-8.065461683801079,-2.6059357595070995,-0.0076890102403653,-0.9320514836085688,-0.2845278951769758
-0.0356925038941365,-0.967652032717025,-0.2425218284352699,3.073928580579295,-8.584412301927614,-2.565220330094512,-0.0039275147952058,-0.9322198126218932,-0.2877157867090626
-0.031302446155802,-0.9680135223412112,-0.261899504416801,2.442829561614553,-9.449002080088402,-2.8442028005348554,0.0004331924206531,-0.9318184984715177,-0.2928856208961836
-0.0222431663459511,-0.9642900393635196,-0.2632618195344528,1.943157213536747,-9.765617991481152,-3.2016568430446397,0.0044855100345389,-0.9259759581249392,-0.2984389487454588
-0.0142658837594322,-0.9628109714488584,-0.2522603356488531,1.9826290942773008,-9.042170153082951,-3.465861981204025,0.0097139686038987,-0.9204901091162704,-0.2910411538468547
-0.0035341038888608,-0.9597155746324628,-0.2429464271386638,2.8202458380613757,-7.969044512924763,-3.670783193556865,0.0141250560990097,-0.9138889366673688,-0.2831444812028229
-0.0036778539029107,-0.9593368264080028,-0.2508585695245301,3.429192276966656,-7.159384624760484,-3.801374624405184,0.0210553562043536,-0.9140149243485952,-0.2859844961237257
-0.0047777442863565,-0.9620476211013228,-0.2539808635493807,2.721303361560689,-6.615041872130901,-3.861378457281348,0.0283540112495258,-0.916988983821378,-0.289363260967545
-0.0001885081327172,-0.960709137259644,-0.2423446499397881,1.2508912263041148,-5.92053249668857,-3.7252145543484017,0.031124088343802,-0.9206710434976038,-0.2880897180831898
0.0058326122886152,-0.9697848690114858,-0.2495143020343372,0.2341072942536331,-4.955277864166203,-3.253371557764598,0.0339512342305373,-0.9283493082185664,-0.2877277396011807
0.0078332138783544,-0.9727316776387166,-0.2419092029888752,0.1140371115762423,-4.022257866678614,-2.7544547061018965,0.0360789530926875,-0.9310528170347177,-0.2892467964031509
0.0051148783718687,-0.970944029862229,-0.2442844313225673,0.843986033389627,-3.079406270636444,-2.3491397327958667,0.0346701842439173,-0.93430777069253,-0.285862086824904
0.0024027546460372,-0.9741185775961364,-0.250269613694614,1.8649620695361355,-1.984445231286297,-1.8535192019459927,0.0307670136768431,-0.9369156111063144,-0.2798990464784781
-0.0032011632377747,-0.96806129062469,-0.238440202520899,2.363389259956278,-1.0244251445642285,-1.3178529862751234,0.0253712913710073,-0.9329169927035902,-0.2787681684487346
-0.0035517406845378,-0.9714586563570408,-0.2535680499884345,2.060645924302937,-0.2383388216953018,-0.8499516103062411,0.0217931994941328,-0.9319368963957616,-0.2851021561120986
-0.0011212895623508,-0.9712903190595644,-0.2495723997676397,1.7133843794464925,0.5549807881864991,-0.5394265339000155,0.0236761252078302,-0.9318393223716374,-0.2891101613713364
-0.0040723676613698,-0.9606393672442008,-0.2401899021373284,2.445048781466092,1.3300023356872357,-0.3935814960240452,0.023409622744914,-0.922730124285493,-0.2856037126020317
-0.0034563919673016,-0.9553982221973856,-0.2542989828751128,3.486557860027248,1.8789150159369177,-0.482454699864197,0.021581674169197,-0.9122917948206934,-0.2858284093896537
0.0025074708845358,-0.9508805535911116,-0.2523295857839969,3.3114942192990267,2.2382383501851137,-0.8329408964554853,0.0267074795097903,-0.9107505247506552,-0.2900552866601838
-0.0020138017122001,-0.9481241207039448,-0.2538971776571844,2.173258980451347,2.9873532003645,-1.1999796441844637,0.0233548651740219,-0.9113135012810866,-0.2954070688292309
-0.0053778189986778,-0.9508084523451328,-0.2539379417170845,0.8614506168509585,4.103239830956672,-1.3435486376396877,0.0159680744762419,-0.915303515538473,-0.2885062371602696
-0.0015408340396847,-0.9683500772416508,-0.2426906833872204,0.0224344993589736,4.7462403073501065,-1.2791215860773804,0.0208935427253415,-0.925885223991212,-0.2676187794740062
-0.0042999052212309,-0.9706516861825238,-0.2343174256254764,0.1605142985399205,4.396364747949577,-1.3372771673825274,0.0226270529532204,-0.929428974952369,-0.2706952664807337
-0.0008639455580288,-0.9570936255710304,-0.2491163758176539,0.3772502640500112,3.6809395760559567,-1.47382833799243,0.0216792922726931,-0.920468467612688,-0.2915203269893653
-0.0010931331618444,-0.9554989057157928,-0.2708019638179388,-0.1700837362656841,3.867230212123574,-1.4161800329046474,0.0266258225262586,-0.9118035672034844,-0.2910293535425398
0.0006000615780512,-0.9492672376486584,-0.2492964537758832,-0.51637954722099,4.830863278318867,-1.2239312142939909,0.0289468074418999,-0.9120004191514168,-0.2812502549724532
0.000106923701078,-0.9608305176090864,-0.237222035708673,-0.2091079271648932,5.4485146649428176,-0.8426673928212305,0.0261606792521485,-0.9184355021128572,-0.2763632809625237
0.0051015510245119,-0.972193311946286,-0.2243324374565483,-0.0588706964708902,5.721754415242036,-0.4565127312244583,0.0241852750454926,-0.928777310644308,-0.2635621930575119
0.0204281827859042,-0.9670949894177928,-0.200653959993449,0.033349623407967,5.890808724287093,-0.6242487819869736,0.0284208954674542,-0.9318640312788014,-0.2520429290910037
-0.0037654267514093,-0.9739912675472646,-0.2432373312678305,0.2158389833283838,5.413142735631243,-1.2572371260212842,0.0294620821679103,-0.9258705555934575,-0.2551951544616674
0.0065466285481594,-0.9385676765668188,-0.2459590385905475,-0.3397496882445103,4.525164214928326,-1.6985116460234575,0.0261703773693578,-0.9161875505488228,-0.2620061385641664
0.0366000945958639,-0.9060478492985472,-0.2001121094435752,-1.6950268200550935,3.989811593318464,-1.8529704677798,0.0309463676770623,-0.9049628191797272,-0.2617859179143935
0.0204471762461209,-0.9431616399075546,-0.2086707201259831,-3.211794523075545,3.989958360078048,-1.6722156088965954,0.0329632764323275,-0.9032117302264172,-0.2590550636604428
0.0225348394344636,-0.9561549505883288,-0.2213857789888648,-4.602894604014871,4.56176525334746,-0.97473080322652,0.0297717306795333,-0.9127414096325432,-0.2595792068504523
0.0058704719527294,-0.9582805403614064,-0.2222481885255829,-5.153172153618381,5.243971735487762,-0.5893717004665809,0.0388149781832354,-0.931628747675662,-0.2570293000996816
0.0083917779889709,-0.9855954642766972,-0.2156822236733219,-4.744442423783144,5.343965322201199,-1.0118929664576537,0.0495684106765571,-0.9458749370898452,-0.2557815467475433
0.0325577726262447,-0.9718099640371958,-0.2374891090129363,-4.776408430103434,5.015907362021287,-1.487604570969724,0.0485705087429195,-0.9519433700478592,-0.2624302375353087
-0.000749034775066,-0.9889379091990838,-0.2486751863988133,-5.4216390510310015,5.2933877413021815,-1.4510034960217089,0.0427812981085401,-0.956152100623091,-0.2616445932386635
0.0061473592460707,-1.0189466701428702,-0.1818153917455389,-5.438817667024893,6.302945825749915,-1.112289282773661,0.0409508625919971,-0.9486565354390282,-0.2544636173793113
0.0445212468803306,-0.9707614619000564,-0.178819409765443,-4.59253749193188,6.63648620582893,-1.0523347335186235,0.0491072859699527,-0.94221750950799,-0.2528861540773285
0.0552804797607356,-0.9589749624787434,-0.2223966361188198,-3.4645457085360314,5.886208276741288,-1.524119461290636,0.0623606923411653,-0.9362838909350648,-0.2516934832869839
0.052158660490883,-0.9695044320243134,-0.2000661041573684,-2.5125337068352778,5.000582141644268,-2.13879327714667,0.0746565996355581,-0.9262562647353904,-0.2484888196983526
0.0460934147237803,-0.9669238573776984,-0.2053591802908141,-2.074959225749245,4.7407437795919245,-2.312312369158492,0.0779295686464391,-0.9256613702596548,-0.2433280768716998
0.0489146246508552,-0.9866192523965032,-0.2346982297436927,-2.348315598258744,5.078850260899889,-1.9449471922477948,0.0725310142279733,-0.9285026680592556,-0.2361088110285582
0.0259087259315686,-0.9706035425881708,-0.221412578557694,-3.067034601804336,5.527250193607967,-1.3174514965313655,0.0679420289455833,-0.9328237126184944,-0.2344477304370532
0.0269210976254668,-0.9601659860805328,-0.2193100590366736,-3.547312850867527,5.72058654925171,-0.8044262565273074,0.0652005435573181,-0.9352680399987156,-0.2323250587672851
0.0387150180196244,-0.9675960806172575,-0.2216727266253327,-3.213482026933757,5.384998110508063,-0.6167255114908318,0.0675709531487522,-0.9342588063041802,-0.2217373168156181
0.014841531272058,-0.9742616157513098,-0.1732474809679498,-2.188761686959709,5.209888822960106,-0.5205709931421812,0.0667593222186779,-0.9309068891835788,-0.2196964616256903
0.0176152791027147,-0.968163353648474,-0.1391266861228748,-1.265016889483871,5.688381217384752,-0.6356124893478222,0.065772886507422,-0.9228157519547162,-0.2242730742166826
0.0378156156157063,-0.9452979249274251,-0.1821661388500847,-1.3184910326333408,6.1443125058719925,-1.1307472326124286,0.0683202925084524,-0.9159135744713568,-0.2265862691217706
0.0432494813222024,-0.9646090898473548,-0.1998728479280694,-2.448458330127983,6.464941513638881,-1.640489482687199,0.0627705389600603,-0.9120807936507596,-0.2337894312202906
0.0412165251831819,-0.9742203895550688,-0.1753425698603826,-3.757818651846899,6.564472177727231,-1.9139439220438703,0.0622333156603679,-0.9187897710746976,-0.2333346837795462
0.0597852504147065,-0.9688999667063574,-0.2170333088791052,-4.79375378087071,6.140724558975625,-1.892961429411876,0.0656876527507407,-0.928789033552516,-0.2346954617438089
0.0628851327600346,-0.9769859644616236,-0.2463253141414511,-5.291662590124735,5.236306088479246,-1.7696587701405446,0.0686668551070684,-0.933704367334047,-0.2534460330705565
0.042870403281585,-0.9792717838472372,-0.2066260465815056,-4.85285726116344,4.171315241888835,-1.6634484310583055,0.0699191985587538,-0.9424349697028556,-0.2703324673303144
0.0382391514244173,-0.9763424580753988,-0.2119052921075153,-3.976401951926949,3.589279220964802,-1.6297991176597275,0.0553664259588545,-0.9417777713806722,-0.2793978857259031
0.0077974868430523,-0.9569801828593012,-0.256072362310814,-2.6519771268527066,3.23723804165262,-1.6965536044282812,0.0388813194593599,-0.9321837024648968,-0.2897454618754927
-0.0017392222675769,-0.9576417603360818,-0.2625710183506207,-1.197301344358614,2.0538420556220114,-1.6944960966035645,0.0255206446682965,-0.9227427800125104,-0.3053693595165032
-3.0207489965114895e-05,-0.9424738780481868,-0.2848926388194852,-1.2510123404242073,-0.0445581309532342,-1.957749972701958,0.0115715790778522,-0.8995433175066944,-0.3295091508615574
-0.037650583924062,-0.9029805814038494,-0.3294414884022211,-3.2287440863146184,-2.058241278078709,-2.496044464830373,0.0034025184834804,-0.8765815874463005,-0.3505142595830101
-0.0530350801978227,-0.8798114079385511,-0.3095355051976023,-6.258104585117716,-4.437977251201563,-3.307486967507669,-0.0093548069288316,-0.8603139376397388,-0.35190172577171
-0.0699377883155182,-0.8515371190947617,-0.3137176818988796,-9.956268907832262,-8.78043932436516,-4.681528175120279,-0.0356736319199916,-0.829528065616086,-0.3623514096060513
-0.1030771091364704,-0.8240173698791109,-0.3452028312290867,-15.410670979423124,-14.273250491518583,-5.862106083268712,-0.0666080295914628,-0.7942106642363325,-0.3843341068040926
-0.1184995130851821,-0.79701662314704,-0.3020542657966418,-21.60781269149386,-19.111545916704817,-6.767157175289855,-0.0905852163082027,-0.7747091880499267,-0.3724418892331186
-0.1226171854811356,-0.8164806485479252,-0.2852597964892783,-25.175205088504523,-23.54236395676532,-7.654169088573114,-0.1022075972649853,-0.7859751583961321,-0.3511227618026381
-0.1274044198972674,-0.8682288182122315,-0.3041283217542088,-26.90987246473416,-28.01282534486978,-7.88821192312205,-0.0960342074381641,-0.8300659343860193,-0.3374305179535131
-0.1265645942610871,-0.9205431435905236,-0.2949452100358709,-28.62862871875649,-30.767234881876604,-7.370764804009201,-0.0854799007395202,-0.899217069892434,-0.3197678079868292
-0.1045719678553774,-1.019638272609706,-0.2888516699857897,-31.089343338058725,-30.508279820956627,-5.743750673362484,-0.0683230190054414,-0.9804720321460124,-0.3309145327912988
-0.0610401422919852,-1.0853768082208948,-0.2875914053324427,-35.49696746571977,-28.60591281983011,-2.988993893156562,-0.0245918968893327,-1.036120784052743,-0.3232816371887752
-0.0034606779777565,-1.1051484015232227,-0.2081690854294743,-36.86841026110423,-26.040279711814247,-0.0505471161285611,0.0264465832411227,-1.0642687085002986,-0.2303126428161105
0.0360980988621395,-1.1426768749544465,-0.0608640556142902,-29.026791568603684,-22.53316671327001,2.323670186388516,0.0756094044797811,-1.088874344646324,-0.1151597453472992
0.0717494946168289,-1.1364858072764226,-0.022578116646449,-15.600395377936726,-18.457225367204074,3.46046393499078,0.108833808065031,-1.0921498177426885,-0.0640014233267692
0.0865635204427835,-1.0657680846240265,-0.0784520718519807,-6.495355728839193,-14.370309533472437,4.325119154785624,0.1050338088877656,-1.0386598353582657,-0.0969963583271275
0.0478530907048459,-0.9806974559751722,-0.1169047304675681,-7.1199106139383765,-9.73266866435318,6.168096868597647,0.0828764657079146,-0.9441104031142772,-0.1575727515876213
0.0217717274365624,-0.9116583809192934,-0.147807830390491,-14.10360239270754,-4.124483324416646,8.279068139290487,0.0494587631451703,-0.8775793145106794,-0.1833796733238996
-0.0090523278920389,-0.8720031981319862,-0.1777587665760602,-22.10855359094533,1.2842230738163585,9.733718967434095,0.0144702309507433,-0.8569689547085638,-0.2039628128430375
-0.0661884153572792,-0.8708348493268211,-0.2021487999956494,-29.68773493890868,5.076669613794556,10.1878827358769,-0.0199302062431241,-0.8571746280977115,-0.2391739849628315
-0.0807366089563904,-0.9034845815479302,-0.1965668694683341,-37.68314069332229,6.890805227438408,10.604414700227249,-0.0484071028668868,-0.8719249666946504,-0.2396755647594257
-0.0734677231538681,-0.952398685068693,-0.1732048108240716,-44.5045573894559,6.958492060056612,11.686771354175644,-0.0499100678216202,-0.9024069034647326,-0.1976188627767381
-0.0930361460845197,-0.993721765591086,-0.1301926655318596,-45.78317026803047,5.821744983456945,12.943999722092093,-0.0522881598778539,-0.9508525935175968,-0.1407808717258421
-0.0852671702946461,-1.0436704183280163,-0.0630827493614276,-40.100048487323015,3.986102201326348,14.412457520218537,-0.0538815648172879,-0.998784880920912,-0.1080414251431524
-0.0517966940562367,-1.0746448023728226,-0.073863252484725,-30.849278054509124,1.7654551841898074,15.32680118468088,-0.0358943190225077,-1.0176115361158409,-0.1356664080046051
-0.0523902590363131,-1.025282450764687,-0.1469379903327205,-22.40468687443417,0.2453084573960196,15.03562308500505,-0.0241122241457061,-0.986610621338152,-0.1762380005920853
