ADXL_X,ADXL_Y,ADXL_Z,ITG_X,ITG_Y,ITG_Z,MMA_X,MMA_Y,MMA_Z
0.0562780367667822,-0.8979885645234382,0.3718884250633394,3.6511700111026455,4.8604631603317765,-1.5586646202169032,0.0899629211731851,-0.8655814212234052,0.3358707059555805
0.0660589881088875,-0.8967212128630764,0.3770815972906962,3.099194880930628,5.063258846569361,-1.4728836653467574,0.0895732297552502,-0.8642962898656432,0.3407719826404712
0.0628710380512047,-0.9009566058731144,0.3871833701070353,2.5672530948151278,5.16216541084929,-1.2358401352844832,0.0918170942959851,-0.8656604028973122,0.3448433047145581
0.0492017746999692,-0.8957896262203051,0.3791422778215435,2.000317041514023,5.12482100770241,-1.014934953400595,0.0883999726552453,-0.8667776089543519,0.346259312510689
0.0490086102751144,-0.8986016862270645,0.3792177811135988,1.344510772210525,4.6873159417165615,-0.8204794010763113,0.0852603723137479,-0.8697954243695576,0.3425524604351737
0.0519372187287738,-0.9074893649634344,0.377365452956625,0.6165759601477859,4.107146345162534,-0.9055019076920582,0.086025574208772,-0.8731965408266842,0.3355311386341155
0.0496139273141882,-0.9060366638130144,0.3642624910685758,0.169074325778976,3.810997221094759,-1.255337496553633,0.0870523994552852,-0.8717542975239925,0.3324518720630356
0.0565944929181412,-0.9032695017878762,0.3686229421320621,0.5953958642405652,3.790889127716155,-1.7944239750375983,0.087839964834678,-0.8736189784163577,0.3281062823202226
0.0621820387180077,-0.9083493287513744,0.3628756974394183,1.5300603933511547,3.9611382053217055,-2.344008084461539,0.0882938198895474,-0.8744261635747557,0.3297192416276382
0.0551220354231957,-0.901467952923834,0.3657983283638345,2.009417828214069,4.192404613122401,-2.625165468570553,0.0926002113486276,-0.8678066051654181,0.3364245722386633
0.0574945089545072,-0.8958120121719748,0.3832983389341421,1.6800575868547036,4.478590817762703,-2.705925968422551,0.0942838313676846,-0.8665559920230517,0.3391485267204499
0.0608465330456793,-0.9008106226860946,0.3751051981131875,0.759274555965277,4.76725534577184,-2.5036567160359864,0.0905968411487895,-0.8687725510385262,0.3417128985724301
0.0588979266257287,-0.900116953212985,0.3735830509186095,-0.2591804552789899,4.898993281776097,-2.1886772220436788,0.0919886311055223,-0.8697785123868624,0.3379597486160459
0.0619283453292857,-0.910785201812768,0.3795937905240994,-0.7640742072871293,5.117865923355376,-1.663061306156974,0.0952944413874228,-0.8744973425766345,0.3303236605222336
0.0571424943716815,-0.9145898673935442,0.3702732583457813,-0.6463816592127948,5.217736093533851,-0.8226830482343066,0.091642433602872,-0.8766297581601663,0.3272459569757074
0.0572155801294889,-0.9052454249195948,0.3634069394968829,-0.2357983634743944,4.710629970274284,-0.3484593275517275,0.0910857313975893,-0.875230702502557,0.3265684206509759
0.0601820829543849,-0.9066440118021852,0.3628348124078087,0.1201023338432667,3.98087240756087,-0.2375303274676382,0.0927960127389564,-0.8730518821246451,0.3295301826274306
0.052837480598789,-0.905546024280677,0.3697431668704762,0.2380057741691855,3.645850200596542,-0.2616109111257523,0.0893906329541289,-0.8737166438026063,0.3339511053139132
0.0584158021858142,-0.9103454262286108,0.3763783224454576,0.1788224805711463,3.886228087366648,-0.4134531032183559,0.0906621002015896,-0.8783004209923696,0.3326957206816909
0.0637760193754785,-0.9199846617028684,0.3649161604255689,-0.1822718136853206,4.5112803073774455,-0.4659573856139296,0.0920621068174106,-0.8784614336925858,0.3283002123619499
0.058345174025501,-0.917571640358371,0.3565135953799788,-0.5356103452432298,5.215176453499756,-0.5141469269819227,0.0915395682197538,-0.8799799711023032,0.3245026517574905
0.0608976625444183,-0.9175391947298416,0.3524668606777733,-0.1371441236540205,5.590021459468547,-0.6770375596295818,0.0938787348294914,-0.8781853919691202,0.3197406203039651
0.0583419811321112,-0.9131854130113484,0.345763700286656,0.9115616158227376,5.378095884948525,-0.9247423119974773,0.0951768653967969,-0.8682784564789129,0.3160100994857865
0.0652389244895893,-0.9011255627150632,0.3633551169439724,2.148654381641594,4.993396765705841,-0.9899420044975904,0.0982395441272895,-0.8657738835502147,0.3203694797713831
0.0773523725494101,-0.8969374478569982,0.3701096980812633,3.2167883018927133,4.6673476157140605,-0.7674143584741023,0.0990706481541174,-0.863939788057418,0.3352818734258291
0.0657302380069003,-0.8950188570756167,0.3668988776101864,3.5254682029405093,4.255049596511555,-0.6050889861151509,0.0968692091322787,-0.8616685306290874,0.3441360603688066
0.0658348189425244,-0.8988461074690581,0.3866165515993935,2.7709380464151168,3.856162983510991,-0.5943415517577576,0.097584449266496,-0.8643109752926379,0.3455262936864443
0.0700351327981647,-0.8993064303283137,0.3914846423491401,1.500545550662745,3.670176029985937,-0.6751433089106115,0.0974088360769261,-0.8668959286498376,0.3489285296620846
0.06682662623336,-0.8931390704759296,0.3851220383328111,0.5871561125379223,3.88914047310086,-0.859305302678307,0.0967947099343843,-0.8723046060035391,0.3447674444240866
0.0667663624951411,-0.901398141885351,0.3789299197832401,0.2660414309668869,4.248874336703228,-0.9835045457563164,0.0963496376429273,-0.8703033987660644,0.3406290034513584
0.0574888451132192,-0.9070875253948704,0.3747615782345774,0.3342511090060662,4.410936491001678,-0.9890784769870904,0.0939754452790899,-0.8684209142764978,0.3401951560970512
0.0674563964060583,-0.9040121181791152,0.3825479530902911,0.5857732129860258,4.460162552613618,-1.1621538890048877,0.095276018700963,-0.8724195194138953,0.3379052431269788
0.0707352492871148,-0.9014453070503046,0.3750000965328389,0.6834879178090263,4.468261429172291,-1.321967547301141,0.0981266659409326,-0.8675400523340061,0.3400929455226503
0.0600767851937997,-0.8981876354026894,0.3691106470660505,0.6101003141366137,4.437495414290785,-1.1511662026821732,0.0959992697067081,-0.8677073543331157,0.3394720082808978
0.0693183840338345,-0.8983310141077547,0.3765538612334498,0.5503980334878912,4.342774215387454,-1.1427878611250706,0.0947560438712349,-0.8699150864914501,0.3365690097886772
0.0654266812207308,-0.8979953490776276,0.3724813087783435,0.2582626604655034,4.262429190581133,-1.3319229270864863,0.0946125096498718,-0.8659699988095907,0.33820579898371
0.0630088116757541,-0.8979973993035792,0.3752981784883214,-0.299939631019312,4.248228687034002,-1.357818065343385,0.0920349640229673,-0.8659472859184313,0.3371547773578761
0.0685732807417868,-0.8972043947180814,0.3833755941247898,-0.8603107220486941,4.329789041066763,-1.4084147030344003,0.0919166947492214,-0.8670972903275609,0.3358171476761606
0.059504705711072,-0.8971288391837485,0.3838700990105974,-1.4089179497673736,4.408250221653876,-1.466393425689968,0.0937487986136861,-0.8688423326730896,0.3393684837502727
0.0585000041388026,-0.9007123688375395,0.3791004115377533,-2.0194712073409966,4.202336774903524,-1.55822001317005,0.0933067833619313,-0.8663607257178577,0.3415596500747168
0.0626740979184541,-0.8979069706441483,0.3710737481301341,-2.834876161308241,3.91482022661294,-1.756158123735399,0.0929321726253241,-0.8651709113690076,0.3409669727498268
0.0624964188809176,-0.8948006685572554,0.378275431907242,-3.806178532082157,3.643174659681064,-1.9579335190834135,0.092618122467627,-0.8689813566950442,0.3404348673504976
0.0607983518103286,-0.9051313050914626,0.3862472501656325,-4.894584232632067,3.230967546267371,-2.286611741978174,0.0906418272569499,-0.8678384986839942,0.3396815939944312
0.0617047303304944,-0.9040460205230344,0.3752911439604547,-6.110313649550159,2.979806002061507,-2.61763969211212,0.0953125910242939,-0.8675539807944628,0.3402356671646411
0.0633742856603864,-0.8939474621071655,0.371626800843738,-7.12023592232396,2.9278364045110408,-2.833888185053161,0.0982649691450767,-0.8680281155467059,0.3396906723351794
0.0597855304949274,-0.904188607427578,0.3815111203840174,-7.815138441734929,2.8972098386720724,-2.9185063175258943,0.0950268414984039,-0.8679357892527165,0.3356808417062282
0.0626941413545948,-0.9051488421295978,0.3792625880727705,-8.06499258212382,2.975829587770112,-2.834524832277616,0.1001520346902153,-0.8711885861777521,0.3330351991890949
0.0669461678208803,-0.9035059456605984,0.3728975939339821,-7.852701586727982,3.081831348170825,-2.743969769159813,0.1024132410288972,-0.8739235365463408,0.3333178878577478
0.0720587074538146,-0.9111748606038432,0.3734108021668918,-7.519044826683412,3.2507251691808823,-2.5695421096387987,0.1013279506275097,-0.8747877949283427,0.333498809897997
0.0772966469142555,-0.903269775171057,0.3705555640025937,-7.114025582854588,3.539959229251808,-2.377236255742685,0.1019088836505689,-0.8730621605520852,0.3324754131784518
0.0723335543022603,-0.9058392016600882,0.368817801473741,-6.913109945616584,3.749660394969566,-2.21941718061227,0.1005429013885521,-0.8701365815957727,0.3305938507360415
0.0708364038012173,-0.9044434110887198,0.3716945974500738,-6.990596875351751,3.89763192262462,-2.0003390485966537,0.1039940810146685,-0.8710558936570652,0.326291829161993
0.0745817247086833,-0.8987510486226495,0.3710780573099522,-7.050206443326908,3.969123292399203,-1.863680198772512,0.1026896405821045,-0.8744639378225781,0.3233279753995162
0.0744373451690705,-0.91377402861429,0.3607981963122456,-7.137339765417716,3.930672512039734,-1.6832568114670448,0.1006716446124319,-0.8740404906582253,0.3248579421450005
0.0689392619958065,-0.9111229040285472,0.3583312378154022,-7.058030597521359,3.969507362108632,-1.5660969881892328,0.1003326553338763,-0.873424672523825,0.3219092873649337
0.067145712718756,-0.9045949285809024,0.359802513020286,-6.759704605574767,3.980165411768927,-1.605482651762937,0.0999621765192437,-0.8737114420399958,0.3184625458950908
0.0707408805072661,-0.9043589105584156,0.3505591422410719,-6.492025222673264,3.854763845535831,-1.4825498390213858,0.106341520941729,-0.8719505943713273,0.3185628704138384
0.0711969495440555,-0.9046383731618128,0.3534750224940293,-6.354425415147682,3.7985724923848223,-1.3145130027719696,0.1065040717413091,-0.873417995821426,0.3135385175634931
0.0721431630118304,-0.9147322497353102,0.3560780556259029,-6.347773675333566,3.7486693794384327,-1.2987943441634937,0.1057596499035964,-0.8740255601341831,0.3127977593082799
0.0719545342360818,-0.9043737973454492,0.3491138449650537,-6.16902042899978,3.6533649474108074,-1.3276389702056954,0.1073864194785992,-0.873878488144601,0.3154596215397062
0.0757090314112193,-0.904149135875985,0.3539787192869918,-5.917743459368375,3.744545986942036,-1.2094260664510197,0.1064744928977815,-0.8759249250431232,0.3145288025808527
0.0780363511665444,-0.9187345752784114,0.3562995428086429,-5.899373075204244,3.899666692349328,-1.1055440029516277,0.1082446574505421,-0.875807479567092,0.3154386094129966
0.0719696682667297,-0.9086274840777228,0.350456998046816,-5.950902327321929,3.9689152439924857,-1.1113083030659183,0.1092688861478241,-0.8774902052190375,0.311926420262562
0.0729284623727941,-0.913898417713215,0.3471926816427003,-5.925639480422915,4.111286965061981,-0.9329698671321548,0.1102132730371779,-0.8810606996270097,0.3084266820669267
0.0762371228447286,-0.9241817544364892,0.3441009684020282,-5.703461076149231,4.2128755044743,-0.7547158262055814,0.1071736352797238,-0.8820043832180158,0.3081394030242592
0.0752964752053723,-0.9136707238196424,0.3467073032543588,-5.449732639264546,4.199501651600336,-0.6204123511685576,0.1067891529475157,-0.879553054053316,0.3066468629920878
0.0776486625965539,-0.915597328999318,0.34620975484613,-5.247893119863748,4.221898675497746,-0.3691079476465055,0.1095947938115469,-0.8784287588664942,0.3074893512588642
0.082956259926841,-0.9176106352677368,0.3341193684803458,-4.897917715636477,4.234371632676306,-0.1731290609137387,0.1071332573986459,-0.8805257185485382,0.3069519107274856
0.0808770849691438,-0.9128934488251452,0.3444206149060071,-4.682813824080549,4.234820227088197,-0.0269818775084698,0.108479888103494,-0.8801813551437285,0.3098919392321613
0.0737508112743022,-0.9089514611619696,0.3596581080480384,-4.550124098960123,4.114373424355774,0.0675261302203595,0.1068181627951774,-0.8781745117553659,0.3129694564039479
0.0698225870953335,-0.905883700739401,0.3448329628793362,-4.5341382871106175,3.8664009412880183,0.1254736909374467,0.1030064301796644,-0.8773662981015498,0.3067496310466141
0.0684561602729341,-0.916601465703872,0.3443398939037756,-4.982800953495504,3.801562839628257,0.0596712009383455,0.1017337007503117,-0.8787316363242602,0.3046577502376011
0.0713470080635597,-0.9181808106462556,0.349404259531439,-5.264400466366592,3.74755358129006,-0.1183566875565611,0.0987875903031409,-0.8794456172033311,0.3086646372642053
0.0691173440896819,-0.9100091736969182,0.3422987517868893,-5.521551416243796,3.6321982422924313,-0.2318394599391472,0.1000861482480432,-0.8796174127346164,0.3089824905128019
0.0638157153602828,-0.9102743848672264,0.345824068220157,-6.1654945301772655,3.8139294084056727,-0.5007664385385825,0.0998754640725914,-0.8826900564110294,0.3053285663283599
0.0679030663905661,-0.9138353188288226,0.3352910177897629,-6.444818667246697,4.241489108340045,-0.6831367865617606,0.1032626040877859,-0.8833483803395358,0.3021164984796825
0.0733986988789148,-0.9151929672001544,0.3312882031325777,-6.42973974440075,4.56312960299528,-0.6380734679558145,0.1089182196996149,-0.8845358474550855,0.3009674250764164
0.074106899616014,-0.9120080102900712,0.3395851104788551,-6.3704936932506495,4.656983819665445,-0.6793518097004444,0.1024639601042543,-0.886751300561756,0.2993829117593197
0.0751024865489856,-0.921761699913692,0.3350830572140849,-6.107576413990172,4.684754999826031,-0.6389355161942213,0.098893505784822,-0.8854588741021406,0.2983328832022623
0.0745232450095079,-0.9233269013423864,0.3361975381396765,-5.841738661204212,4.627609818415184,-0.6701661925211431,0.1030666315386522,-0.8861938301189632,0.296142932345624
0.0724659167252602,-0.9142412394471866,0.3310182223018155,-5.625205054146801,4.49384932160622,-0.776083768081335,0.1035941741490375,-0.8852722738612566,0.2937050014983678
0.068818147304236,-0.9182695474533884,0.3319836606892037,-5.471182887432299,4.376519845186722,-0.7354772015596992,0.1018015446419339,-0.8817831794532783,0.2938400980685983
0.0636576606993079,-0.9141240376522912,0.3407312182666619,-5.346191001939347,4.262999547662124,-0.8598908580578097,0.1032550807834263,-0.8839162506736892,0.2958979503440133
0.0710112146450719,-0.915447863796562,0.3323792174107621,-5.201251507337903,4.212208854737545,-0.9584375270612624,0.1044382215759982,-0.8854251556402358,0.2977583580381026
0.077037999922967,-0.9214895470590764,0.3293875158582084,-5.101276076670128,4.171347198624515,-0.8523347677544175,0.102526881574706,-0.8819533316752706,0.2943379038536128
0.0759327563142475,-0.92601883594263,0.3361091181299083,-5.020244619855728,4.136713946443657,-0.8220920456357306,0.1048034291512732,-0.8838989232716039,0.2925443597772712
0.0752863203632381,-0.9276557001408916,0.3331818434114464,-4.953692651797612,4.036565450734598,-0.8233595552356069,0.1065379274587979,-0.886415916178434,0.2949577457895106
0.0743367374659568,-0.9145493752330738,0.3248742703422081,-4.859298539755424,3.916221567602818,-0.8415410164015966,0.1088039388157194,-0.8834277943310445,0.2935512105949761
0.0832222523469607,-0.920143876767206,0.3371777178705698,-4.65672769016431,3.961198492859221,-0.851057631836482,0.1111259716927661,-0.8841513615501997,0.2916904148076005
0.0785470628140629,-0.9207946668881823,0.3383178196214062,-4.358704514272082,3.951155297839456,-0.8007484860852306,0.107407282915187,-0.8871289021036122,0.2924871649824404
0.0793222296366109,-0.9172383168412884,0.323011850020044,-4.063824682693636,3.927927721258863,-0.7025399435226581,0.1108001077621513,-0.8888800914918725,0.2925649642066096
0.0885350612604804,-0.9292316650736931,0.3247217788335549,-3.9238275965811176,3.968150613923536,-0.4916901870017353,0.1122366853845449,-0.8882865560003166,0.2878520224031236
0.0777341396919252,-0.9229354070768,0.3153565371893641,-3.913051781108843,3.931710476131679,-0.3888086331388255,0.1077003184541866,-0.8860387903187286,0.2841457987411752
0.0742413566732612,-0.9290884567617036,0.3234530710488934,-3.786873651400229,3.986092586533116,-0.4043663604474705,0.1094389152024134,-0.8841828556121998,0.2871519284331719
0.0702395888045195,-0.9277539025189172,0.3315074882429068,-3.550564886062101,4.119893659357477,-0.3912674997914643,0.1084768974099295,-0.8826115265010487,0.2879968346479909
0.0775208010359088,-0.9120774567670176,0.3199123029071239,-3.4398799869879504,4.210405969952726,-0.5093376328481812,0.1073104681089479,-0.8852965980175092,0.2869813398199637
0.079838310815814,-0.9228283122422716,0.3309297517096227,-3.5022899299945167,4.356478646003282,-0.6653340646901931,0.1083767681641722,-0.8857158066449706,0.2877071158404619
0.0680680955936103,-0.9173382366023332,0.3271075612234486,-3.774048703334355,4.607216827748918,-0.7867411549861322,0.1084179536006523,-0.8839770365076618,0.2866061834334847
0.077914182314217,-0.9163767086507008,0.3275082660784211,-4.224894461381672,4.825359663394406,-0.9355356197140058,0.108203687374272,-0.8860054281602808,0.2869614281314337
0.0689277172920122,-0.9315975504366556,0.3301456662015526,-4.682204283762577,4.945045555481249,-0.9520022328162052,0.1075693738192233,-0.8849968271005666,0.2887535976614427
0.0665877542366135,-0.9204478625701392,0.3150052508379467,-5.177436690963912,4.818159322710166,-0.7876940686595145,0.1069311272911079,-0.8849470612855548,0.2878665369655967
0.0779074420336442,-0.9182972484872998,0.3203240195459055,-5.732652755143221,4.484244513667069,-0.5863231749253383,0.1053308092833052,-0.8868490054099245,0.2851902329909282
0.0703159063311837,-0.925843986872907,0.3167377946330947,-6.25502789715161,4.344011366794102,-0.5231843489926779,0.1068420550597076,-0.8841226831465709,0.2824020276146274
0.0736517006874714,-0.9135720710600151,0.3123903110920534,-6.674927521262513,4.20783245594942,-0.5876251035384823,0.1040731571205566,-0.8831750000593501,0.2812670078397896
0.0739209084645532,-0.918265483466862,0.3208661616525778,-6.605834998093643,3.995418832044013,-0.6366513130299476,0.1033927102107298,-0.8878118069452018,0.2802693690554996
0.0739218427530489,-0.9321210236192892,0.3167239814075931,-5.836847931342648,3.9830758974520433,-0.7034228749224128,0.1082401172481253,-0.8928612379156808,0.2768509713961621
0.0766776908545283,-0.9273911618323056,0.3179885681079715,-4.957665349667434,4.083679916980757,-0.8064661785010122,0.1056508733130954,-0.8953815078827362,0.276071822014308
0.0752821900644915,-0.9329041372172024,0.3225961940121473,-4.378757096081603,4.308857706601914,-0.8578812456072754,0.1080861165476361,-0.8963961909542357,0.2802987941649757
0.0805224786668347,-0.93429937579795,0.3163731121435228,-4.318198151474837,4.636622386208015,-0.8824001933964436,0.109724478013333,-0.8963188631759826,0.2831557017803145
0.0780428388031407,-0.9343099864322176,0.3038169817093591,-4.792750416786625,5.09055377997435,-0.9730672862918208,0.1060809647971488,-0.8958932064669127,0.2796820536506328
0.0764141132244182,-0.9373356721948458,0.2934551093279108,-4.786832120654873,5.607869847363753,-1.0520143826140589,0.1052044688023217,-0.892163327485662,0.2684567232609146
0.0745224932271992,-0.9217911419264246,0.2938466117489058,-3.982370090625447,5.889845872084175,-1.0686181212184376,0.1012961502209173,-0.8866396311251104,0.2570396580953649
0.0708634267334916,-0.9277680690681452,0.2958986631417309,-2.8032189472077604,5.921851268930272,-1.1327114990712164,0.1042041841959898,-0.8909643246315431,0.2592692951097731
0.0772019577700631,-0.9317540079449912,0.3014572774103021,-1.2080619607074763,5.698726364168476,-0.9745150597936986,0.1095753267646844,-0.8935629154240934,0.267556941166328
0.0742039481948933,-0.9179594882567296,0.3157347093281055,0.1301811025143763,5.319490768232145,-0.5486879333020762,0.1085321612738746,-0.8879163900641537,0.2706590285079731
0.0713001602239419,-0.9251157595425088,0.3161774758130825,0.6276266899241826,5.03300370147495,-0.3042246135562496,0.1078547812462428,-0.8899140673456639,0.2741178356741036
0.0753801491781651,-0.9250938772888828,0.3099520854417336,0.7293426826552197,4.745745883467908,-0.2146848407163724,0.1062807075105717,-0.890407837367591,0.2742528121288758
0.0729933561634269,-0.924517649648085,0.3149438488441246,0.759981225561955,4.350132084692435,-0.2509656999182946,0.1054179928417497,-0.8866438342877501,0.2735812656560562
0.0693872636877225,-0.9273746601816002,0.3133343049917184,0.7120842370468624,3.922425992112845,-0.4651627407753667,0.1090769807896225,-0.887099282263643,0.2764729032880374
0.0675400045654496,-0.9195275663334208,0.3059514939557465,0.7381909152496882,3.2599857311597007,-0.7502248860696556,0.1083124512314769,-0.8869191508175902,0.2741266167047486
0.0708817092239563,-0.9239852193325584,0.3077760935888297,0.969448254664521,2.451507997254526,-1.0178023460456351,0.1050083565759294,-0.8879332037761622,0.2724830511028011
0.0698828132349056,-0.9223386608183712,0.3110590740561864,1.2305597679824796,2.1973706020655657,-1.021184177302482,0.1093639853297532,-0.8872497355401422,0.2745366713015778
0.0731153648519223,-0.9211452937660936,0.3099771057781157,1.2889811868031733,2.5425760933802177,-0.9045556181348344,0.1087109208244438,-0.8863361866356889,0.2759393836741969
0.0786006981039685,-0.9296641803994928,0.3162895608399109,1.0313247284522675,2.9512191768650715,-0.832302895977947,0.1087647494810549,-0.8900985214324413,0.2778830964359595
0.0780823383953145,-0.9271570053163952,0.3158560138033254,0.6543888393571134,3.3662624710337687,-0.7912715147661549,0.1129898240670579,-0.8900529810091726,0.2756608178523396
0.0832260774281658,-0.930741279171286,0.3103857877326167,0.346842145694023,3.70626201970673,-0.8449719258840797,0.1088576978463928,-0.8887263789654067,0.2750642455782233
0.0759257706053223,-0.9326025971344504,0.3241411811138475,0.0719438853927682,3.77724467593568,-0.7985489763701115,0.1105016092519434,-0.8885108963020494,0.2783446839326751
0.0748888613741806,-0.9281324022958451,0.3227127577030995,0.061417638949482,3.8351326776947623,-0.709784312945912,0.1106735955666175,-0.8872922934820933,0.2774113991141524
0.0789819083435875,-0.92906924731849,0.316688611859007,0.1990875183153427,3.9008302445717433,-0.6782112075651985,0.1062719914857858,-0.8885467539135185,0.2767200708458661
0.0732990055223835,-0.9289947315031226,0.3244786128391898,0.1628725482441164,3.866431915569573,-0.6965277345175218,0.1083142087921056,-0.888886018199116,0.2800997624434403
0.0847051180788525,-0.929486565445962,0.3145394161683216,0.1002939473179317,3.820219283390953,-0.7505884561117129,0.1092212910326345,-0.8883438770501546,0.2830989055635231
0.0844812452668808,-0.9245919619994206,0.3159303959526067,-0.1082665067120006,3.711683793858395,-0.6068290691371603,0.1114197805939096,-0.8882158315044317,0.2809814524853964
0.0751300167238621,-0.9287978338890888,0.3178727193441015,-0.443928479938288,3.631415605605933,-0.4461505749935236,0.1110324776506978,-0.8881181032270724,0.2819640762729638
0.0796687749783268,-0.9359932329612232,0.3074885288913268,-0.6284887508644774,3.594829343187789,-0.4115148463606173,0.1123047872053678,-0.8889708524200501,0.2845724226529134
0.0769641698091509,-0.9240516198591552,0.3182267625974243,-0.7857386903398287,3.614357369630236,-0.3152705125638934,0.1150990851971751,-0.8891349603724295,0.2822398669279412
0.0797878997854364,-0.9228300281538644,0.3229125083699991,-0.8780912215234269,3.723380446698894,-0.1593541505651598,0.1114162912180801,-0.8899479356938326,0.2813449293524207
0.0841530929529842,-0.928103891183694,0.3149092323057282,-0.7333230744168586,3.787830609247033,-0.0647830526109322,0.1115421757365454,-0.8899080431368043,0.2771102708815288
0.0803716803476949,-0.9274794433356444,0.3068808270192856,-0.5090214027947965,3.9174198199327495,-0.1463467000327256,0.110223865922056,-0.8886356381957344,0.2782921117689472
0.0798222595115776,-0.932784694831902,0.3044692025912361,-0.3809164233470697,4.11577003201685,-0.2914226240392678,0.1094591892253247,-0.8892614164285964,0.2812121338303379
0.0754415529096473,-0.9271925804568132,0.3174053537898806,-0.3266711204439322,4.308465357036844,-0.4533407934307656,0.1111135532245985,-0.8875939599046218,0.2773023481829309
0.0773896653014384,-0.922296088627021,0.3219154781812624,-0.3286120708759626,4.509835514694049,-0.5363743739347108,0.1095160387733119,-0.8848011311049677,0.2785130798247239
0.0789168091564248,-0.927182439905622,0.3084183898635431,-0.2661587490096558,4.538804234667371,-0.4859221034819125,0.1113473207916419,-0.8866940150511804,0.2763407702199158
0.0706732910801766,-0.9245061006385088,0.3041841187777137,-0.0819410577949346,4.4170304097857365,-0.5034687468920087,0.109289265008181,-0.8889798487716344,0.2771714829192588
0.0773436661498109,-0.9234221572233424,0.3183534039542883,0.1315595868795985,4.243433428762348,-0.4393290433092122,0.1074735894242512,-0.8870629151246365,0.2795857893240548
0.0828912849291334,-0.92458580020303,0.3157089238708607,0.4739450389507911,4.047351750182077,-0.3302908987210209,0.109000508401354,-0.8867646603492986,0.2755173791527148
0.075919910551313,-0.9221242596246484,0.3080206235626891,0.8625205886948418,3.9382863238149968,-0.3417873779738642,0.1075281077588395,-0.8911663426963923,0.278449116290119
0.0809287958092657,-0.9262632230242408,0.3141539577419324,1.1386739082346338,3.8244624381953023,-0.3015699225573244,0.1100187959061727,-0.8910714976087895,0.2806062127588031
0.0808306007349202,-0.9310223631767314,0.3133619324861827,1.276795536580884,3.757033309616392,-0.2194149202735214,0.1105147596412387,-0.8885282083744492,0.2812706875945947
0.0775297778283941,-0.924190598127841,0.3221388321342702,1.2376339721964444,3.867804737851998,-0.2253324155149932,0.1118785117762661,-0.8888368856114235,0.2829478229330373
0.0823295611481091,-0.9193683627544974,0.3207355926694398,1.141546501579899,4.006568276532774,-0.2723501909881708,0.1144947870664512,-0.8872277872300067,0.2814453320725869
0.0799597540733063,-0.9266241969635368,0.3175990162266211,0.9710806762155082,4.123065070117248,-0.1866049650790212,0.1115891291698664,-0.887220265591691,0.2817538834021534
0.0850296907033314,-0.928130226789232,0.330474705234819,0.770544348338384,4.269537430622109,-0.1728606557288044,0.1133023151401344,-0.8872578211439687,0.2835779137925293
0.0767293333916915,-0.9189512574750932,0.317757621566301,0.6793203712017527,4.378940707756565,-0.3293526470626269,0.1114682099590747,-0.8864433911750228,0.2839496447812938
0.0665319112212571,-0.9203523495152072,0.3166080407656857,0.6470726573708311,4.393750301341054,-0.3436358019665289,0.1083687147968218,-0.888814113458506,0.2821004980572379
0.080658920392806,-0.9280128347472476,0.3209873293087346,0.7731686990479039,4.387356827457971,-0.2523742220495429,0.1138523513248333,-0.8869602932333192,0.2837298385811623
0.0777144527146312,-0.9256874697199144,0.3118659387186795,0.9649380794333716,4.27161946566742,-0.2139226429028896,0.1131077230891534,-0.8843372396460715,0.2846096579854665
0.0723970206765942,-0.9235844405753568,0.3221144240108095,1.0208742899018652,4.13306950310276,-0.2920859069919697,0.111190979148656,-0.8871568545572829,0.2834754046288787
0.076469096914029,-0.9214999305578973,0.3128785498559191,1.013609479809891,4.193498554850877,-0.3489789710031687,0.1144211727085318,-0.8874490348700678,0.2841832283871308
0.0800232586943116,-0.9182584156736856,0.3098199253878937,1.011288286863103,4.200329965394992,-0.2811006985288445,0.1137815105995638,-0.8848111363739363,0.2834504761222338
0.0850824031123824,-0.9265874702363353,0.3238929051910415,0.9885446176621836,4.170907066613938,-0.2516235144528341,0.1143369827932478,-0.8855756850281089,0.2863918973316693
0.0822275521770408,-0.929234102837384,0.3177942153295402,0.9172120173720154,4.181096607499011,-0.2298944552579079,0.1154579980775316,-0.8861475138512402,0.2872155884439169
0.0761664504951357,-0.9169994358409734,0.3256170857541333,0.9665248930110396,4.104605400178411,-0.1879317194771136,0.1128134430748256,-0.8841020221867855,0.2860662832917061
0.0742049378884921,-0.9175794312676964,0.3259679312943124,1.0554115251493563,4.053715129219062,-0.186526111044678,0.1115945371659638,-0.8852766684273838,0.2890162158235848
0.0850001680230976,-0.9242868268645396,0.3203023805174311,0.9920367095332996,4.04112430059806,-0.162350980184029,0.1105848379875576,-0.8866799691363348,0.2871610106127283
0.0798539617706757,-0.9250529968433976,0.3200468260352885,0.9937171934125206,4.111330630238087,-0.1262986145993765,0.1095148429571085,-0.8870423274366306,0.2842961995699534
0.0707939955233679,-0.9255071396085648,0.3059248155877461,0.9548906143223224,4.183032505799716,-0.1369351257633335,0.1101439316462537,-0.8873242331600154,0.2872374092944022
0.0841131447528251,-0.922094645441634,0.3231161568125443,0.6806258632822153,4.193750882282807,-0.1178972414320249,0.1106718634667706,-0.8861184286988503,0.2893960415978016
0.0830508536112971,-0.9250842603772482,0.3267416433997988,0.4425390511224698,4.208601294986094,-0.1270113751295733,0.1117026037026234,-0.8868944825920451,0.2880129187680376
0.0761842931060505,-0.9236591477945956,0.3078208668734929,0.4527406513439828,4.16936256468126,-0.2011686665245252,0.1118547930582723,-0.8854691833372024,0.2866104039234353
0.0775106722967944,-0.9221081088139228,0.3270400801523029,0.5861659815049955,4.189549667278605,-0.2015456541781277,0.1109447829835673,-0.8856502288754562,0.2844499269691957
0.0805076804720736,-0.9286426075066878,0.3260341184894773,0.6957160005447587,4.25225087185982,-0.2528985809168821,0.1107084620334912,-0.887761008842459,0.2851477370259028
0.0827246943929351,-0.9224781240780334,0.3190132185757289,0.8583384250985212,4.256248433897788,-0.3393663211162202,0.1106588245070173,-0.8855826873129111,0.2877139576106771
0.081670775673098,-0.9232020987735564,0.3295329868915135,0.9830697356309216,4.254819743860045,-0.2861397633432717,0.1116958116155879,-0.8876746520971655,0.2864206703503922
0.0798705897026446,-0.9210892766839582,0.3224702385309926,0.8708559483660244,4.271525761277856,-0.2007915231601479,0.1116078618325432,-0.8862815754947448,0.2869941705029477
0.0760844103257706,-0.9118230676243172,0.3255702180870328,0.6534905467047428,4.290087219951416,-0.1300004332672536,0.1094214035026032,-0.880037854992999,0.2892014798740673
0.0790867041146808,-0.9177813471056442,0.3244474285489897,0.5739749540881803,4.2132684872487705,-0.1068842995010795,0.1107992098726069,-0.8828319825672277,0.2918300690343928
0.0787837824721001,-0.9171822036833386,0.3260534355089307,0.6730209533785424,4.056052223926758,-0.1236968225875674,0.1137082571861831,-0.8860504866827456,0.2919256568583461
0.0772068508400612,-0.9167033716928602,0.3365359534906905,0.8832487471504802,3.9896500336022953,-0.0874262167030909,0.1127065639613071,-0.8854796683912625,0.2900489249562563
0.0816362401917578,-0.922870209914864,0.323654673878499,1.0316903322799886,4.080157772413963,-0.0841397688259069,0.1133612239059948,-0.8882028840696464,0.2919877736386351
0.0819412032649697,-0.9293971143667684,0.3236362441064823,0.8768374401724408,4.313957679983529,-0.1812944721486448,0.1149898930599262,-0.8908328840668084,0.2923587665729576
0.0820298388239957,-0.927693795576323,0.3347924863711047,0.5007443994431826,4.616096362064165,-0.3293923314836389,0.1125977666829562,-0.8892383715000878,0.2956648676526793
0.0794442206701873,-0.918098223270432,0.3341046056503124,0.1359501603554928,4.827345149821347,-0.5051185914562649,0.1110790417579392,-0.8882911152032419,0.293207679918442
0.079707692397098,-0.9224988792199916,0.3292986640719354,0.1712706668734858,4.996437585642592,-0.6873444966576288,0.110445812999478,-0.8882951899838114,0.2813125681648779
0.0802213709507559,-0.9238857368870832,0.3186176691755794,0.8737902821336554,5.170403764613999,-0.7409190320624809,0.1091085968063215,-0.8838311058940185,0.2770044452832493
0.0737231125799315,-0.919494621993142,0.3196429028976213,1.7559358385580368,5.268350212178245,-0.6807869156944699,0.1097955643523872,-0.8811940032709318,0.2784156851482264
0.0700899862721167,-0.915306473157192,0.3265536120659866,2.632004230158874,5.312071018202832,-0.5972406523379795,0.1129060349174537,-0.8835557541010837,0.2864134523438838
0.0788071563699054,-0.9155209549904816,0.3372859533295492,3.4716113550405274,5.127809642770017,-0.5286166122657678,0.1139762858691519,-0.8834140643736504,0.2929255249147461
0.0936093608995758,-0.9254752519475318,0.3453468483945678,3.648346556881674,4.787248024049118,-0.5707267874956545,0.1126543331503686,-0.883150510119084,0.2930828664106121
0.0904026165761095,-0.9251593157073768,0.3292363797133466,3.2672519523478107,4.552544342038418,-0.5570832636272995,0.1129429636827443,-0.8847278025512401,0.2957143973742644
0.0836839153106925,-0.9210190684664183,0.3297229113890421,2.886308728310858,4.327185663613101,-0.5017190642358701,0.1127697980262725,-0.8831777475763884,0.298852715904209
0.0859978833431327,-0.9171519466928786,0.3430124922360875,2.497384853312247,4.254369313928869,-0.4574486903166711,0.1136077078415714,-0.8823458917594318,0.3003562672211827
0.0853427109839932,-0.9159601872993544,0.3380235022798703,2.207723025408852,4.333174026556949,-0.2805239052540178,0.1128468942236654,-0.8829121024716753,0.2964444329739766
0.0833018850457961,-0.9135818302670338,0.3422161448633511,2.0910704571772536,4.304924909570013,-0.2131080374485758,0.1127127839565111,-0.8827405046864988,0.2962758701467029
0.0799126704450216,-0.9118163825332648,0.3408150582715402,1.8046646621258144,4.296305129121972,-0.2507998625686783,0.1148351039694976,-0.8816594481567852,0.2991518993275274
0.0819216652476285,-0.921005120973732,0.3289889345162888,1.4492835995126436,4.31565520609873,-0.2331226495453039,0.1110741888367214,-0.8798840959787377,0.2985452453252437
0.0761422097080419,-0.9128324358587788,0.3343554733479019,1.2498021589322452,4.236192495099728,-0.2593311886444846,0.1126298983883735,-0.8832786894203082,0.3008877675580129
0.0711608333190899,-0.9074329108270324,0.3353131837283232,1.0107300068208716,4.1641804831527125,-0.2918339855187004,0.1130372799864012,-0.8829562088797317,0.2993504522736756
0.0839279390351583,-0.914617694508052,0.3302449309732216,0.8970306375233151,4.244272124000733,-0.2365812139573366,0.1072710671044043,-0.8796150053094424,0.2971081183702488
0.0823904564494496,-0.9142402749109256,0.3321303962051316,1.0429660741963602,4.359791199319236,-0.1781901123161173,0.1111264677394672,-0.8832447296941481,0.297348371215315
0.0747123779776104,-0.9198812906593103,0.3396237129437542,1.3027809199541651,4.349669620527725,-0.2533830207936282,0.1109303463043367,-0.883975625449304,0.2978194753800426
