ADXL_X,ADXL_Y,ADXL_Z,ITG_X,ITG_Y,ITG_Z,MMA_X,MMA_Y,MMA_Z
-0.0353406849444752,-0.6765592718082435,-0.1514210586761795,5.74735801876148,129.98010397127902,10.867354949994636,-0.0268412578112847,-0.6533458015376213,-0.1834445329307781
-0.0467014966818952,-0.7055282703039542,-0.1154710330841644,7.070942609846491,134.8536025612819,10.496448434797864,-0.030474751450779,-0.6732516620302448,-0.1488067752605245
-0.069687064894585,-0.7232397169929392,-0.0901504428076808,9.790508465623535,140.138778910904,10.350594204607283,-0.0562921302963562,-0.6937757479329089,-0.1233071832896466
-0.0728128680600198,-0.7242214090278858,-0.1061094105518574,12.46029992384814,147.4674682786012,10.42049526835221,-0.0619307129221176,-0.6971043426014737,-0.1310029834625121
-0.0617153429418306,-0.6888495949655857,-0.1363129129893653,12.931561153782091,156.22166460308298,10.190409615550308,-0.0450733310799737,-0.6700537160879616,-0.1545909380996299
-0.0394195726414513,-0.6120108243403544,-0.1747800660271991,9.85573065154694,162.98524513347985,10.361384602476043,-0.0250044585045795,-0.5979037215599423,-0.1957068618733748
-0.0316576289227493,-0.4911250026822925,-0.2397794955318801,5.026609370181019,167.40921380305207,11.245965803604054,-0.0098149186795487,-0.4732697286912677,-0.262736850433567
-0.0357549146442286,-0.3803476375394558,-0.3028991420728127,0.8688929752288311,171.5217211031898,12.734689291287324,-0.0163612951683509,-0.3620989119436458,-0.3199486332467428
-0.0390366033693234,-0.3508211817772492,-0.3173681322185686,-1.3980234274739547,175.87016445880548,14.259882455395864,-0.0291766365628595,-0.3244642006418464,-0.35006891841799
-0.0647387454505744,-0.3762690658856384,-0.3126052653169026,-1.0625410689388413,180.14202426148765,15.151836446354176,-0.0438395263163793,-0.3445319721791804,-0.3620553569961549
-0.1003937758823803,-0.4073820577151538,-0.33235314575902,-1.580241934019564,182.10492029754803,15.57315373601454,-0.0735930921712092,-0.3841574170875051,-0.3624201641373707
-0.1531195714266497,-0.4511664457028256,-0.3554031596099153,-5.816596746855599,180.99554770267625,15.975922007742676,-0.1243735781855484,-0.4322142614122371,-0.3910260714479318
-0.2146667917111027,-0.4963095363252153,-0.3897053391026378,-11.55009302826864,179.36618007618748,17.106538678600355,-0.185710072331725,-0.4816040388566273,-0.4341368804405933
-0.2385380696016059,-0.545795809996771,-0.4105644316803482,-16.48525757396189,178.97938011144197,18.981525094303205,-0.2197361362772537,-0.5245027146002283,-0.4392619923384698
-0.2418545432968929,-0.6070677211408554,-0.3760416724163891,-18.09941069000457,180.39669902271777,20.236391445721026,-0.223657878307327,-0.5721722828286164,-0.4159654774888703
-0.2403937677562663,-0.6156006163788919,-0.3557524310288775,-14.840224956402896,182.98772460761103,21.35793741034289,-0.214828217273462,-0.5922297136128577,-0.4023203153431454
-0.2222298063667197,-0.5586411764889275,-0.3738266492786792,-11.47764319699026,184.0841180037528,25.398176452223893,-0.1979756026349325,-0.5400567017543194,-0.4108272652472747
-0.2341105032042733,-0.4770817816278511,-0.3660423748547246,-12.6323298901429,181.19238996971345,33.548198571287024,-0.2103899649919807,-0.4531127664021098,-0.3976976371424605
-0.2839477898993204,-0.4173226570721367,-0.3130399981444609,-13.257423999281151,176.70391810898045,44.220240455544136,-0.2628798045046415,-0.3923374677096847,-0.3419399610253858
-0.2973067034984162,-0.390123682305475,-0.2541802829437992,-7.739183212094823,175.6250351854184,53.80543336613813,-0.2872432582915368,-0.3603530799480258,-0.2845330547372855
-0.2419305024243329,-0.3577437438207839,-0.2417043748222147,-1.08310826053091,177.28976926745898,57.92272712711564,-0.2356758210191451,-0.3406676063734368,-0.2707167082370474
-0.1336349228916964,-0.3485984704683275,-0.2216065442894161,0.7306522854209234,177.1222213203713,54.84622844302804,-0.1256140825136287,-0.3266565787318176,-0.2514238717972669
-0.0378700142357274,-0.3584420171227755,-0.1342338537333404,-0.9201453198163952,171.9380137635438,47.72700617162795,-0.0202857549605581,-0.3247282544404358,-0.1623059243461606
-0.0231149781415131,-0.4290692811140463,-0.0439173218062148,-1.85996409595973,163.16839690457624,41.41592861694064,0.0012733046805785,-0.4002990573004011,-0.0756362016699536
-0.0517545435413844,-0.6033767982456237,-0.005581054384615,5.251754090985605,158.73419075803062,34.84742566044945,-0.0319899480708702,-0.5572175969547901,-0.0342324589443209
-0.0488609541768928,-0.7029863009685448,-0.0957177605074023,18.075629114650816,160.4175848564635,25.354175827992847,-0.027518125508464,-0.6694936218858086,-0.1094848820096245
-0.0716402140472712,-0.6766379816178663,-0.2558292540584913,20.296587093062666,161.69222822510991,16.305630003390423,-0.0429148659362004,-0.6621870474929323,-0.2728296648970752
-0.2605241274583785,-0.6057185817428379,-0.2652848033404756,14.855619089748345,160.08340557234604,11.784395894540118,-0.2191277339821211,-0.5755817946096804,-0.2955425087961666
-0.5861900849125327,-0.5230254029558874,-0.2301207063283387,14.916923150455098,150.00154453480397,9.899742115925742,-0.5411606097172903,-0.5053508099966781,-0.2658475983797649
-0.8520563475310561,-0.5148870774927057,-0.2735847161134229,15.928594255044198,129.3492619122165,5.266936606780414,-0.8120344370357635,-0.5082670204587092,-0.2985396345640965
-0.9526726022334372,-0.5999173949305022,-0.2583448904234511,14.548571665371597,109.69280957906192,-3.4435005212150847,-0.898235780840966,-0.5985925293769663,-0.2967587334468186
-0.8850220138193757,-0.7625252333309858,-0.3887919399243108,11.406571614857455,92.41528369879391,-17.301894988203657,-0.8366968416286711,-0.7629657033842505,-0.4245554499543681
-0.5956601094753035,-0.8834846274820392,-0.8018551505991856,0.3546402839840541,72.24902477277742,-39.425752901533954,-0.5906609301486325,-0.8718857876718697,-0.8006109899107392
-0.180604153680945,-0.8516859815747387,-1.0923770275940412,-20.94615611730262,57.5573080397166,-67.2769471666072,-0.1784474724381153,-0.8403967271844686,-1.1303384245621038
0.1654054493355146,-0.8441842144376073,-1.0827607581352656,-38.25766359880471,54.71131765476149,-94.76335439130268,0.1783867531996028,-0.7990507577577668,-1.1534187414832655
0.4375474286654108,-0.9510526092306132,-0.9328253145114024,-36.14269872763663,59.88633509044862,-114.9914722875814,0.4297247317462689,-0.867972807815993,-0.9982633127682196
0.6182615144269427,-1.059073232152616,-0.7305577984296838,-18.79796246459351,68.26296053128469,-125.7501288367328,0.6211586015302875,-0.9690198442596654,-0.8095539249569597
0.6762448646125042,-1.1051481078230223,-0.564878792671982,1.569871458606012,71.97863823446527,-130.67973402986604,0.699390817558518,-1.0271311611031986,-0.6152991166093851
0.6399218541389526,-1.0393116899224424,-0.5486648556696088,14.96449486630012,68.99867585518554,-131.8535418181479,0.659855327005916,-0.9797379762456936,-0.5912050968719677
0.5541078926039344,-0.8816081188937207,-0.6198911888598206,18.799779296940777,72.2079092806652,-132.5275695153475,0.5603861931273835,-0.8158887090813611,-0.6784151167413646
0.5540319184147031,-0.8862214851042038,-0.409322785066339,21.22530675736304,86.93385049113074,-133.07456053576504,0.543289990133622,-0.8108049074452043,-0.4563202230282835
0.7454881410981044,-1.1467141727804473,-0.0480399596004682,40.65365800178372,105.86231803273596,-140.0467531937554,0.7504394605619202,-1.0561803425107108,-0.0852825182089361
1.224296072539051,-1.365775014808534,-0.2556075985390386,69.30553017572782,122.04635397029736,-160.535079149648,1.2169566567915564,-1.281865386678343,-0.2735012161867162
1.7563785127725984,-1.4075469067647906,-0.7705158104455017,71.68340916966498,134.09965693528088,-182.4418238492412,1.727170002892094,-1.3295026774895282,-0.8046501659890877
2.0010231989635128,-1.3370153692460955,-0.8827482702450791,59.84597638318821,148.77512683512194,-200.79282182964613,2.005170022867109,-1.224665383886011,-0.9411693917686462
2.1518080655997416,-1.2265439138161505,-0.8031698548507227,57.22818000759784,163.2723007710668,-214.16296190997485,2.158543510740244,-1.1065435621640505,-0.8530729185006811
2.2308991082452767,-1.2154186200314905,-0.6938677645674693,61.28364108895631,171.89214194778577,-219.59431435416136,2.246384556213039,-1.1027873447882004,-0.7678788737838221
2.195699771082572,-1.4805780663100818,-0.405554046867609,70.92603277195076,169.19881272534383,-227.72181315135563,2.250776195735703,-1.3135702002542284,-0.4851675897760376
2.281532617251212,-2.2420510625574,-0.2665260396304398,78.95246211834592,144.44195607360095,-238.44998159889084,2.3676337320283785,-2.022880847908012,-0.3137064753757677
2.3904709126286603,-3.2425796479960063,-0.4183694592705562,82.65032943479113,119.5754144835754,-239.4209325192007,2.5075474563642386,-3.088810469290775,-0.4631826118659167
2.1659009726633496,-3.6022681271116794,-0.4209125628845548,73.91443009612134,109.38711052858146,-219.59008020037768,2.302076745341457,-3.467911373548099,-0.4895905131017857
1.4848220580325722,-2.9377657588525743,-0.2271420733981022,89.16981685828328,76.2547070328537,-189.1027802000274,1.6415003805439254,-2.759920844024914,-0.3044471007566154
0.7940086010217382,-1.652608425331994,-0.1343919336736542,146.0749757793326,18.97870080387803,-175.9023854178295,0.9084221818954454,-1.6067966461391223,-0.1854838548038554
0.4085234982843038,-0.432552543835101,-0.0381600404779303,154.26700342553994,-20.48716975335934,-180.45773247066916,0.4436793145201801,-0.5152742998939832,-0.0778619082884949
0.3164780363542386,0.1199334129385367,0.0316070002696128,109.99872634125737,-39.05833240383358,-189.43151979274413,0.3225727166529437,0.0930696588831955,-0.0115385639046431
0.5997479816207519,0.2294076171616786,-0.0419774084904946,86.02448051861592,-47.775707123745775,-195.8704802807676,0.6020368595904784,0.2625340514647679,-0.0708388611090199
0.9183444881423628,0.2293423375304888,0.1023237614726044,83.26820898057673,-50.11457441181891,-194.10020617182772,0.9236564790847002,0.2625646537158789,0.0680522651804974
0.9566793151064134,-0.0039153098553341,0.3246326275596686,92.6368287988748,-53.88782570405995,-190.76637291977727,0.9531677135983624,0.0326863988385093,0.2830882347218239
0.8689645335750218,-0.255457072492764,0.2559519495552455,102.7604761990234,-55.7387207995544,-188.99351068302352,0.8840300876877669,-0.2187490616104507,0.231983092811118
0.7433221112247109,-0.3710189212802959,0.2202943211373985,95.93869929140432,-58.74884531591063,-185.5437735057426,0.7771584473099231,-0.3548271325991398,0.195387489897139
0.6565010858852814,-0.4506318097778278,0.2798004605284588,77.13233797557336,-63.93596528761666,-182.03610635760404,0.6621158212277147,-0.440744271341701,0.2417544690605759
0.5877486049314651,-0.4795114312229543,0.3297314654336974,63.06273665038208,-61.07885160798047,-180.91534500212111,0.6029530833128685,-0.4494223598980063,0.2944288841874568
0.4194707586828458,-0.4092801552901408,0.4011967584610194,63.133496257689295,-58.41290358077796,-178.4406410277604,0.4443882766719087,-0.3800536471288031,0.3730417534282604
0.2793564135082204,-0.2729326196441978,0.3294188046997969,66.9177014574681,-58.65583499330343,-167.17291491802212,0.2932712340244401,-0.2642207109078351,0.3166947410996402
0.1746569137490177,-0.1701133227323464,0.227840824222955,70.52638258146236,-54.56561006044404,-155.74787205890468,0.2003047631227695,-0.1633434496788109,0.2199054007287052
0.1340679626526419,-0.0102344186713962,0.1102844654023575,74.36713239013098,-52.50215862018351,-149.0352563136545,0.149979893565253,-0.0029476195484554,0.083188272967171
0.3426942337362203,0.1875466128528683,-0.0282243047040663,71.28454083815097,-53.87682070573554,-140.72438364376802,0.3507401237655003,0.1933091140666168,-0.0628030636954511
0.5961742565184502,0.2178672463960163,-0.0012202000060495,66.92929510391545,-59.75130952310689,-135.1091498188131,0.6048800540931272,0.2376909979218389,-0.0269320058958894
0.6983852428264217,0.1481690290037935,0.0015580527902622,65.79824897490866,-71.87450628136713,-133.02549155698102,0.6964486137339967,0.1726005184063636,-0.0168381538611274
0.648850057658447,0.0909448285360223,-0.0312255099227481,61.63199434331003,-76.92496421990886,-131.04675507677305,0.633123128659997,0.1070532226327857,-0.0559515951020708
0.5318407597790935,0.0480336194437591,-0.037599218520778,53.5632256561047,-67.82109148068649,-127.27181131819174,0.5047719108890472,0.0580525594178073,-0.0740977485741961
0.5100576624513371,0.0258656475114166,-0.1403905236949292,43.92373962509874,-51.38109017507052,-120.23977215406988,0.4977282109308336,0.0332846681098388,-0.1705552923578511
0.6156644956154762,0.0191574978356623,-0.1866275724812132,35.636468699370205,-36.64335507136809,-112.6270163523062,0.6011280266419327,0.0353798037956664,-0.2127876829756847
0.8800754660185004,0.0622133958784559,-0.1430127314671408,31.667526838046008,-29.54856806642003,-109.3768784798362,0.8484840916300724,0.0923221847293224,-0.1765765944746086
1.1372702776656387,0.113571051589849,-0.1411232669498111,33.84485373998572,-30.294922490013523,-110.3092774148246,1.1227333771825232,0.1523846294586975,-0.1677991773992292
1.2959327066110788,0.1887405505655849,-0.2110684701656321,37.079644996599335,-38.326075658555695,-109.01784873134298,1.2941382385298423,0.2112675917367241,-0.2331647202773779
1.3229411403838327,0.3457657682720412,-0.3123950151587579,28.247787920779384,-45.13852294188207,-107.7137952549006,1.3121088622298154,0.3521854983982554,-0.3440021886343619
1.1819241949282129,0.4691485481993571,-0.3680834540995429,13.580127495003332,-39.82009826113186,-106.31646786042712,1.146935507304412,0.4793880014684222,-0.4027363919982151
1.1794194299430902,0.606892754545767,-0.4068241019905929,-2.696170912935872,-17.358697501171957,-102.38740841908836,1.1128919795331986,0.5791844898991934,-0.4387357428729722
1.2666331279041352,0.7291065094345647,-0.4147591833638612,-38.71623560270707,19.83185047026052,-98.28954998255342,1.1953124947326816,0.6806104975561432,-0.4509655788387522
1.4012293178420818,0.6799249240482806,-0.3718479194414069,-82.24494473434241,49.92721868340517,-91.45048467109346,1.3445428888604476,0.6720162582036823,-0.4133799808794344
1.6277757705244222,0.6287076584955804,-0.3065203868392542,-113.70798699962036,58.81664532057656,-88.55896572111448,1.5975171636072276,0.6340396302493136,-0.3444394083471098
1.7174988452503983,0.5705910139291055,-0.2528387476285281,-131.78651751411513,50.38661040689252,-89.70713079544126,1.7177114651186602,0.6028789644761907,-0.2951223256244908
1.7177242399659591,0.4100825485530294,-0.3009294918522878,-120.8581889344765,32.88158668521945,-84.03324980386567,1.7053533662411111,0.4868635939551172,-0.3520086097726871
1.5586143440408788,0.2261636476117392,-0.2554366946684786,-85.82102445115594,24.937262962679707,-74.44675758521,1.52936337174412,0.3056697305564653,-0.3051590065322784
1.3360246989004154,0.0236670057680184,-0.0718022896413836,-46.871855991973646,30.905553700947863,-66.82697469056362,1.327740575323275,0.0989530632476529,-0.1155617183795787
1.3023139798608816,-0.0115694436985653,-0.068906923764685,-15.337177113435608,41.147817808518255,-58.24942749444418,1.300166392422903,0.0350066250219296,-0.0953878292097243
1.3436677307419935,0.2300851122990291,-0.132406116672342,-5.718024532563004,50.17958575741453,-42.54321906964027,1.3318538366942896,0.2432095198557571,-0.1639876156353151
1.403298711134431,0.4867525309099531,-0.0880039589803067,-8.397068524648503,53.30887713932589,-26.380816795168403,1.396572739217052,0.51049113193763,-0.1447363693709281
1.3353258445445837,0.5926745343256814,-0.067371723499459,-6.406793501800588,50.72762897176035,-13.478168751437105,1.3324085162074604,0.6292608245428186,-0.1078265896260427
1.2540548276069408,0.5863273735142852,-0.0291642064357252,4.149881300990414,41.82450035896307,-0.7548434352604543,1.2488649296849832,0.6408122660269229,-0.0592539401384335
1.293493155886077,0.441848851401953,0.0675586066406843,30.336077617067797,31.769984538632222,6.505483213092169,1.2930756633780147,0.5228974154666184,0.0209848195306523
1.1433604343200403,0.2391946087786413,0.0950788139259492,65.02333378160333,23.6987689760871,17.468564854548603,1.155210499780153,0.3113879766588244,0.0593273379842052
1.0626338761396077,0.1386526549771078,0.049019757911615,95.07476312393317,9.25892743598522,28.89477237655468,1.0707154208342415,0.1948023077301728,0.0149972792580528
1.0498516596873482,0.0900646111922666,-0.0029261552573019,117.82099063278427,1.088828095518828,34.57969460792064,1.0278476459576331,0.1305701951604679,-0.0367320546504343
0.7706646460599081,0.1614223339271532,-0.0617032448537493,123.63893979894064,11.506517828683668,52.73134765135075,0.7442085612339275,0.1692410270409903,-0.0800164236086607
0.6719266920245633,0.5123987175199726,-0.0849223306557372,104.87988756655278,22.3529944698541,62.37850038008671,0.6510972736693627,0.490044964321043,-0.1083787065925169
0.6697975646945014,0.8695603927440652,-0.0542808382838143,69.31882887866043,27.407667607488712,51.49199210321814,0.6334544571389247,0.8118125616088693,-0.0688153691774277
0.6339401997847517,0.8507331338825712,0.0051018915313222,33.07830013274653,35.16028787783246,51.12625905231925,0.6010070436500846,0.8029954184475281,-0.0128810063245845
0.8071739597282175,0.5607245826195449,0.0985650875964305,15.069233403712976,42.4677248475022,54.6762935905783,0.7947478807591379,0.581441884228039,0.0550797126456995
0.7860758737376059,0.3085412996470074,0.1110943888165997,18.78604502464522,44.41284404248623,53.384107750691896,0.7941275070132681,0.3539247455962095,0.0764632197263922
0.6529225517316724,0.1832478962305265,0.029010981119909,24.088328915140256,43.72891926120882,58.99807462732746,0.6504073124618431,0.2041942376737674,-0.0005324996526069
0.6409883587353852,0.1584292456050584,0.0107512920905887,18.48800203615438,47.4856676779067,63.48906655662266,0.620629116991127,0.1687003888716531,-0.018610761032924
0.5770302610214645,0.1946897665494378,0.0492843769217879,12.630532283062868,54.16250131840484,63.08231361117575,0.5612066775579623,0.2158290585698439,0.0228797132980596
0.555436012401987,0.3080462971869132,0.0843580998317779,13.13994244101779,58.59787311202352,59.51215803179718,0.5400967892881579,0.3308935048813802,0.0484641017096046
0.5201587228339293,0.476918202969095,0.0750200670471057,15.973287014715964,58.7439641024818,49.73692319907804,0.5133132296559277,0.4812439896410354,0.0503384494680785
0.4912880308905465,0.5770933876520556,0.0413669647872996,16.599021450874936,54.370826248131,41.31256636071807,0.4766820263882169,0.5715259016292852,0.014500014590519
0.5411633148168455,0.6057315164891167,0.0467121232271019,10.951228287904556,49.49932596627609,38.45078170194931,0.5152453144173061,0.5988962979992296,0.0089885778480242
0.5954686657680829,0.5970189728631056,0.052576476584853,3.230310001424729,43.347097442573954,34.86954788645394,0.5844054666722167,0.5901513768574149,0.0222281676490115
0.6718836737935243,0.5517727075556264,0.0319444383140909,-2.695468994273081,35.60496971732119,27.360505208552787,0.6582635904451302,0.5533484855891034,0.0014484280383436
0.6939695248244966,0.4789009909166594,-0.0231469575701761,-7.700279576960411,27.097796591323668,19.42934687453432,0.6726075375241414,0.4900065930882332,-0.0446642296201441
0.7482803104109019,0.3714043671540716,-0.0392512793927299,-8.690250487907974,18.794322089895413,15.877369632058414,0.7383541099494009,0.3888318836609654,-0.0648759061545659
0.8687819207354212,0.2735320383367634,0.0143344343088795,-4.984855182719126,15.631731184743977,15.027825596157292,0.8599042082042555,0.3061147703603197,-0.0171182985849881
0.9579456460223144,0.2376463914452109,0.0105648829453941,1.8974664618226629,12.62414612108956,14.36534344971422,0.9380526594153938,0.278036657811404,-0.0038338980598455
1.087345767318851,0.26216377546939,-0.0127992976196507,7.293720689151147,6.220135423633675,14.595049944806316,1.07302550386546,0.287201020710477,-0.0366732360069133
1.2087931783886436,0.2682339423447061,0.0226322953489961,9.52347564800494,0.9137929944394168,14.666706977654709,1.207572399345716,0.3009371427461529,-0.0160831149195507
1.3064590672648906,0.2571802746583796,0.0424288096277938,15.775781925183246,-3.137298327874142,13.675354567403817,1.299264964417064,0.3018565487921218,0.0135189488432622
1.371692669958162,0.2813066184527535,0.0210407676399033,23.24958213909254,-6.446783292859985,12.722753960633169,1.3552569825161007,0.3134551779744483,0.0012828022886864
1.3316432793578223,0.2527061376956655,0.0094426182867978,24.36027760491143,-10.305245051270097,13.534292240460193,1.3287161908586724,0.2915787843117522,-0.0142286557934349
1.2611091273987016,0.1530015390299753,0.0146956898519611,22.21811495895145,-14.12797087398627,16.63941999491606,1.2635172376926376,0.1943676255538141,-0.0164364675544308
1.1910971194827165,0.0419967366003029,-0.0015127189933829,21.60719277445614,-17.458914675408852,19.627105231186828,1.1822542854101203,0.0796045549611404,-0.0300773747622807
1.125859020507547,-0.0317303890692789,-0.0098336578619276,22.370011733530472,-23.790578132637545,19.566734203589053,1.1291558108699655,0.0121009055209535,-0.0447037483515202
1.0922582525944482,-0.0136641968231522,-0.0030849985916949,23.05496964849293,-32.05993554511914,16.92506928531269,1.103852343446725,0.0188512054181611,-0.0452991062523362
1.085761255565029,0.0405037961017411,-0.0078150075538423,24.708081015660365,-37.46135563930451,14.97991173640774,1.0799596555894673,0.0769262229531992,-0.0380071275962916
1.0835798518848714,0.0965942163758333,0.0216072480038431,26.916579708281063,-37.07989178351405,16.352085799556033,1.0713855636176048,0.1389058189597221,-0.0080165663298196
1.0668139155845051,0.1602865625025849,0.0449554232549927,27.18120339659037,-31.674427294527163,18.67102919515455,1.0494493236504183,0.1860439882360315,0.0168700611578329
1.0555997554178072,0.1714784776576167,0.0251008294297808,25.26016189684549,-23.97287678912082,19.616968370975783,1.0331524865274957,0.1996492909054951,0.0008966976585655
1.0365818441837795,0.1068367231018568,0.0041062218912801,21.711215739568164,-17.901742563578836,19.1958044524416,1.0283797535913075,0.1482678262884674,-0.0303210784202312
1.0099972595157447,0.0099099462431496,-0.0453715002805605,17.72728334666908,-15.986443275579756,15.180620884953974,1.003809322858658,0.052335476331377,-0.067510559342183
0.9700012165640914,-0.0779199450946381,-0.082455423580757,13.35873464922329,-15.42026557045524,11.244585936249184,0.9679948571325666,-0.0419570220703907,-0.1030120174959816
0.929866102238678,-0.1473440174184604,-0.0729030720518701,9.378164577669796,-14.270540582329993,10.25197522516508,0.9363292270466111,-0.108725605391752,-0.1103675265433613
0.9172740331707366,-0.1663129060723723,-0.0729652893196431,7.718094177186052,-11.626061657159594,9.882532234266955,0.9127126096932894,-0.1255099031870544,-0.1073653188035514
0.89133593795622,-0.1492584725546416,-0.0695479933935318,6.902856841247291,-7.575036484195395,10.815163021521006,0.8864893887249596,-0.1130383188730139,-0.0989478225008764
0.8861931885590786,-0.1285536667157344,-0.0526935078858208,7.031966867321236,-4.561179737370541,10.168692495845958,0.877583225511537,-0.0907215418748217,-0.0812930240905232
0.9072801756436604,-0.0876715683012577,-0.0359133617971281,7.626204090604327,-1.1153571283283328,7.997095936106287,0.8905396227735838,-0.0548648450013278,-0.0692342317491079
0.9217435645022874,-0.0647618710876963,-0.0468410586705288,7.912318098954589,2.9415592384706786,6.407148434321541,0.9108587883401142,-0.0322444382694191,-0.0737504264573806
0.9490641265721662,-0.0626199889841026,-0.0833719811577286,9.643205299140384,6.284599039381236,3.270444129214783,0.944565100438714,-0.0281921641924661,-0.1090385981121476
0.9698635616080502,-0.0660012270535118,-0.1017030668873223,9.51003505810823,9.781189518290793,0.1527045438476064,0.9637719503988456,-0.0340300369947003,-0.1352154141978024
0.9909594025626496,-0.0740692542572976,-0.1069694702865128,4.930689240675349,12.369657237197517,-1.9603206815632024,0.976608977967768,-0.0432982583758123,-0.1351829356603424
0.9988383606762798,-0.0767753045754915,-0.0899382464143366,-2.1235584523333144,14.455103836005785,-2.2434748128723907,0.9955468557451224,-0.0503185885740251,-0.1313468338316837
0.9895051080068128,-0.1028544653748924,-0.073348004849367,-8.827672434706964,15.932503317310315,-1.0340963215462604,0.9923626874577084,-0.0638464941446112,-0.11598420590104
0.991100840616618,-0.1157800513107827,-0.0719892417906575,-12.919102500269862,16.12197378480921,-0.6690068403807193,0.9894840389052418,-0.070504448312232,-0.1038722753781831
0.9948557373697012,-0.1128771434599335,-0.0656035285338171,-14.384619269413689,16.35598703665367,0.1563568777227117,1.0008989925616087,-0.0725798046201803,-0.0971627313421005
1.0269322404121972,-0.1134032238739009,-0.0759982199561883,-13.404294388568417,16.13354362393355,1.1362158843467396,1.0230602133849542,-0.0709033357840757,-0.1011778230510611
1.0508504039153757,-0.1116444340706682,-0.0751343968694803,-12.960030356211746,16.640284551657324,2.416686371722656,1.0436516682633188,-0.0704885067883052,-0.1070060848531704
1.0320156651440655,-0.1478597288546129,-0.0622770162931746,-13.672905117613483,17.462726506578534,3.290213603751325,1.034523745924504,-0.1007572360486143,-0.0918799534645048
1.032009930646243,-0.1637652005075955,-0.0625324683577318,-12.62272204815424,16.72603655748343,1.8876457533554136,1.0319264825196153,-0.115191146072501,-0.0901812151809446
1.0422376895964307,-0.1362546079387709,-0.0654839030610801,-11.2627762169305,16.5185064078849,0.8413085427755472,1.0430862315756555,-0.0880648651689499,-0.0964501665483696
1.0433826108439388,-0.0990079078117845,-0.0687404195081314,-10.098482469526008,16.440448653528534,0.312145435350263,1.0366957089371742,-0.0564239635796652,-0.0975900834363575
1.03720923140486,-0.0550660576636378,-0.0604998048187691,-9.098682120493764,15.619010785474192,-0.1240192119237294,1.026711445659776,-0.0219333826811522,-0.0976483182315734
1.0022173387844653,-0.0442873305487191,-0.0588279743453347,-9.221533437543442,15.291413875505938,0.4366020836870973,1.005635143972745,0.0040639389246081,-0.0843219189612854
0.9814649789517068,-0.0365918366993319,-0.0542679854110879,-9.58220379966466,15.56158711974034,0.8477901437299546,0.97689849137328,0.0156257739406226,-0.0778127772862225
0.9818442330559882,-0.0177650442167585,-0.0420995468036427,-9.46235040576815,16.549288847211198,1.2730987730700116,0.96534397436938,0.0240644829486637,-0.0729776476221626
0.9718859413997212,-0.0099688206267339,-0.0464685217913424,-7.868551752023493,18.2563342198593,1.7420372587021058,0.9653530359530856,0.0272246734413226,-0.0659198422805001
0.9816250936090498,0.0012823254283332,-0.039872128483875,-5.58040943400359,20.21907708168956,1.9814920603499715,0.97404096767294,0.0338745302303442,-0.0667281621794162
0.9929771685853755,0.0094602070928551,-0.0238215726343633,-4.3930369060744265,21.68454952691824,2.416524140603154,0.9828027625528786,0.0470454083523327,-0.0591977654237624
0.987689811172053,0.020583167736631,-0.0153088429086776,-4.632476288638446,22.434096907638708,2.8612053882647164,0.9824902391836472,0.0531642950070243,-0.0465739199613328
0.9899149584608176,0.0264568732957006,-0.0006839576860338,-5.691614651580988,22.61140511514807,3.12970996644748,0.9835866300822356,0.050665227367072,-0.0339275419924571
0.9896716417692052,0.0169012121341063,0.014354410486162,-5.919707244046966,22.36768041272411,3.071420170742731,0.9916521659982548,0.0489541756627837,-0.0208787642488838
0.9951636778495008,0.0154048013022824,0.0172994728286593,-5.32629320854962,22.10544024628432,2.860388410279314,0.9996083270839629,0.0481250777511032,-0.0123463065072263
0.9989621982851558,0.0242585758978826,0.02585830813351,-5.184907411475654,21.77604761332977,2.8780489403590064,0.9970774238450908,0.0522168010759451,-0.00731706098047
0.9936131757696156,0.0282198532880041,0.0354561240496587,-5.6938443256806615,21.528506002449294,3.3711341346747283,0.9910538799131372,0.0590803853089659,-0.0001417500863274
1.0005207578802355,0.0213673060292584,0.0321748919539778,-6.2002441446794085,21.562128388615047,4.156249971548669,0.9890058117338184,0.0538324189000579,0.0068909122109299
0.9988621517425312,0.0105638933273345,0.0369579201256555,-5.734962513159545,22.162839641828228,4.724308375780875,0.9917087357685316,0.0454199665337972,0.0059108105724329
0.9942036852991828,0.0058426335572902,0.0374099354983418,-4.543279330230893,23.32953255671512,5.070036426208578,1.0012517058205093,0.0441292507805267,0.0059323816662733
1.0049778226549704,0.0101712897989666,0.0342770387834933,-3.5966340953228184,24.1688398470676,5.355667860069558,1.0053266583863811,0.0444013779415003,0.0089275686328703
1.014445249267547,0.0204704462246955,0.0449963101326349,-3.535399383678853,24.481172715863835,5.735627682349736,1.007167632384885,0.0483150011464021,0.0159061468705167
1.0128774366059206,0.0296962239309097,0.0602572457948467,-4.0989927714179775,24.56412882548095,6.191795811935562,1.0078009634414258,0.0576307299394354,0.0317901554253084
1.0041756610509425,0.0307944002601865,0.0758415760933652,-4.349850124354201,24.80518796341659,6.475105197163324,0.9964328566751772,0.0640313714380475,0.0429230672221109
0.9992040392008984,0.020025595837459,0.0766448452452105,-4.274785437739884,25.370612026650218,6.5575802376494,0.9874529374638314,0.0575402939754564,0.0450260366206816
0.9908775231159406,0.0099602846279736,0.0772016373372704,-4.117765410443236,25.92329529171753,6.524076517586743,0.9866881097354504,0.0435894555371994,0.0454030550521181
0.9881614582462384,0.0014972651216323,0.0770109573189329,-4.194214002710222,26.216848764475408,6.587156489125138,0.9865964969984642,0.0300616341387718,0.0462294896169105
0.993616754235744,-0.0191219251392458,0.074986414656328,-4.933857177552634,25.663011407950474,6.711330735946527,0.984740826292849,0.0145937787084215,0.0509891091113071
0.983625649178645,-0.0338102222858547,0.103253671394293,-6.108032053656415,24.670377827902666,6.797144230452116,0.9782552059190104,0.0023479559989913,0.0625194293504769
0.971764214093378,-0.0459542353912391,0.1103460761433359,-6.524078340625027,23.918676491579493,6.770322585339007,0.9695412000641852,-0.0093585091508932,0.075290984187465
0.9683482041477518,-0.0590783623540799,0.1057531800270512,-5.5194732248871,23.21157683200621,6.434883819483828,0.9665468352407732,-0.021565936556413,0.0828830877563676
0.9706022106916484,-0.0569874963890432,0.1280333132540065,-4.5055083289673385,22.655634458106103,6.271933525613333,0.9662814677169228,-0.0240794373219902,0.0834266151552324
0.9725496763479564,-0.0563324801777424,0.1092327088008351,-3.972277712367007,21.582075456097947,6.208918069457108,0.9647051181297658,-0.0181395173011201,0.0812316236795216
0.961229330798282,-0.0485788255310815,0.1027411344834859,-3.8526386728969775,20.192158764004805,6.282665361057484,0.9623717426357934,-0.0080957857919241,0.090071680924455
0.9550921391388144,-0.0353001835530458,0.139096406379493,-3.9367994151405137,18.88056007414806,6.554858782254121,0.9536056223231676,-0.0047216659159841,0.1058821207702283
0.9658149319156784,-0.0351362902460233,0.1375023564128981,-3.607192037876648,17.743829172382387,6.211175018813917,0.9551616697923916,-0.0095513754857974,0.1123399610644315
0.968032390091542,-0.0562914150113402,0.1446636027372216,-3.418014910904952,17.99652582642061,6.351825104524818,0.9616010645860054,-0.0237554630406322,0.1136570158809334
0.9517213645955788,-0.0887941312167768,0.1536255144154159,-2.1026232143379526,17.476552453516494,6.47181833399542,0.9589642365657298,-0.0498410597271563,0.11288596900126
0.9516697478684396,-0.0959790213984499,0.1297922577867064,-0.0881548829550464,14.931181235167534,4.917770199973545,0.963419291350348,-0.0632714380902495,0.108929429663633
0.9716185022585412,-0.0905186726926123,0.13495033301707,0.4546032971628291,12.737300675591518,3.3808490115332948,0.96876117713682,-0.0565134512850205,0.1061331691559124
0.9705341909878265,-0.0811172142712683,0.1396051347423997,0.0028733109918018,11.42859891270139,2.943316665923218,0.967585752835676,-0.0454252270827339,0.1027017703386004
0.9575152866187966,-0.0789064948204578,0.1371279543454694,-0.1124154049025688,10.38969930193414,2.747594079702581,0.9556707305719284,-0.0469524076741704,0.1043694125266011
0.9556638299905594,-0.0869441831478582,0.1463412568232163,1.533876525938651,8.756494267071021,1.7050336581948686,0.9505430849507194,-0.0507633999101915,0.1082484816746466
0.9583759893289046,-0.0804134882563871,0.1349536653160373,3.1449083856341797,6.927322477374104,0.3263718197901232,0.9591344131447824,-0.0412000017808562,0.1043556164432095
0.9648719670734917,-0.0786725026274533,0.1374015737726055,3.2992443888840888,5.47509896330317,-0.2864533861473624,0.960582706159716,-0.0392798276115736,0.1039993400867506
0.9702773881435792,-0.0772465836200146,0.1469153192762053,3.3444646112531125,4.053007767082728,-0.5921759865265149,0.9636111228859234,-0.0457685975639178,0.105130264702972
0.969252478318224,-0.0783904706937534,0.1388341185327731,3.302969313641899,2.961508631029146,-0.7085113412358125,0.9637882198799872,-0.0460241038568739,0.1021300656580995
0.9656741220410124,-0.0817287365457404,0.14064196652874,3.190020077470855,2.2768549820525283,-0.5737483101164895,0.964488045822382,-0.0413237890903868,0.1059084710356308
0.970785826906,-0.0700276549621028,0.13903326762993,3.255233173195317,2.125138022953068,-0.5009664883208518,0.9682695962597296,-0.0369680059738218,0.1065369120162602
0.9802909939784789,-0.0628671705222543,0.1357763892736291,3.163192545617997,2.1291903023121903,-0.3287462074993778,0.967040016635664,-0.0301058969123047,0.1014892598136903
0.9745805820485784,-0.0542442704147842,0.1390120723907154,1.8962756945186905,1.877250585384393,0.2761015190717418,0.97246362313261,-0.023755223521302,0.1015717743315568
0.9662080826814082,-0.0553399711971096,0.1311254457557076,0.5388969939176281,1.1265928605900852,0.8726951473103226,0.971967032255382,-0.0246249057223232,0.0992235317037483
0.9751127688614328,-0.0581697797082717,0.1222644986015823,0.0784272192150729,-0.0874902859237493,1.0393956869843612,0.969755076453908,-0.0203854761451986,0.0911662296048745
0.985684334262636,-0.0522290569209639,0.1232620845077985,-0.6835073938955902,-0.8319861571999657,1.1440362235447925,0.975152988761329,-0.0206402415568262,0.0815589626691866
0.9795438862974798,-0.0645600130561063,0.1212054081935034,-0.5975040873479405,-1.3253173630296362,0.9618092507561904,0.9743709353034328,-0.0252093041166312,0.0742628598193257
