ADXL_X,ADXL_Y,ADXL_Z,ITG_X,ITG_Y,ITG_Z,MMA_X,MMA_Y,MMA_Z
-0.0589776938412983,-0.6353022040260012,-0.6834757162275292,-39.66255570652992,18.08578208024528,4.900404744956296,-0.0386744655234415,-0.6087023574722655,-0.7409498883287498
-0.0659017475615641,-0.6381990865182154,-0.684621361750062,-39.00399518415679,20.74241186185957,4.915547853651747,-0.046274832417353,-0.6021748142812753,-0.729973236440715
-0.0647240914600791,-0.6316021034209462,-0.6883206803708144,-38.63349249836432,21.79222133784512,4.798162473343262,-0.0420377362860767,-0.6060820266255429,-0.7334877571022176
-0.0597774077040342,-0.6288866886837164,-0.6982792579192854,-37.94597419161276,21.34366543859195,4.243969368438505,-0.0365821018605233,-0.6056658902310257,-0.7542297034649434
-0.0605757214880611,-0.63358592498156,-0.7355986881723819,-35.827986993355054,20.18011569933941,2.7595358781489345,-0.0466389534631027,-0.5988335062639993,-0.7785599493096618
-0.0758576379055357,-0.6361325494199607,-0.7518222319829209,-32.862142070317056,18.99935526600629,0.2821875430049109,-0.0623484692154016,-0.5949216904971636,-0.80308150555913
-0.0760073674997921,-0.6374022472562475,-0.7597635959948126,-30.528985855628065,18.30242210713362,-1.9857781697085068,-0.0596833429641612,-0.593864241382907,-0.8164600634248265
-0.062150932275996,-0.6417759687727023,-0.7601353245218495,-29.17448061569529,17.826247842174585,-3.1415075368696868,-0.045808550168971,-0.6006033846269166,-0.8105632440240913
-0.0493930563266727,-0.6441224193753277,-0.7448176959571682,-28.37231305680368,17.15974918556817,-3.427955077185251,-0.0297584459768996,-0.6062302119036804,-0.8032483495047762
-0.0334439016113275,-0.6262577880888857,-0.7592302041806778,-27.7783060196887,16.18555256469159,-3.751262456531678,-0.013283170292424,-0.5968878185725823,-0.8095342262133765
-0.029766775138331,-0.5931298838404528,-0.7664230270038396,-28.5847303613808,15.149185717076776,-4.5477414040815685,-0.009581866842267,-0.5689845605227737,-0.8156050963164263
-0.0253221790671523,-0.5758883788958077,-0.7759159085083543,-30.79916338555655,14.176513313933713,-5.814858201876434,-0.0125175175706724,-0.543238456098916,-0.8299097487165354
-0.0361718898992982,-0.5726500264122327,-0.8090020792831263,-32.38165831446989,13.18620923148215,-7.194053616062729,-0.0189309223260025,-0.5307718679913693,-0.8635109220782766
-0.066180928113581,-0.5520691393804423,-0.8275013033418155,-33.181789404269274,12.457792804443065,-8.095085409733949,-0.0344811642620686,-0.5220710181335152,-0.8910523651402664
-0.0678649626006923,-0.5527347613629646,-0.8537306058488294,-34.23206109460211,11.484511999399004,-8.4576353052799,-0.0466910766884337,-0.5199577006949012,-0.91082164147763
-0.0664226816837268,-0.5636797700566256,-0.8822440617733617,-35.77812736657449,9.81228832173522,-7.98198249634448,-0.051526543831292,-0.5132162707556869,-0.9338684258185864
-0.0706332461040453,-0.5435124599325087,-0.8923083784877129,-37.97876564663456,7.983306254886906,-6.74721307976724,-0.0484484401307662,-0.5105443668570846,-0.946056119548783
-0.0581132338603293,-0.5479900962798445,-0.8897661150451179,-39.54621983169731,6.15570761970532,-5.556137107033687,-0.0374908425499734,-0.5174932078508345,-0.9451273157216924
-0.0337935386294909,-0.550359654630477,-0.8858786088146557,-38.1078649494352,5.059290658426341,-4.630430292228335,-0.0173032525210286,-0.5096130066934004,-0.9454210279147957
-0.0181538487248263,-0.5273463645898269,-0.8830439088325013,-35.11051430900116,4.990760292702412,-3.991436416028697,-0.0001951638405913,-0.4945733729336147,-0.938531969491228
-0.0255928440743715,-0.5080596369959477,-0.8646989515006293,-33.7471847846317,4.550936042801424,-3.666060536733562,-0.0087674468887765,-0.4746233070950861,-0.9226972388045932
-0.0288065153071172,-0.4865650630652476,-0.8540711716059677,-33.92380273871015,3.216695839500803,-3.363421057606563,-0.0135429492429162,-0.4562264540841567,-0.914886320129018
-0.0244248521915379,-0.4868885047036547,-0.848160919505752,-34.26177006317883,1.349767970262958,-2.9725204513608574,-0.0028995150227824,-0.4589363608680551,-0.9108683936936468
-0.0242457990627222,-0.4881236840107354,-0.8461822585364276,-33.28873254626146,-0.186397653467952,-3.149698207586737,-0.0017386353610003,-0.4612178935488931,-0.9151128805929832
-0.0147158142755832,-0.4776233617038783,-0.8634949743746034,-31.13073071034172,-0.3744568730717985,-3.943916473030732,0.0046501886932782,-0.4485593579839767,-0.9297529130327052
0.0148572201161785,-0.4682108451520618,-0.8749738379617625,-29.88152279098952,0.4005855431502633,-4.214148523934527,0.020094148749736,-0.4336130293715886,-0.9412154953797351
0.0220876923516337,-0.4514701660144312,-0.8862742281241788,-30.164478549031703,1.5805185369393722,-4.153652932315055,0.0296415217142632,-0.4250681000929389,-0.9500845904201684
0.0052891807396032,-0.4515524544715563,-0.892910960233106,-31.89104949247737,2.89842877053378,-4.301184595772354,0.0318700444212777,-0.4220290019163055,-0.9528533708635044
0.0105588621693232,-0.4618045395234368,-0.8877848275358796,-34.53372364005627,4.188185257820157,-4.215826226400604,0.0263448538386998,-0.4182527631731167,-0.9493430085015556
0.0124272944788253,-0.4557201804931252,-0.8757759330042627,-36.05046520835086,5.742174928336401,-3.922292536158579,0.0254880184264554,-0.4161619659553308,-0.9417572633949
0.0147278942666277,-0.4459575961173656,-0.8733506446655954,-35.25407516232526,7.430682751709864,-3.3411665059930487,0.0328615537009933,-0.4134003593597579,-0.9382194987050464
0.0150712382310527,-0.4397038807162689,-0.8951840278343085,-33.1931263059368,8.596647455378893,-2.8743635883924505,0.0303172805037861,-0.3982554175146915,-0.9482871853757738
0.0036342733759954,-0.4224841620485152,-0.9025562183829566,-31.580063046796425,8.716248992043546,-3.146933127849943,0.0195388730686652,-0.3829784667659323,-0.9624939355261962
-0.0049663770767523,-0.4185947676943749,-0.9089418684068016,-31.427386864401274,8.166985151866824,-3.670151476170955,0.0100855539063407,-0.3835959522503201,-0.9751157260348438
-0.0229608572441535,-0.4247446799654001,-0.9128941575628614,-31.155471168982896,7.462394604489837,-4.025889948601563,-0.0032401386571914,-0.3826785624498774,-0.9715233245418224
-0.032154824375178,-0.4090895881224088,-0.8855012064239145,-28.420648447330684,6.464146974615238,-4.018475847202559,-0.016542425051859,-0.3763499832052551,-0.955102754545767
-0.0429926835769573,-0.4055026451079494,-0.8745602167962704,-24.71852366544917,5.491278346755586,-3.476476459453888,-0.0223492207807683,-0.3681917995917934,-0.9501140369610512
-0.0379602399042762,-0.3962938005304612,-0.8849790266914354,-21.87144920749835,4.515177019950701,-2.50325981449989,-0.0204650246893462,-0.3514154857075304,-0.9465137354182144
-0.0201816824102598,-0.3763602262005394,-0.8839036568383329,-19.718083512951804,2.581028266200232,-1.781392766609387,-0.0139633034002695,-0.3454761526849575,-0.944854726744249
-0.028558107333534,-0.3710559620446947,-0.8847709401504911,-18.72955412216892,-0.0008821719433857,-1.7189336548685914,-0.0093907461017722,-0.3363307680825609,-0.9484228559339354
-0.01212201527742,-0.3484358541233524,-0.8894265885191341,-19.635233959029907,-1.7315528481738969,-1.9550007078492568,0.0017437089120535,-0.3128402971356254,-0.9442550824226126
0.014844454117015,-0.3433637787983156,-0.8824688255357193,-21.60405808529996,-2.0341448051075908,-2.6525610480945545,0.0208272004298152,-0.3086151421192233,-0.9467896659843476
0.0307969986844508,-0.3498328138532145,-0.881342570490369,-21.99717612152015,-1.1750928668047351,-3.078127242943158,0.0373278500701806,-0.3099435265955508,-0.9462635502870828
0.0471382205006832,-0.3445710635457777,-0.8878674535305037,-20.779051682189905,0.2914854598408352,-2.596735079828304,0.0617428430806308,-0.3117123993641421,-0.938777911523452
0.0546931714488068,-0.3589002158721965,-0.891978058943736,-19.351868649660428,1.67352746796438,-1.9417645268404613,0.0781917682633063,-0.3182336323979103,-0.9502917380167472
0.0599220871115188,-0.3559325253869154,-0.8954505167631506,-16.945985313995813,2.9466113683994664,-0.9878651956190933,0.0681903606776606,-0.3129035718495307,-0.959599881681012
0.0369836085594393,-0.3471067909107698,-0.9010949218292088,-13.745010991999148,4.40637567915498,-0.4055633687803999,0.0528375055024906,-0.3097812526669802,-0.960748854271556
0.0233595284194084,-0.3395096258419675,-0.90822927313489,-10.597793442008554,5.929006846199693,-0.6626024280768338,0.0403955694096796,-0.2974475937103473,-0.96290375417291
0.0242556443537085,-0.3082022649248697,-0.8929939919436441,-8.01631689104882,7.053643513562994,-0.2927357271525699,0.0359592497173477,-0.2738445430305632,-0.955909943501288
0.0094943950226538,-0.2908973314353864,-0.882500162250392,-6.1368771747352255,7.64571061413066,0.477696245195072,0.0341194704100233,-0.2604038770837095,-0.9494967475179372
0.0092965187670141,-0.2768430280071254,-0.8973175718767986,-4.067085622612821,7.955934289477941,0.5293029227310365,0.0233489000090447,-0.2472885452032623,-0.9569761350144697
-0.0061931652157043,-0.2597279036685667,-0.9184762042557686,-1.4107684066105963,7.85219645369661,-0.0155034700351112,0.0105391238377766,-0.2320496036332944,-0.9853603753838276
-0.0207580721661487,-0.2525665297100502,-0.9356428282049104,1.3153405023001483,7.492426069733303,-0.8316291602371157,-0.0057014616304887,-0.2188993796525536,-0.9964462587956376
-0.0290764348827875,-0.2459962969587276,-0.9093103596756452,3.385227334970123,6.874431799393231,-1.2026750839643436,-0.0244136975310046,-0.2130174250440592,-0.9666727254414424
-0.0560357940898727,-0.2519319642734913,-0.863522674229568,4.967382961720961,5.357610519905612,-1.028569447284352,-0.0404720390629413,-0.2200266317612949,-0.927863278193676
-0.0621759264077848,-0.257811515045967,-0.8373477701110734,6.975332040982627,3.2012199342300534,-0.8785689493423035,-0.0475981333837879,-0.2306252342834454,-0.8942549531683412
-0.0599341780119,-0.2740591342183665,-0.8147531864647646,9.813871788376456,0.7658246661760776,-0.7073495623176533,-0.0472881800871137,-0.2406335266233543,-0.8742588221890906
-0.0404155857334681,-0.3018069119787238,-0.8012069540595896,13.394036529393263,-2.030809828504436,-0.9943262775375532,-0.0344306456272422,-0.2553314665183597,-0.8570985380594818
-0.0142286846707532,-0.2991151359521741,-0.7953749465088265,17.94543381304649,-4.039493349204455,-1.3531396337932429,-0.0070469903143111,-0.2657339416920957,-0.838127878017594
-0.0048217694711314,-0.2928360876903632,-0.7853630443365276,22.641323873368293,-4.145246357108518,-1.011754079612794,0.0127410786234419,-0.2657680792177881,-0.831170032688231
0.0183976553301251,-0.27003173007077,-0.7786114930242568,26.07226329806396,-2.644329596052109,-1.0344097548036253,0.0294046917347969,-0.2434159345629133,-0.83167702309632
0.0295456436135735,-0.2147510852154206,-0.79157299058853,28.558517304941564,0.0348960330286887,-1.5034859775492098,0.0398873034843046,-0.1927044910027888,-0.8390335589134643
0.0310584984062348,-0.1934352735305466,-0.7978299028895415,30.016719252882123,3.0090698683737997,-1.6066602684591194,0.0428758285842958,-0.1563142087613334,-0.8422742294969974
0.0329353039425358,-0.1834751762609874,-0.7824191251557548,31.198416844148603,5.294896404517795,-1.0903744420678434,0.0471005619017467,-0.1452766755366941,-0.836277337043335
0.0289921623675411,-0.1745229152816111,-0.7750933672375393,33.363635023830646,6.9798123707210085,0.2570434882460651,0.0402482402636166,-0.1477529158793174,-0.8246093146894113
0.0283538126319631,-0.1860298082799094,-0.7629391364957026,35.39924218152923,8.468702894564046,1.7206748807595422,0.0343726401917387,-0.1572301243127968,-0.8106940662271335
0.0190200995372842,-0.1864967875241722,-0.7506385185971404,36.575525564034415,10.18139764979204,2.8102851536265003,0.0317562271025448,-0.1545320543175712,-0.7992863883956993
0.0193564546323574,-0.1940254699339219,-0.7431125198915407,36.86629272090259,12.181624327538106,4.125426064947756,0.0279379816716832,-0.1574685440278952,-0.7869085696075796
0.0203670338478833,-0.2025261401608754,-0.7309644659915577,37.22371067093257,13.836383582213903,5.786356378732178,0.0211754752323359,-0.1668289385982409,-0.7834522848130212
0.0093528852803622,-0.1941283545681472,-0.7167457297642426,38.9615618415652,14.654503044363103,7.320538526145434,0.0084437929435405,-0.1719497250185316,-0.7719096386075214
-0.0065413247259632,-0.1958516838295447,-0.6882722607502736,41.11840539847277,14.52807092295037,8.567393566614632,-0.00017093463143,-0.1767913975495831,-0.7476963596029746
-0.0158357565208462,-0.2154248602798,-0.6712924645628934,42.906421572377205,13.644689764829964,9.267326893950658,-0.0071758442730149,-0.1820495576622917,-0.7278362656445664
-0.0073376040063278,-0.2401304673192738,-0.65833267819296,46.19590482465988,12.445761420169015,9.055242947539115,-0.0062465599495336,-0.2013745571395163,-0.7046046175812903
-0.0194127199831204,-0.2648332043848692,-0.6467124157630715,51.19827106249689,10.777555402625042,8.950637941504764,-0.0085472927541362,-0.2250157841917985,-0.7008405953714076
-0.0297825969661273,-0.272627189732788,-0.6421872815395406,55.99566482598416,9.121869002088443,8.674603612921366,-0.0175419246538469,-0.2352501177014386,-0.6957838990921748
-0.0177873475933457,-0.2434316711955165,-0.6263406421894671,60.92018628789755,8.417793996743377,7.083084367821347,-0.0146411790407367,-0.2196007676657425,-0.6785257217986091
-0.0033781457211813,-0.2273641522771777,-0.6190459430196831,65.43866783796757,7.710068437779933,6.016866559651658,0.0061835678259021,-0.1991480471204554,-0.6764934138419387
0.0067558441123476,-0.242734929035582,-0.5954377592077285,71.39349402510842,6.117245225640782,5.397709022432861,0.0280486149394151,-0.2060737746425873,-0.6484154430182223
0.0114603982326955,-0.2857940062220657,-0.5627587396532421,81.09391188909296,2.920537344680326,4.601105447935402,0.0299978962569897,-0.2456342523714401,-0.6083687347767345
0.0328904159278948,-0.3566514543539537,-0.523194884498388,91.848455526272,-0.6419050597711741,3.746296448906061,0.045817963561892,-0.3075679208388424,-0.5673553143779853
0.0373495524087005,-0.3816520146565241,-0.467003201967892,103.68931525465403,-0.841579044481541,1.7035641965686266,0.0570160573825246,-0.3374863485366729,-0.5134877505613402
0.058744106532236,-0.3984148697800268,-0.438269782944903,114.24654817360538,0.311562154752979,1.0886482379768172,0.0776449699132337,-0.3541662757576669,-0.4826067788865792
0.0871366770281292,-0.4469061285839077,-0.4384306459930501,122.4924721904731,-1.2053274979454869,1.8795833964544568,0.110652189310023,-0.3989435935228992,-0.4766849300632987
0.0476865363778109,-0.4949492416900175,-0.4582720989181906,134.00605116207478,-4.7316634012454335,2.650915732357524,0.071955284229546,-0.4466328455635827,-0.4924715863476894
0.0033238601398377,-0.5362003319628664,-0.4678795180149713,148.6919946209796,-9.849026667421422,4.408653608335388,0.0176168340280856,-0.4840896699288517,-0.5100168882895406
-0.0469407838461376,-0.5573745242377584,-0.5036533609063873,164.21586698812234,-16.086960993489644,5.086356525611468,-0.0315984036879579,-0.5104094472504834,-0.5425400090983556
-0.0913097886402916,-0.6107413732679386,-0.5473047940643627,180.8164506947477,-21.807657207490152,3.792737902466864,-0.0736464425450415,-0.5499188440601764,-0.5782655297035054
-0.1039670509041303,-0.6152859666568458,-0.5494955477077298,199.5445397916014,-26.898680626707154,0.3197849244072597,-0.0843730373763136,-0.5582058908831654,-0.5903971802142611
-0.0989964838358702,-0.558575986630717,-0.5443577680429943,216.9883397776743,-31.03107857843512,-2.7294835975134264,-0.0810161744701306,-0.5231580630086701,-0.5873165480601379
-0.0834982547705672,-0.5581226014830003,-0.4834056576213613,229.55567181391407,-34.14300726382158,-4.062160395034792,-0.0620270464754918,-0.5077873538180344,-0.5293661776031492
-0.0482724602644225,-0.5746999932235127,-0.4390034981792752,241.2770338764989,-35.88096247577996,-6.433669434941962,-0.0336977260556156,-0.5237108875890198,-0.4772869242720597
0.0294758170043091,-0.6773077412302355,-0.3954591495729753,256.9338276497813,-34.374439976803494,-10.507602979989072,0.0354230188691278,-0.6051753030109372,-0.4212923553557568
-0.0559142782145499,-0.8832819718136136,-0.3436722103908038,274.6734105965712,-32.33096124871785,-16.604923438184635,-0.026454281779635,-0.8006985322501329,-0.3717908632004182
-0.1906656352646348,-1.1602419269646922,-0.3244331372618518,280.1957614397542,-33.44061105634846,-19.26423673656049,-0.1469522112750435,-1.119056495626812,-0.3507090445022878
-0.1850938159772754,-1.488003498715911,-0.2301393187014729,276.9393864589572,-34.585013139468785,-22.119000935566728,-0.1463270662029113,-1.4284602678399498,-0.2576785210566089
-0.3133090324430149,-1.8416111301042968,-0.3155709495091965,284.68092496983104,-30.60654396926749,-27.418677230182244,-0.2649783121140303,-1.7637848232250102,-0.3322444101284127
-0.4686727754372808,-2.34261190826294,-0.4651775234686346,295.3474695719997,-24.661801132476445,-25.239510825799144,-0.3968623931573565,-2.2538739429874632,-0.4972865396860895
-0.4763885879798372,-2.9616640037766,-0.3444676152235297,299.47058084163496,-21.64828733368917,-22.40913868269657,-0.4029405546049855,-2.8532988402012185,-0.394957316339614
-0.3440307004407995,-3.683016179909431,-0.1365750808202244,308.3137092405448,-16.112986571310778,-18.103634133366512,-0.2610793295929432,-3.593170138678004,-0.154554829385458
-0.0938972087318931,-4.227573144950351,-0.0071869234123941,334.9222598065514,-10.36703787551488,-10.567592611204065,0.0296268478952587,-4.119172877277549,-0.0193819900652615
0.0201163040904425,-4.298759779815783,-0.0639537035847426,366.5163864575355,-12.596363568598155,-8.164417331074882,0.1373649160222437,-4.19675535794506,-0.0772034834701476
0.0177238247548491,-3.854869192266864,0.0534573289453552,365.883061882268,-13.283480214103552,-2.3473522144295083,0.1007772337388304,-3.808024461064532,0.0413977517433933
0.0184503342816358,-2.7197052620958595,0.3204665527592102,335.12606061880456,-5.647195052380713,5.587875979177519,0.0828652294352989,-2.7040737590126738,0.2837974676572938
-0.0028889249247335,-1.6992984342977495,0.358836773415585,316.42426874340055,-1.3933539527282148,14.48434188124425,0.0367968757109987,-1.6984051438361052,0.3196732420844869
-0.0119210436639748,-1.2573373997671315,0.5904469175989483,307.27488398662035,-3.229428762298623,23.08223775662558,0.0154951465603705,-1.307753268712044,0.570860092371536
0.0440765833248393,-0.8340032189267641,0.7739460054156178,252.1531724028534,-4.5766792169853865,17.46744058660325,0.0754987458920332,-0.9293377965325846,0.7772633154903005
0.145205426653952,-0.7161167165515199,0.5054528981946409,169.97572537975563,-6.8742228574203335,7.23295920735402,0.1687206104415138,-0.7202290303221863,0.5089467207805638
0.1817542988383582,-0.8284855780937208,0.1776737445715365,143.39528817711312,-3.795997995232151,1.4550176507410302,0.1938447981885186,-0.7550687204023325,0.1791148190263679
0.1629723205789405,-0.7901223867939918,-0.0615569705739459,168.00723215601406,7.908803455539765,-3.817408613042873,0.1847926821243651,-0.7301427286231829,-0.0675946063401918
0.0847647497103664,-0.7143009541000385,-0.1339996717226198,194.7357416661421,19.02638316736784,-6.397592429313505,0.107683602557176,-0.6668119787904853,-0.1681568576057086
-0.0426178782684481,-0.581266362073563,-0.0317527045460848,205.05745806947732,29.90233750883013,-6.174225698079565,-0.0299490810933744,-0.5703143145972739,-0.0547094366126754
-0.123436387341858,-0.5277628620850896,0.0740404215885632,193.4147176792385,35.76908198554104,-3.9997707918446217,-0.0901228102480419,-0.5431932152227392,0.0526302263038587
-0.1241199652609763,-0.4709108405339162,0.1287419025404478,164.1686517154591,27.87057561474282,-1.7684720132188796,-0.0793227952175734,-0.5007610872052407,0.0936443477928095
-0.0542985755896672,-0.3315928252831039,0.0760648372671615,129.92621710759803,15.6286509863503,1.961187988323072,-0.0332160789103588,-0.3420001671694203,0.0572084877644337
-0.0320694260841148,-0.1958598081402261,-0.0677426843390641,111.50364840172128,9.544420993439113,7.531024875444944,-0.0208990966954779,-0.1722758358333043,-0.0960360938709225
-0.0430618689666308,-0.0307735821228805,-0.1069720935480578,105.84744987494092,8.315039438932732,8.986656888381107,-0.0355098875122848,-0.0174062351572852,-0.1447279231644392
-0.0166865165888984,0.0360321767791845,0.0315603311123321,97.19776930603422,7.855025683961193,7.532977407776889,-0.0206256297342437,0.0454922434669008,0.0066236854623708
0.0221993297597878,-0.0058348061496556,0.1894125170149704,91.09833889233975,7.561623615629324,7.084708461973051,0.0282342900926266,0.0008684226375047,0.1644371145339865
0.1306955667015005,-0.1100882185964068,0.3233584544649766,89.74844196270631,8.453580340024663,6.355447183875384,0.1444879538533433,-0.0878230530509605,0.2874887039479792
0.1885310501180172,-0.2143032325407989,0.3824397307094956,90.45488990646652,9.506823995282035,5.436223913809265,0.199352542747686,-0.1824620583064226,0.3459146815202283
0.0874623594652979,-0.2516353570515847,0.3342874342586317,91.55562058452928,9.49385457385529,5.103717393878373,0.1108443732462751,-0.2427921025255642,0.3102682012724453
-0.0392892489098508,-0.2892131571590835,0.316049337272353,90.06783309780958,8.375175485518083,4.5263890963412585,-0.0120574800494666,-0.2771244685596378,0.2914949928954249
-0.1306901087711555,-0.3372154324249113,0.3612252383449132,87.52973078270557,7.559164561179354,4.863120180544057,-0.1087804537749604,-0.3196307839381365,0.3265847944399064
-0.1848035086824723,-0.4108293450708374,0.4884122610081429,87.77026645663204,7.055456561342496,7.02890660262194,-0.1588172191399584,-0.3883319816061541,0.4443837390232374
-0.1828408611999968,-0.4588657237239191,0.6594069483345956,93.41794334660412,4.192855798701203,10.106229027503735,-0.1528850158953951,-0.4321006862266541,0.6206979078207071
-0.1309029666465027,-0.4261160724854663,0.8095265525783824,101.80484030987034,-1.135748026366991,14.92909083811968,-0.099821971200642,-0.4091744261719718,0.7788634114033793
-0.0573874344784951,-0.3593078400408211,0.9396954889247934,109.92667870521728,-8.370412670471746,21.62447965301443,-0.0306435863971339,-0.3457639159894566,0.912232631083251
-0.0252934752350049,-0.3146766675338892,1.0281934097268142,117.76538390322672,-15.393533881306352,26.348365347153337,-0.000562590170693,-0.2992504386926621,1.012260373222832
-0.0266643242866529,-0.3525931734107566,1.1045788656325686,126.92629680498368,-20.1038438220743,27.75100162108117,-0.001299999200951,-0.32672615506997,1.0815239399801793
0.079617587559392,-0.4356593606730587,1.1623786406453327,139.23820949509087,-22.21906213290894,26.439773565374104,0.090416303113744,-0.4006953944898419,1.1439240313520815
0.2642868146691589,-0.5092265610495994,1.2592364655090391,156.850365906073,-16.430813454913313,20.65149150964268,0.2677558718401042,-0.4719122303906589,1.2521415102450788
0.3188683817061413,-0.5223578656456682,1.358320957141678,178.7519382378844,-5.987580399541221,14.020924114772136,0.3308774104886267,-0.4948106694276289,1.3418088652302445
0.2262274883856627,-0.4581218177864422,1.3312167727236086,193.63772234232093,-0.2316190492627019,11.02696779507303,0.2374806963108483,-0.4436032139920374,1.3250898132851696
0.0920548562226478,-0.3484422313175707,1.2708696660067231,195.28584294274552,0.9390408988368982,10.824237468939495,0.1088647596726695,-0.346362442081773,1.265807265862543
-0.0467477091737097,-0.1724374812844322,1.2675020311548315,190.11415004857264,0.6278445609310387,11.644510159053532,-0.0183662856208153,-0.1929629279714576,1.2477298529194194
-0.1844662655484344,-0.022432829897062,1.3219709540838585,187.34670522885853,-0.84105858356213,10.509461959240337,-0.1507212085294911,-0.038610221921688,1.3108781600566477
-0.2510354606427963,-0.0016202460792679,1.2562400884978226,191.30816344792743,-8.616285183754478,5.725937563577905,-0.2189149003990904,0.0040333610693291,1.2624880818297115
-0.2564716994608539,-0.0771718604549439,0.9855013344608252,197.84856263286292,-19.64032853636348,-6.366843425572448,-0.2364084749394513,-0.0677589709888908,1.002666200565494
-0.2230175946856835,-0.1302832230390573,0.746308637641516,202.1486489579292,-24.905631136442143,-26.09615722089507,-0.2182244250258738,-0.1278512015024284,0.7528267063814377
-0.0864734981675461,-0.0965071674659877,0.6696028555084248,200.0604180589449,-23.35416829003921,-40.50979060146316,-0.0943600632791058,-0.1008787859195914,0.6553371368711413
0.0092912351680895,-0.0359385740246909,0.7614165740746068,193.1021330608284,-19.103208536393645,-41.67360426387378,0.0203595151013818,-0.0478154281393959,0.7477982709919164
-0.0133377025821324,0.0927552419427563,0.8999181876256942,184.57973559843288,-19.216785248132933,-35.96199047602655,0.0067824191460198,0.0689508238755554,0.8898503296176703
-0.0952929570717749,0.2635354356304549,0.9893575138712758,170.31490914732728,-18.479988608577244,-29.011373183991147,-0.0981167363329079,0.2295162321341302,0.9795496149491952
-0.2100432466676256,0.3776324851331125,1.0840271503984131,153.02447990287143,-9.980673379801331,-22.637205617070517,-0.2097933412416232,0.3468484339182756,1.0867509169198906
-0.1911325658487513,0.4947182174920613,1.0783728199713951,143.10623845962726,0.8006098658690304,-16.98853332949942,-0.2066668537753358,0.4633504684816016,1.0842857053921384
-0.0703264133192477,0.6435156653179093,0.9490998683605324,136.13475724031113,11.15823951048738,-11.306850873424493,-0.1126321898010125,0.5718634718130421,0.9419466169480172
-0.0242615367165579,0.7486210216741994,0.8649980170681704,115.81629978233416,20.078334681130404,-6.51812441339532,-0.0413817140106651,0.6763869332498184,0.8524645666969206
-0.0057085420492891,0.8048469354925654,0.8991035954136932,89.38688015089141,22.772231222775908,-3.659996028102634,-0.0018189923631308,0.7761739857049077,0.8889157133018193
-0.0007187499653497,0.8953794488822242,1.0042883609301498,71.27139403882053,18.110758167182013,-5.122719118030347,-0.0173457509837526,0.8517309591039031,0.9930673296983868
-0.0731470512749982,0.9125984882748626,1.0847830015084428,56.51850153999442,15.679963129204964,-6.168154487479395,-0.091321244442678,0.8580713512384863,1.0738321419353731
-0.1760955281151995,0.7888707277157025,1.1195981475319514,38.08395219078464,16.77802252305545,-3.393065436112732,-0.1656392242573056,0.7354091348639997,1.1068811592141228
-0.2351115517390799,0.6580110192867161,1.1594223955238447,3.506070328526396,13.360966738218409,-6.419200605621206,-0.2278589518689021,0.5826268391135133,1.141162923838965
-0.2150074199503084,0.4682517151627415,1.168369556011621,-40.62748438075943,10.314881040464298,-12.117987134661591,-0.2137902914579778,0.4198813256898226,1.1545218970873747
-0.1151227521292213,0.2246899286100381,1.0600824761335814,-64.83665333041391,9.067910510218898,-14.876303968366823,-0.0991550629251259,0.2325423983490636,1.053495876810701
0.0342895645282,0.0751773553137881,0.9090080695305858,-64.44812774968436,5.52047384227012,-18.927249569025285,0.0474328598512691,0.101469329165953,0.8991634464778129
0.1754537458739874,0.0217432620197093,0.8175918341876708,-52.38903397653086,1.5559443637680503,-20.578062626147545,0.1860930480697712,0.0396405283927461,0.8008576604783197
0.2481368327571768,0.0174295459407909,0.7747277862593841,-38.50269989334004,-2.3263741470853465,-19.012887166711685,0.2571801756113739,0.0421238737705937,0.7528869539522505
0.2502487616715275,0.0768636106395997,0.7905885962282406,-25.28298580238472,-3.3640900956764703,-14.16150099315247,0.2512782856979701,0.0991179203350027,0.7631238035025294
0.1679560681557728,0.1990942644228672,0.8173053224025633,-16.96048995445886,-0.1060288445076377,-6.0989806299284375,0.1674868893002424,0.1925411650784602,0.7880728919056578
0.0182627495452772,0.2705203573845303,0.8506621435216095,-24.10352119287196,4.400088235703155,-0.6230668174896856,0.0162189999858153,0.2510823519568826,0.8297164049107695
-0.1175799394970709,0.2453231482521266,0.9480892093258236,-37.92001137294522,9.545525015292284,3.503776152975357,-0.1175230149834652,0.2315929186241724,0.930481413898043
-0.2015397196382159,0.185752070048464,0.9964218861002972,-41.38157770195431,14.555671809940163,7.773734566541309,-0.1971669165209497,0.1880670443459059,0.9796222665935548
-0.2003126208638944,0.119876506348901,0.9459431080744128,-30.32439127787693,16.433900306191838,10.161655145802444,-0.1873069580057013,0.1389524214337854,0.9288490938761568
-0.1033233199026063,0.0931063710262045,0.8756805654958968,-10.990960773166403,14.5668218849157,9.083541697838326,-0.0806902590557849,0.1137916251529297,0.8450851800119876
0.051432511332568,0.1373322306602808,0.8248469731688222,1.9309994846100187,12.291792738355191,3.900342083515571,0.0654257133364317,0.1410611587391076,0.7951872835874336
0.1741686959291342,0.2195118212748632,0.8367478945249934,4.509181588364093,11.317791918695894,-0.4446001160294482,0.176137329011241,0.2094987303467262,0.8102986528583398
0.2049518576410836,0.2841656337961746,0.8998871149764898,4.221806773185689,9.508500964797332,-1.3044734520401016,0.2112613055496094,0.2790862345036729,0.8637669427960473
0.2104708199413169,0.3036847944478088,0.9707001437060236,2.668901083341201,6.401798903286725,-1.5229195020165869,0.2209691734959312,0.2966783883478731,0.9415020052097816
0.1987111376154632,0.2614255576356437,1.0172051355725076,-0.9090097026029684,4.53310101563747,-2.629982632863946,0.2037183185760485,0.2580223742431537,0.9963267413327253
0.1431492378395388,0.1561944400787481,1.0214784814705085,-3.222542009601093,5.308270549285548,-4.563562421453881,0.1503394759450399,0.1701954299909962,1.0041012557931503
0.0887965678517699,0.0629538124807176,1.028741581381626,-0.6396732965406337,8.049056991281674,-7.018688326280753,0.1013314532206475,0.0753849691539167,1.0094353305372807
0.0403250144058696,0.0193678957215907,1.0443603127643828,3.4574964421858194,11.358241433847452,-9.684117310409086,0.0521228794151068,0.0211945821003865,1.0146377844948988
-0.000997270373468,-0.002474814760448,1.0327225986319846,5.913320293140816,13.28341893636667,-12.054892313917,0.0121667507762705,-0.0038185573396823,1.014065085762301
-0.0329210289786739,-0.0068458569993243,1.0190163800870558,8.782661750371771,13.143391638442091,-14.007162065036924,-0.016543989125508,-0.0114790898662622,1.0096943018144038
-0.0599505135288286,0.002166509402212,1.013468056177052,11.875109457254826,12.403995401126744,-15.394834466277208,-0.045597213686217,0.0042446782859524,0.9928372448009406
-0.0696742356024642,0.0437892829251437,0.9865874153582412,14.659523189020918,12.321357603189025,-15.543588664550356,-0.0636133147999892,0.049611306094473,0.9675295679652928
-0.0845829540268839,0.0978453495934537,0.9560983132805168,16.244583983960247,13.211550039109609,-13.914650370880986,-0.077907351265847,0.0979107576074978,0.9496076865971066
-0.0954254613844612,0.1273164557218408,0.9379941966845592,15.331843389964748,14.583917538562956,-10.940181335049692,-0.0896083577983453,0.1279113838207251,0.9281661221890528
-0.0968976612959587,0.151525985305623,0.9165993974385532,12.34649711045519,15.543917865347096,-7.922993541694432,-0.0957337936650379,0.1420636312198502,0.8905590741687845
-0.1169595064323306,0.1398661558900271,0.9001230162382431,8.842547865908015,15.928858477427305,-4.6469534068943945,-0.1015733500755982,0.1256828270439881,0.8695675032169274
-0.1271432697209475,0.0928169002754179,0.886719099156499,7.217205497970487,15.949421791071648,-1.3603654897736874,-0.1065431255431458,0.0897117121731143,0.8579641001154955
-0.1331162379365987,0.0408439964572618,0.8736476454267097,7.589119616632459,15.4512058976631,0.6821830344954012,-0.1192001175574829,0.0468899124296288,0.8458057495241402
-0.1549004967808653,-0.0165255932461093,0.879148893896202,9.550434377486416,14.353985177751689,2.060343078435675,-0.1355786318090731,-0.0080317415334976,0.8522481947222247
-0.1650779496176044,-0.0559334600277107,0.8935066280853704,11.91019318289514,13.45670136230313,2.969282989178115,-0.1432286632687054,-0.0540371260092427,0.8701442569983429
-0.1759563916129152,-0.0827148229536369,0.909476337975146,12.691689938811312,13.050838203149269,2.9273551252998566,-0.1542299153596047,-0.0746415508179633,0.8984702673053825
-0.1857139298261361,-0.0875374576919921,0.924926181446348,12.737090486610938,11.78809242649264,2.070654418241037,-0.1645574227143015,-0.0804126123067979,0.9148668847196426
-0.1771509796263226,-0.0708349482288537,0.9204260387367504,12.998892469349684,8.809077561179567,1.0230484033943348,-0.1586799779238591,-0.0727642797736465,0.9057797846603644
-0.1664409606519519,-0.0473393586750305,0.9129330980639988,14.35912637127395,4.359571339821855,0.7110328903794626,-0.1475738652919519,-0.045671909920726,0.890496268549642
-0.1475540498188071,0.0008039503253414,0.9077369607267464,16.55626279732183,-0.7970443869513842,1.1900802510987154,-0.1328120637951172,-0.0109429928885054,0.8827418985017352
-0.1303856962478688,0.0458503615744365,0.8983450750933664,16.699006218834857,-5.286136817800283,2.1523872109471918,-0.1180794001817038,0.0283781079317918,0.8864317050104851
-0.1246890588316123,0.0654577473268366,0.9148674524301476,13.444907344605788,-8.262531439215344,3.326543994525247,-0.1118534261647513,0.0582050185509383,0.8956510954573427
-0.1068893925489629,0.0621042476753814,0.93333138166446,8.199443052767505,-9.009228575492523,4.799901649013188,-0.1026778692518305,0.0572971923734794,0.914001218685179
-0.0891443284846564,0.0462053958694787,0.9409182163178742,2.649600028840928,-7.145620639749058,6.293700316170399,-0.0885858350962224,0.04241317112317,0.9303993299550212
-0.095967209992917,0.0274177845349182,0.9620383228424644,-2.8708194449131907,-4.298804126950363,6.837411449263973,-0.084997737468171,0.0160650554022938,0.9443621506128704
-0.1094741269228038,-0.0073347408814637,0.9742744343126536,-7.107549831048578,-2.197749494074582,6.756193557658187,-0.0948669535303916,-0.0194737978086147,0.9575758452104308
-0.1081309438693707,-0.0412991318950011,0.9824606957108876,-8.631052734630607,-0.5699851092097689,6.184605734031853,-0.1005686484976568,-0.0425780790587031,0.9608993671699312
-0.1130385331842258,-0.0586612340344355,0.9843106517684188,-7.649944248163899,1.7106666527861305,5.093324681314758,-0.1017105232864899,-0.0538548067013529,0.9660802324520668
-0.1201209125651766,-0.0463609373275206,0.9825148217359156,-4.572281984488017,4.271081846512103,4.26595005029238,-0.1054817872850048,-0.0489560217846841,0.9677673493218388
-0.118334088281289,-0.0114184631773608,0.9925633568541234,-1.586692149769664,5.364485018274857,3.642364497583487,-0.1061419292033792,-0.025557015966031,0.9702347328742986
-0.1232538744254657,0.0159931507914216,0.9816772070859467,-0.4732583793603825,4.718861696412056,3.035606043525477,-0.1017861318895949,0.0091819967853689,0.967274522229654
