ADXL_X,ADXL_Y,ADXL_Z,ITG_X,ITG_Y,ITG_Z,MMA_X,MMA_Y,MMA_Z
-0.015052212341017,-0.9443985479089716,-0.1587824283047024,2.3117337423344613,-0.2570912534364354,-0.8661885943915553,-0.0158195633294905,-0.9609088055264388,-0.1634839033094203
-0.0165431567939983,-0.9458737096503012,-0.1689936387086714,2.5472742581938346,-0.4451570291120684,-0.9202643521297528,-0.0147781645717893,-0.9601817048695236,-0.1588341356540013
-0.01497592314704,-0.943661928568076,-0.176264313681881,2.627168904096292,-0.5897984170151331,-0.9742821524059244,-0.0127336898644403,-0.9602456201755892,-0.1561127299379183
-0.0229149762469301,-0.9423781141520614,-0.1641402701650871,2.534525059929372,-0.6578789520446996,-0.9295113710630908,-0.0151697303102636,-0.9593774910181866,-0.157589245597596
-0.0258710056975591,-0.9323582757183744,-0.171474712908702,2.284657362583515,-0.597353442132016,-0.9407860922501412,-0.0118426946986606,-0.9587876270042048,-0.1585354418293596
-0.0200259057793381,-0.9506443379082304,-0.1791704475726201,1.9113636758397776,-0.4942512836208735,-1.006058440683572,-0.0101260344858438,-0.959173365336709,-0.1552482693201547
-0.0155569327353327,-0.958139064083434,-0.1733835070044767,1.780638858303771,-0.4619533172223923,-1.0355053190318475,-0.011090471090579,-0.9602670047033394,-0.156583031072519
-0.0121494202689215,-0.9287443025341798,-0.1616821411822981,1.4703023245600102,-0.4964276391930475,-0.9184236070536256,-0.0115993699825162,-0.9589896567142384,-0.1621004201191597
-0.0110220320586195,-0.9364995666307248,-0.168497778615614,0.954579273185535,-0.6348485153117883,-0.795017565315807,-0.0116235545254477,-0.9600451603491056,-0.1576228202599575
-0.0121516571509527,-0.9463856048039244,-0.1761885976183532,0.6581900348678887,-0.7429518367779067,-0.6947432102435559,-0.0084623735427308,-0.9637440269248247,-0.1559550436776213
-0.0150442319641323,-0.9404707221197288,-0.1729400295964724,0.5886248207114287,-0.7662407973170801,-0.5139254418461728,-0.0113127758038159,-0.9656250351879708,-0.158872804460446
-0.012288955598471,-0.9579977587864276,-0.1741060404391614,0.7732008039518544,-0.7001283200109669,-0.5516145167560284,-0.0125012211386459,-0.9693420454448116,-0.1590724330104662
-0.0091721955701341,-0.9568617547384214,-0.1750460260539038,1.0567210557662887,-0.5736228850956261,-0.5512367095492068,-0.0082570654129255,-0.9667323167486545,-0.1620832739445454
-0.0109291023630161,-0.9504575538430456,-0.1871827088587284,1.3097783667223002,-0.4500072977697391,-0.4575306192301482,-0.009303073608892,-0.9629478359664144,-0.1625759654293622
-0.0131366968744071,-0.955524756137346,-0.1751903561067959,1.3368851987511214,-0.242761825661886,-0.6171761925483691,-0.0096851499580753,-0.966554005572576,-0.1640472058096206
-0.0156840653590575,-0.9484114777703752,-0.1758038197997064,1.1558989618148576,-0.0452625039077992,-0.5934715225097406,-0.0098903106646135,-0.964959394848069,-0.1639512701095034
-0.0148419255817634,-0.9467627998240724,-0.192679115793605,1.0001805185812762,0.1210370351589802,-0.4483024229379454,-0.01105052795037,-0.9656490758282033,-0.1615752459134705
-0.0153623122653345,-0.9454436913748158,-0.1692499428334618,0.8750733325487836,0.2261876777708591,-0.4255358058979964,-0.0117609026991943,-0.970675151089854,-0.1617774576450672
-0.0146285912979176,-0.9542810178324512,-0.1739157464592357,0.90953990688451,0.2137693389512715,-0.3205355545181588,-0.0135157088720942,-0.969203626115262,-0.1605590111458999
-0.010578503155036,-0.963069310759234,-0.1841707885673626,0.9757747309010611,0.3701853598044972,-0.2073025784337809,-0.0105108303105378,-0.9670428935863996,-0.1655917912083103
-0.0099079784485807,-0.9489546122972192,-0.1735573729381739,0.8266873769586033,0.7078913787610989,-0.1668954104255147,-0.0086915652938125,-0.9657415573013836,-0.1674916304476819
-0.0108844040077968,-0.9454197437811503,-0.180288309252659,0.733047652156591,0.8479362051470489,-0.1756237441023074,-0.0084733387500993,-0.9653727112399892,-0.1635945613176994
-0.0129554115080048,-0.9463484350367656,-0.179847278221252,0.8438641352574705,0.6032696750246315,-0.0865090647134129,-0.0061864939942941,-0.963919752474353,-0.1666905755649658
-0.0109679352652426,-0.9434234264281716,-0.1748966777068214,0.7390547156491389,0.2580714445048468,0.0384771805662502,-0.0084414966441788,-0.9611665033658174,-0.1685557438378857
-0.0112511846150041,-0.9426511113413124,-0.1767327853838637,0.4675411016303819,0.1287127538831899,0.1623018314576363,-0.0130619042155318,-0.9609946034893816,-0.1690180307032616
-0.0155185016865419,-0.9461871252289252,-0.1859971190598002,0.256688204579369,0.1460105932649318,0.3589076241292943,-0.0137769532708722,-0.9574955329268792,-0.1698691159964727
-0.012710413147023,-0.9483247706316182,-0.182526248472033,-0.1656193988510817,0.1713442305070041,0.4493298334420098,-0.0119869319160019,-0.9575082567122396,-0.1700190555370986
-0.0127258256850054,-0.9366695162519008,-0.1747423744025117,-0.6457258867456094,0.1799407945122789,0.5149272156614958,-0.015542151912884,-0.9601289543687928,-0.1712752979826544
-0.0175375850084851,-0.9453586932003832,-0.1835394561828046,-1.0251975956658186,0.018973119604075,0.6588873854072115,-0.0181779141901516,-0.9571146220509046,-0.171807520843481
-0.0180248680916535,-0.951861196193514,-0.1932691183114818,-1.1009948021640057,-0.219388132559326,0.8489448775619083,-0.0189873174329356,-0.9607907957352344,-0.1788725711786298
-0.018837266631918,-0.936556437870372,-0.2069686037679901,-0.8285155689411965,-0.0969931668456674,0.905142762188586,-0.0206462476228971,-0.9629111582855736,-0.1880376638798443
-0.0171993606304837,-0.941434337427368,-0.2001667214800818,-0.6848349469055142,0.0750650924714921,0.6136103670283338,-0.0122931258954301,-0.956480488284013,-0.18427929588683
-0.011035366799055,-0.944998160246425,-0.18609012021154,-0.5890484819187846,-0.0412400697838965,0.3084876495096616,-0.0064851352963166,-0.9569788592172752,-0.1733267494845516
-0.0110492465858311,-0.9403713749048992,-0.1958974856485775,-0.7331586247070185,-0.0607103194400866,0.1758349840369282,-0.0086658667108144,-0.9625005480855828,-0.1760143326726837
-0.0100566762609456,-0.9499191659337144,-0.1974622887574573,-1.114744107962882,0.0845852310156848,0.1041769476829527,-0.0082682861294524,-0.9650451645812452,-0.1901588099584304
-0.0092673205212121,-0.95003489630864,-0.1965940959273909,-1.4484489972360188,0.1139839137566567,0.233848743188464,-0.0078099850875208,-0.9623813480189024,-0.1933210148892941
-0.0121909637898413,-0.9355061726137038,-0.2097075870675066,-1.9095190219976903,-0.1130798321555786,0.4867072105358556,-0.0073676564341041,-0.9572142649643328,-0.1923181068716968
-0.0122248417306239,-0.9366630220153552,-0.2139756771033254,-2.0502102032076714,-0.5241847793861674,0.6577040374677414,-0.0090047161952856,-0.9549720480031588,-0.1941928355579761
-0.0153955428923846,-0.948943401667648,-0.2089725947265044,-1.881795012914298,-1.170603371748697,0.7868760608348573,-0.012843211687118,-0.952943474815029,-0.1948129217662585
-0.0174679945649539,-0.9396746488403532,-0.2134289399455927,-1.7927435683786015,-2.117028634588312,0.8751968603838818,-0.0170249735818263,-0.94867580165041,-0.2012420017434373
-0.029579617672988,-0.922363613837974,-0.2206419262509206,-1.6436088817489096,-3.252021678157448,0.8036332720072961,-0.024164748058266,-0.9421840561517768,-0.205599666052787
-0.0293194464680151,-0.9284824973016326,-0.2270539046278643,-1.6366538619758362,-4.229754098676973,0.531371111329899,-0.0324048971785552,-0.9397685290083708,-0.209091494004334
-0.0222787753752169,-0.9328715009878116,-0.2203820737205429,-1.815248435381079,-4.902860920098467,0.1485522252540185,-0.0384068535815533,-0.946528884595618,-0.2115226390520841
-0.0477401908782623,-0.9273169388389496,-0.1995483198308508,-1.477955742173743,-5.753328439750447,-0.2712112920119607,-0.0416625694621065,-0.950372897578788,-0.2086421046822021
-0.0459767146316024,-0.9344258853987716,-0.2070018443341047,-0.7141572055639447,-6.537657948535627,-0.8013242869921238,-0.0419028453669697,-0.9482161637801904,-0.2108143526931508
-0.0357391507547165,-0.932437642928322,-0.2259727960870887,-0.4219768742027058,-7.048672773248686,-1.4697423415068651,-0.0386154445691445,-0.9486817178946232,-0.2134976515052853
-0.0415904194748696,-0.9334687790431572,-0.2330836515623818,-0.2736053098006267,-7.8851960755252914,-2.036865299351032,-0.0362630739726807,-0.9498184425723386,-0.2213115617420328
-0.0210657461313706,-0.9351608421855264,-0.2360140977361217,-0.0396516480363188,-8.965447078713819,-2.434532750627855,-0.0297848392536534,-0.9486899276450268,-0.233660676300766
-0.0190162549415113,-0.9260227889540448,-0.2397420743635832,-0.2059862236826071,-9.91992197688394,-2.967945801486088,-0.0178825826685022,-0.9488635865777232,-0.2378015908902407
-0.0255384288383159,-0.9352023876129176,-0.2530528097957495,-0.1787703406070981,-10.874874934695782,-3.6111610321771854,-0.0150594979395383,-0.9483121917449286,-0.2403055479550249
-0.0145485456449038,-0.923325492092448,-0.2469759609624531,0.274265308822878,-12.179902548790956,-4.027613827033703,-0.0167426744946776,-0.9420253608290275,-0.2416963466078811
-0.0173017298298072,-0.915439241300518,-0.2410395535795796,0.2380666660477108,-13.644298763042514,-4.386090222005914,-0.0186764221899228,-0.938146594070323,-0.2401524972436036
-0.0213952815351566,-0.930236406812003,-0.2524586886064428,-0.1092449358060679,-15.018080835734477,-4.864312133206126,-0.0213706101988343,-0.9415501174675316,-0.2362872647146109
-0.0176202417962357,-0.9161812309794128,-0.2494256333292377,0.2133444634106673,-16.15686880846154,-5.302060595066011,-0.0227230606248143,-0.9435961269895689,-0.2337289576409471
-0.0235069679524402,-0.9154636805477095,-0.2474020670705539,0.3642599217564883,-16.70819784415516,-5.926211692971977,-0.0290677593489865,-0.9409557617950554,-0.239057920625797
-0.0322353419844541,-0.9208580784141436,-0.24370950465137,-0.2226002313265937,-17.037929692374234,-6.687943588915411,-0.0293554283213531,-0.9413458937565156,-0.2375512216189748
-0.0282479094313432,-0.9226304931092056,-0.2322911676109081,0.0983634197212871,-17.17863362322402,-7.377613623570322,-0.0252391833608221,-0.9424703019918615,-0.2315552394632783
-0.018833531113006,-0.929042470481622,-0.2392519838211952,0.803079229701641,-16.876002181659544,-8.300675943158708,-0.0221632855570799,-0.936341398547616,-0.2361048938744574
-0.0130019704442289,-0.9210111510128934,-0.2459542434931121,0.2395740368418726,-16.377964249538035,-9.311919923633113,-0.0125975340786066,-0.9371029851464472,-0.2357411894200006
-0.0107887553555452,-0.9431856366240916,-0.2340113222465945,-0.6518533562433821,-15.556270380067842,-9.956664461579953,-0.0095140904576125,-0.9479630239176648,-0.2273079232908035
-0.0068147089074231,-0.95559963180671,-0.23198591063522,-1.0863483262758051,-14.370673809791729,-10.016096965128758,-0.0073748224772928,-0.9553673445310872,-0.2273413698092126
-0.0042713430623642,-0.9417567710995868,-0.2395944656538325,-1.339259612685226,-13.316359627496904,-9.844829243969413,-0.0001805618632081,-0.960383428675926,-0.2321679005013994
-0.0043227045129601,-0.9515081399374488,-0.2510068320302889,-1.754778454649211,-13.00130130802369,-9.7005122867132,0.0013851816386269,-0.9651394337856898,-0.2348871940534514
-0.0050220536731813,-0.9540487688778828,-0.2517330353063236,-2.722534343071457,-13.078706302142422,-9.224140631106422,0.0029295975136041,-0.9725884853555388,-0.2389032890882642
-0.0081587915686415,-0.959802782067576,-0.2298010610933136,-3.709798651718209,-13.193682424814092,-8.77381186763046,0.0054716120338648,-0.9814971753995264,-0.2329659166409093
-0.0014524889512488,-0.9729248913974844,-0.2276269279766285,-3.672862641291728,-13.797783817617038,-8.375527046697032,0.0078805768339403,-0.9822404193203564,-0.2157124723605889
0.0028721474756492,-0.9664194933151437,-0.2204729071234646,-2.328275857763722,-14.430978115990404,-7.745025781335398,0.0065223001961019,-0.9772323391442296,-0.2013326645184255
-0.0055836245021341,-0.9652764074190284,-0.2009942495869527,-0.3432447649480132,-14.440361016496407,-7.152096369217292,-0.0044992883259752,-0.9763912272847464,-0.1904728616967785
-0.0185375501173254,-0.9641267117530484,-0.2010249552219961,1.3739414750584191,-14.429382603242916,-6.461373451995769,-0.0194519681387944,-0.9744989477387888,-0.1837693845436417
-0.0337300117089419,-0.9483890368237164,-0.1882857304908409,2.348869292216541,-15.53787583053074,-5.81556974321662,-0.0326305247050608,-0.9656954246764584,-0.1851544578783335
-0.0352411102388796,-0.941264826619996,-0.1822654187043486,2.286735229295017,-16.98740721775348,-5.129766784518591,-0.040283242229314,-0.9596834028408066,-0.1855632147014108
-0.0375049273517327,-0.9386504513029524,-0.1955804606263226,1.5036615555826889,-17.07419679057681,-4.093106222820296,-0.043664149657936,-0.9536464164514376,-0.1798484872345979
-0.0471637936869448,-0.9206021243328728,-0.2173337450623264,0.1670125825301855,-16.803132385180366,-3.151036667823305,-0.0447996121448772,-0.9371445596608926,-0.2059865186327238
-0.0396707327016536,-0.8903794643443436,-0.2554353914544628,-3.268237805536694,-17.76050864818039,-2.397655442614273,-0.0363802234941869,-0.9126396377537404,-0.2555321855669162
-0.0310992232620942,-0.8812651952891697,-0.2712211250180199,-8.012467283583113,-19.24587511475972,-1.4569146532415096,-0.0277473655291889,-0.9023800733602916,-0.2612239664818446
-0.0441367036527682,-0.8999114766991367,-0.2468639125178021,-10.638138269992028,-20.656541045622777,-0.5408778699307306,-0.0453605443536643,-0.91685501680032,-0.2373148957819595
-0.0722317576454499,-0.9136280477133042,-0.2230720633741308,-11.048543082143103,-22.756974550320592,-0.0456671230667859,-0.075905118219547,-0.929747942508532,-0.221240679095053
-0.0927718774016459,-0.9229551162355072,-0.2301371494958015,-11.431733496369011,-25.143013560707622,0.1328985107556563,-0.09018256985437,-0.937196191105788,-0.2240834489671855
-0.1025117348966353,-0.9261523622349828,-0.2477430083734549,-12.95521070883346,-27.375524909228897,0.0404422087328963,-0.0945279272809411,-0.9452518012045104,-0.2451373250911395
-0.1071496587787524,-0.9325182980733102,-0.2656029204629425,-14.99024845108374,-29.812978594383825,-0.063519182921169,-0.1006879085249767,-0.9528580415249648,-0.25924012434361
-0.1094612662176522,-0.9507870099898597,-0.2829247288930937,-16.30842968414732,-32.0230655420637,0.0442001125387527,-0.1035076555091069,-0.9677000829918968,-0.269458322854071
-0.1077306667265386,-0.964254428679056,-0.2844620349659151,-16.711136772979444,-33.931986119899804,0.0940930544452544,-0.0980553019894276,-0.9758355627720932,-0.2732879311530779
-0.0911075782436953,-0.9735831188130591,-0.275032343148031,-16.06312607734424,-34.89230114002552,-0.0199327991393266,-0.0921506983321773,-0.981168484564492,-0.2662662405315824
-0.0867081591154919,-0.9712948856717492,-0.2641008979657705,-14.779509035486695,-35.29644933417496,-0.3755207461867572,-0.08601865512864,-0.9867680824632128,-0.2561388440519843
-0.0839560976752062,-0.9644485051269585,-0.2644866096649303,-13.150311144306952,-36.94264956216455,-0.668668676063596,-0.0807127188693454,-0.9763128485425984,-0.2504324630678796
-0.0754094568694451,-0.9454596622310668,-0.2742771804326195,-11.537018240987988,-39.45149281193764,-0.7111668514211209,-0.075813677669809,-0.9627104968994138,-0.2609932807859929
-0.0862106802869906,-0.92610319579448,-0.2779898904345009,-10.839151186248078,-42.18305146822608,-0.6941868101892206,-0.0705504413498198,-0.950094514364642,-0.2654052270230506
-0.0802893677151243,-0.9292805449159832,-0.2732897352225236,-10.298128812846777,-43.91705081959396,-0.5981760065489299,-0.0754074038572064,-0.9419136893127728,-0.2620751643121835
-0.0606205915504299,-0.922952222924134,-0.2560739853295679,-9.503652921488824,-43.17728511512112,-0.919305597029556,-0.0698878535111703,-0.944954630568857,-0.2527262055603851
-0.0395147058162458,-0.9224894001017218,-0.2345777086418668,-9.106847944682126,-41.008520958872566,-1.7591659277777243,-0.0452080429624863,-0.945003031421514,-0.2276696839856009
-0.0111204952550349,-0.9250476715674916,-0.2304157112370175,-8.828306838637355,-38.21332807535708,-2.882617430613144,-0.0174673348110447,-0.9424096561018483,-0.2191734581148433
0.0107546733833447,-0.9091031288546728,-0.2438517725383865,-8.23693189555118,-34.55892101916464,-4.3834285162202296,0.0154650988931619,-0.9326091107528498,-0.2355915818923894
0.0438851666941568,-0.8997506572732303,-0.2598286881744766,-8.12103606348345,-30.61520476996436,-5.664402147932337,0.0509238181536553,-0.9200896899209744,-0.2532080793466586
0.0738250340596473,-0.9008570483329226,-0.2651173789789449,-9.0494417305134,-27.525870648322176,-6.522727502146526,0.0757187999245578,-0.925291872679348,-0.2575657954398384
0.0777344754575312,-0.9143207777254028,-0.2688417241582557,-9.48295591157613,-25.39937280494472,-6.912458038439998,0.0766550540896236,-0.933342699931044,-0.2576084130571996
0.069488260375875,-0.9297397925457056,-0.2786038894626989,-8.584355543203143,-23.468152400858123,-6.6819119606170965,0.0666647407538639,-0.9398891284560644,-0.2602106980093613
0.0476283831587418,-0.9399244552507506,-0.2668326915657713,-6.758119436575156,-21.713390233927,-6.170269073483534,0.0492268232831005,-0.9533010610969748,-0.2548767678631743
0.0100149433413574,-0.953358102273194,-0.2508965421007484,-4.244570130493905,-20.554710587409964,-5.000585480825273,0.0142992387122505,-0.9650834573952898,-0.2438995285416171
-0.018735242438293,-0.9699664083889804,-0.2567657701993253,-1.735479472477174,-20.4142730222087,-3.1844865629768067,-0.014353846428239,-0.9781115091956198,-0.2373063300665358
-0.0434983325720258,-0.982137812895352,-0.2591464574642031,0.3516460438015228,-20.35162317947669,-0.9976810002635584,-0.0374381455910199,-0.9908145490279814,-0.2444413370722545
-0.081599241802648,-0.9831454638323464,-0.2547700091712025,1.3776391511215107,-19.566095451293187,1.530748689120605,-0.0738276231322322,-0.9983820776281211,-0.2488146810881196
-0.1048153366539665,-0.9879705976852532,-0.2541597267209849,1.3022040274276638,-19.886101536161885,4.054775899987509,-0.1054718677180538,-1.0065279204839277,-0.2459407394185315
-0.1258289277578831,-0.99063349496197,-0.2618869390789237,1.204728284631263,-21.59038288815224,6.619891836195023,-0.1181748422404788,-1.0172082788044878,-0.2485989026766502
-0.1397124562435542,-0.9913163072076376,-0.2538128019900608,1.747775339423824,-23.012542043884103,8.740759193008474,-0.1232967221405035,-1.0179588183544654,-0.2421994889409296
-0.127016003441215,-0.9943512569201842,-0.2418867280098302,3.0375822742125504,-24.495765847287636,10.283615873309682,-0.1249780781746604,-1.0088533753986848,-0.2394453573733469
-0.1338909322872957,-0.9783856152121212,-0.2569000610631369,4.262717833666109,-26.71450526959467,11.536805231238294,-0.1260403399071184,-0.9999032955626144,-0.2435886909649566
-0.1344132515946506,-0.962236758789635,-0.2502863660905063,4.820539234703879,-29.098986130599727,12.521992745936842,-0.1270352165636233,-0.9797490128844276,-0.2392733613094874
-0.1234775868286058,-0.9564061413129288,-0.2459720585117187,4.655824633242973,-31.13005886437507,13.602911415813493,-0.1208901367567915,-0.9602416155947748,-0.2362236363248843
-0.1349389673035953,-0.9419134272812693,-0.254746275605976,3.637614508344672,-32.82530399943268,14.27770383499104,-0.1191416383508059,-0.9529336443204682,-0.2345224111158947
-0.1268236312047655,-0.932271758743363,-0.2397950957164822,2.2320588794920053,-34.25636214452561,14.667772948753132,-0.1193904078360271,-0.949284127685176,-0.2384342197705312
-0.1162489046369962,-0.9377780678234808,-0.2508512697255755,0.945846151509452,-35.400197141578964,14.97343753816674,-0.1142167540342872,-0.9533592816471168,-0.245325321183218
-0.1229315847125701,-0.9326819123631483,-0.2700563355349063,-0.3141716794711197,-36.383945281303255,14.719732283845683,-0.1128847006216014,-0.9502552072011484,-0.257322724814027
-0.1163505344006669,-0.920864045575554,-0.271726885736118,-1.9677404097383075,-36.6482049125374,14.457176552393587,-0.1058875200399273,-0.9412525988769748,-0.2702906255236655
-0.1059781013518193,-0.9236353089481594,-0.2678445818097453,-3.502074564104917,-36.44820234076949,14.034724128280931,-0.097865801952115,-0.9402579313386304,-0.2624911506026337
-0.0957122282684407,-0.9204357967238196,-0.2596168855534257,-3.919041258717169,-37.30952156473639,13.566191102580923,-0.0958449804850722,-0.9363346907774474,-0.2555679907731867
-0.0896663603768713,-0.9216729417739014,-0.259571668359467,-3.3829948556785485,-38.21018121511892,13.547003013068368,-0.0929408996495397,-0.9371649696589908,-0.2522962177799559
-0.0934018830702313,-0.925725934538932,-0.2534541330056569,-2.8137764255861017,-38.10384350187856,13.780654099949883,-0.0961385360440825,-0.9438381071427712,-0.2453714677123519
-0.0969290585944645,-0.9173796915837816,-0.2589838882793115,-3.0356270731703807,-38.447862011839085,14.340315609409805,-0.1001047350511487,-0.9435723370466672,-0.2500519929849499
-0.1118916280910078,-0.9242318365497216,-0.2740706866728161,-3.869461194089313,-38.88096922918332,14.592465748287529,-0.1087279414365375,-0.9409610509432108,-0.2575069434274402
-0.131347444517502,-0.9232160716568778,-0.2829458447846499,-5.230701571243292,-38.30312595726287,14.3611037572785,-0.1271779868359608,-0.936384106476454,-0.2797081700004515
-0.1364251791585181,-0.913848898627274,-0.2954321145462899,-7.449523285776716,-37.45155697829826,13.944507696200333,-0.1393396478598688,-0.934338155456053,-0.2987683437899598
-0.1462743617213182,-0.9205817357203008,-0.3015329114084675,-9.541765020578852,-37.15267997045027,13.415664062536546,-0.1448482670663255,-0.9387713058270588,-0.2976877704856325
-0.1597972971057045,-0.9314140157094504,-0.3105784004311247,-11.013620891393344,-37.20818631027178,13.331551675154415,-0.1507157549489204,-0.9407605309585592,-0.3109172626201734
-0.161476283688987,-0.9342044080996528,-0.3262368662020476,-12.173209076830345,-37.28039900463032,13.420644710037442,-0.1532678280459886,-0.941145023733341,-0.3180441456036564
-0.1654978327721892,-0.920850158922334,-0.335970027619812,-13.064361524678263,-37.96504660941085,13.556396647886771,-0.153727405445005,-0.9444947585846878,-0.3270398991718231
-0.1673069652056691,-0.919431172864746,-0.3371698534195048,-14.151497813627746,-38.89436103006731,14.076744472470626,-0.1616772625356664,-0.9429484363683952,-0.3460019411676984
-0.1708146533190959,-0.9136231435851232,-0.3355560994561074,-14.575554772880906,-39.53358845530815,14.435508410717528,-0.1644242792333416,-0.9303704351738586,-0.3394464615589074
-0.1757839586490904,-0.8933448051409503,-0.3298781963060321,-13.325035324200725,-40.41291299054374,14.417411559259524,-0.1617187207030867,-0.9170006965615508,-0.3347172687764281
-0.1683219024103616,-0.8876645668127064,-0.3237957905319873,-11.711836460589003,-40.8817889588713,14.308321305008914,-0.1665871314116677,-0.9024339014924584,-0.3295825057470002
-0.1812511635430953,-0.8733265779817307,-0.3193956855526661,-10.62601478581733,-40.81303508985054,13.800391594422097,-0.168082852791285,-0.890047542423166,-0.3150726188263619
-0.194650527636026,-0.8675773451428963,-0.303527154436362,-9.477190669983363,-40.78261430485541,12.802834474000464,-0.1732859529910413,-0.8908633697168638,-0.3047978748235608
-0.1832917410022102,-0.8793865309932499,-0.2904405992639029,-7.7293631112524945,-40.71563715982832,12.04674219588238,-0.1784912815564965,-0.8928401631908662,-0.2850519910174554
-0.1773954628378956,-0.8878170189612171,-0.278444465764649,-4.969510591634368,-40.684274874018,11.504844147715753,-0.1721223560810349,-0.9026877845312768,-0.2686490022885295
-0.1736541628268982,-0.9025913603929426,-0.2726300007794452,-1.9051632663190443,-40.02478271687702,10.670767933962138,-0.1681715849142872,-0.9159703894940046,-0.2653281267243884
-0.1807483086032772,-0.9097431576849148,-0.2768061342409423,0.5278640051360679,-38.69445359546171,9.92784739939676,-0.1764648897350714,-0.9199652344109832,-0.2679689909187392
-0.1871202728134122,-0.910531836245846,-0.2700687290085736,2.7438768329705234,-37.58470917728408,9.282936153440328,-0.1890758874499266,-0.9278938519998254,-0.2677789522218295
-0.1861668599589354,-0.9155153089392788,-0.2608116174563707,5.005492357848569,-36.72968508537894,8.383762535971892,-0.190704878803346,-0.9304886280770048,-0.2563021976311981
-0.1873174195640427,-0.920409377024598,-0.2451770801939214,8.172734364521723,-35.232603344844726,7.45824172807528,-0.1850082701987111,-0.9336207282611216,-0.2374888225267986
-0.1833923112588371,-0.9193907025961296,-0.25225689854582,12.031483478774124,-32.548373481661486,6.665269507828569,-0.1854432482047694,-0.9339520645822164,-0.2350490628266694
-0.1994070452390226,-0.9124481474553774,-0.2560547905226261,14.02873520142582,-29.63632026409317,6.583840536476131,-0.1953030482902956,-0.9217000323699376,-0.2458555175146703
-0.2054051876264601,-0.906897705993478,-0.2258355727133238,14.40365443299674,-27.153271132472717,6.952593678524957,-0.2003501680458586,-0.9203608398844876,-0.2283670312580301
-0.2020950307051544,-0.8956476604428706,-0.224099880957986,15.144163859727636,-25.43397643993736,6.664780704643782,-0.2024806282903059,-0.9143724729720096,-0.2073543411646161
-0.2143584511408433,-0.8842920567093105,-0.2201702098252079,16.37900943634787,-23.97824624321388,6.175253206830299,-0.2095603477006151,-0.9005065513357171,-0.2089205089887225
-0.2151636596122209,-0.8710457960738347,-0.2141165690934055,17.147472926503564,-21.51817493559986,5.754098843303084,-0.2139786191986138,-0.8948512476901658,-0.2081219507547232
-0.2179338861659259,-0.8660480833370195,-0.218403940767235,16.660779564530742,-18.72502664317425,5.4196453058733045,-0.2148786978171208,-0.8911895793715872,-0.2009721149748753
-0.2217257773651657,-0.8801671057329652,-0.206428615586395,15.862015501551808,-16.243136158622114,5.030878897360044,-0.2176182311894683,-0.8980804097824662,-0.1895934540894295
-0.2418423849268332,-0.8813757508020676,-0.2069065997135363,15.487105751583638,-14.41049839157183,4.202474211010222,-0.2426893382632167,-0.9052739704940964,-0.1935348226216774
-0.265381265915027,-0.8736433341235583,-0.2192377906395894,14.202376658132623,-13.604699600366551,3.72584528214146,-0.2645705494048278,-0.8974247451860863,-0.214254357337801
-0.2658390321245881,-0.864528268606237,-0.2289643255980994,11.690662655195288,-12.673745539520164,3.4487358168739486,-0.2689903104624093,-0.8872317531050248,-0.2219163698583813
-0.2796530493922286,-0.8607505073556444,-0.2049832111978183,9.303697861615504,-11.644197918119415,3.1190011361488903,-0.2829448263466335,-0.8869468487557405,-0.2061113047160762
-0.2892914032491565,-0.8698473903989492,-0.1865302753878221,7.955389470994752,-11.57069748959588,2.7567747155833917,-0.290933083330306,-0.8892912655717726,-0.1826143308848632
-0.3049008200566371,-0.8608989748130307,-0.1986380685888279,8.285872731006926,-11.6001886223705,2.169267117153339,-0.3096924973002092,-0.8835600413944242,-0.1885701487826024
-0.3250169761548862,-0.8485199247270685,-0.2040971382523433,8.73444408228314,-11.198554688340373,2.176859408602818,-0.327761946182599,-0.875604125677832,-0.2068869385819406
-0.3090203815256038,-0.8453228936732718,-0.2163421076611383,6.82068346206704,-11.09014591586207,2.232998126487993,-0.3147997569818168,-0.8707986389981743,-0.2097348016269204
-0.2931969553005876,-0.8485917203531935,-0.2176290244674298,3.726583640484049,-11.228419635430726,1.684749517110001,-0.3041599599502239,-0.8737628077131921,-0.2098584709616347
-0.2891210956522473,-0.8627068341672864,-0.2078633305639505,1.5668767180567391,-11.448242093126778,1.1173463676498294,-0.2959333280730376,-0.8816177946150993,-0.1976914161182919
-0.2847433816665511,-0.8608133380099986,-0.1914917064427129,1.3542165833079594,-10.776005824783654,0.3702082308575539,-0.2857203248688746,-0.884051491105061,-0.1879062239038807
-0.2748652998550197,-0.8599735477855404,-0.1902859102258012,2.7880370324330124,-8.93274133641891,-0.723772769526474,-0.2790346807565481,-0.8840353607515374,-0.1898245242582941
-0.2641995087203777,-0.8688568605948995,-0.2007213974350802,4.128647532890192,-8.012198677907504,-1.730544568634377,-0.2734639159219804,-0.8849564249360109,-0.1902558613365805
-0.261601604378846,-0.8611309111843766,-0.1999296883060216,4.818028149385429,-7.479363910039502,-2.422711270676177,-0.2716782415314668,-0.8832090531736891,-0.1971933583446112
-0.2654087378872708,-0.851560038004886,-0.2185476343313404,5.040546225697911,-5.43341909583531,-3.4215168176459168,-0.2740181387017956,-0.8730269140892232,-0.2007794148894144
-0.2921675563868845,-0.8344466516420279,-0.2171307206302726,4.750765261124191,-2.772430736811886,-4.686066702314948,-0.2928766420007844,-0.8540717715441328,-0.2087381282550152
-0.3131963455652733,-0.804902719685074,-0.2231109494883834,3.0677232321100063,-1.0885514621150008,-5.4644749447202905,-0.3164086572308165,-0.828580949140917,-0.2294312417014907
-0.3267592556636879,-0.7857464560675887,-0.2442571831273111,-0.6062380229680417,-0.6811367641361936,-5.84145217551152,-0.3320508487479713,-0.8075023954238063,-0.2417628031429451
-0.3523701132432035,-0.7800915186733233,-0.2361511868161005,-4.801010349091913,-0.7064409251646675,-5.938337921753037,-0.3469083174975413,-0.8058885308944668,-0.2386016946019014
-0.3744370286226956,-0.800784677278507,-0.2444769401392143,-7.895003459499452,-1.2767826638861624,-5.629736569509335,-0.3681520470816078,-0.8224611753812059,-0.2345874229469602
-0.3949295176760192,-0.8312210860064368,-0.2588694346001886,-9.403690961224042,-1.953711009509676,-4.4051897000472415,-0.3899355746694476,-0.8549723398374309,-0.2532378285643588
-0.3893069592297109,-0.8499934957719528,-0.2763595028404253,-9.8302690245028,-1.8771549260205829,-2.820484686713756,-0.3829006791818104,-0.8824796595822619,-0.2759501627708755
-0.3656463339108144,-0.8698641652066533,-0.2887574471702919,-9.395769529934302,-2.3217683709608905,-2.2043844583075587,-0.3610227786579165,-0.8861604142602999,-0.2847527932054749
-0.3491190966609636,-0.8714661679093105,-0.2818834463472395,-8.751280072154511,-3.636778320769257,-2.0018338833808427,-0.3492687151644436,-0.887529483720196,-0.2839192937511104
-0.3511348564144222,-0.862571585759925,-0.2682712480606968,-8.450317567367474,-5.027066710101091,-1.6486057143815245,-0.348600877264873,-0.8901153603623243,-0.2667780370880935
-0.3612720886868491,-0.8560333741353239,-0.2623733375394433,-7.468720298820881,-5.756730569227389,-1.015974271437744,-0.3584534697550039,-0.8756398856407173,-0.2584871574886794
-0.3519298149203692,-0.8236957177476073,-0.2729321796031592,-6.4944596277058135,-6.228762703622652,-0.4007866412953401,-0.3559721537298494,-0.8476750372150299,-0.2650144243943071
-0.3548713568341875,-0.7968471237067055,-0.2563101785774881,-6.638957007215101,-7.596413413343126,-0.3091462697120432,-0.34743643490348,-0.824896809299077,-0.2645961989009966
-0.3183629450932944,-0.7969695385936727,-0.2585995181491429,-6.55004008418756,-8.544965048003368,-0.5518394619341208,-0.3158938154440079,-0.8135470382704699,-0.26674755461261
-0.2575370531367768,-0.7749854974203425,-0.3000523313568417,-4.721230608269292,-7.924526597454254,-2.226702787481841,-0.2620551082457923,-0.7947228221264235,-0.2980308465371086
-0.2827414717371862,-0.742195578211168,-0.3489200179172862,-2.865728925981763,-6.000064311016033,-4.414728595902128,-0.2720374631439203,-0.7641742312655501,-0.3508665312137312
-0.3226632318483379,-0.7357038977577383,-0.3935723954209931,-3.801415209319668,-4.48022473021771,-4.61637137843926,-0.3203194466147208,-0.7515839978023118,-0.3846209085982747
-0.3393085418008938,-0.7378100200900761,-0.3928718558045403,-6.033814603676078,-5.898976024916361,-3.11175375485789,-0.3354412599372179,-0.7594803341587277,-0.3938646663708028
-0.3438694411982522,-0.7651405895721891,-0.3783861371325213,-7.143485231120181,-9.357507274249995,-0.3960423234559696,-0.3268852116059966,-0.7854753437325123,-0.3738323164618564
-0.3297601221850393,-0.8265320720059366,-0.3344257602151868,-7.771506619032264,-13.675887255833286,3.492576470975957,-0.3254224663700765,-0.847377616886678,-0.3278484859682635
-0.3505257402185665,-0.8768849418427785,-0.2829389033231172,-8.777911832890455,-18.28523015935181,8.353872113320795,-0.3493338840732145,-0.9028759536689624,-0.2881970610004744
-0.3487902455436957,-0.9125366790066342,-0.26952839005135,-9.082503087309318,-19.585926574791884,12.881442043176747,-0.3491715372669403,-0.927901389285012,-0.2585276057163493
-0.30714524290803,-0.9330976788722214,-0.2466909650006905,-8.768873560583094,-16.585919924842543,15.41422712617489,-0.3241559461943358,-0.9462164544298496,-0.2464422604131005
-0.2907663278324724,-0.9342293247555532,-0.2569251775255985,-11.051281758291074,-13.5208909263499,16.931358059837983,-0.2993510416933866,-0.954579476700506,-0.2496407684352935
-0.2653842248886676,-0.9359182327912292,-0.2770797050376302,-15.523909511077884,-11.991554551370244,18.5410067860979,-0.2587127281405045,-0.9587583733171507,-0.2557390812202198
-0.2381379321375219,-0.9262105224326233,-0.2747358309012282,-17.993836507003902,-9.531939886055536,20.301058861759103,-0.2359472137532276,-0.9456931323645276,-0.2714795786849863
-0.229616237332961,-0.8908368018752618,-0.3077525879634822,-17.833528939082655,-6.369329985398753,21.7377724598118,-0.220000379559944,-0.907253291038938,-0.299889640758667
-0.2159230738091566,-0.8270209639449967,-0.3345096197408206,-17.53123582571413,-4.187664780944199,22.0695000600697,-0.2030689027124211,-0.8564358287449721,-0.3365514359525638
-0.1993216996728241,-0.7727727624432755,-0.3403222845284336,-18.43128933943982,-2.3170451412509334,21.273464606929927,-0.1892733793279856,-0.8040377614793535,-0.3510076957127406
-0.1909606800882244,-0.7630903075179428,-0.3562725371781788,-19.79176027401205,0.0245427081803813,19.51357335420124,-0.1748687517899539,-0.7822445085001802,-0.3477288644179606
-0.2108255005863112,-0.7594639928127381,-0.3526689228982061,-20.978878942564855,3.199222586012876,17.738224609999463,-0.2030559915842184,-0.7805087396088156,-0.3527521398653004
-0.2257059701344717,-0.7561964394976377,-0.3459282633082098,-21.90226544711029,7.195729562437161,15.952413271844923,-0.2208641849047875,-0.7780188938412366,-0.3569512708535268
-0.2259277824615979,-0.7573656796050425,-0.3599164985940988,-22.92164038050841,11.825064684204849,13.404166221204507,-0.2187797365284959,-0.7770850320375737,-0.3597654612534028
-0.2432875910739114,-0.7592948429178558,-0.3493325928724257,-24.68437050379808,16.19027546085271,10.716349997483052,-0.2388217308637784,-0.7794257103878626,-0.3504627129502964
-0.254201857544459,-0.7798570216514056,-0.3267143970231718,-26.752874811306228,18.268184105087634,8.446556045571901,-0.2456320446031992,-0.7972812818069989,-0.3317330180583142
-0.2759939600819967,-0.8069280079490878,-0.3179567874533294,-28.53928994525973,17.935496141593454,7.399897465421279,-0.2713501722071963,-0.8191188893193049,-0.3169510666081193
-0.3273620543909197,-0.8247209403378533,-0.3239122392798442,-29.80105638494556,15.955303703688008,7.589454788726194,-0.3213811592792197,-0.8392477613322504,-0.316680880665726
-0.3813092731047536,-0.8271727614738341,-0.3450823836628314,-30.26798214379604,13.122194894860588,8.392504210352111,-0.3639876345388708,-0.8536652906017353,-0.3414119057079031
-0.4216088391273292,-0.8295045324040349,-0.3541471061292499,-30.27494673127059,10.141704714463245,9.880431350370332,-0.4059507583366859,-0.8555874419404416,-0.3640185371508101
