ADXL_X,ADXL_Y,ADXL_Z,ITG_X,ITG_Y,ITG_Z,MMA_X,MMA_Y,MMA_Z
-0.1797194678239515,-0.7122570766981025,-0.4259998214961057,-9.13119232325828,10.470051073122232,16.973601343976693,-0.1622702131074163,-0.7238150446037568,-0.4347376792325607
-0.1850776809019383,-0.7345652108448183,-0.4420776151760198,-9.975732105702896,9.472402473237922,14.486097790417723,-0.1804777882523071,-0.7369298060054053,-0.4389928432206132
-0.1822815691716627,-0.7352077626915001,-0.4427191185151095,-10.153320639355718,7.768328076234086,11.978057576084788,-0.1792159448680942,-0.7471305079377915,-0.4403861147305308
-0.1648951601489214,-0.7356527752639681,-0.4285215529415006,-7.81460645741984,6.739970766224213,9.558415699529773,-0.1613864748303317,-0.7528924917370912,-0.4339757097542581
-0.1369135649124136,-0.7489583214152171,-0.4089271111727127,-2.2635357264163165,7.140764467507003,6.74947439206412,-0.1318102425442487,-0.7576282970324822,-0.4083276448097904
-0.1010986148889533,-0.7493155228869817,-0.3655375585864221,4.898586127305023,9.149524211788396,4.182468756161243,-0.0958330812209291,-0.7573668015894479,-0.3711496851041171
-0.0670800115015488,-0.7458386155400325,-0.3222761190005194,13.200281723687182,12.084339375229655,0.2552170581126007,-0.0721483694124182,-0.7554453914838296,-0.3336884580236451
-0.026724793433651,-0.7498156658127229,-0.3131144826401028,21.25016248968793,15.240600882654135,-4.021640063499456,-0.0271927040818612,-0.764502350047594,-0.3100550531926686
0.0116330560941938,-0.7492881694927831,-0.3457063495641712,26.314149502911626,19.25251384708925,-6.141796858294291,0.0123640311210885,-0.7736355841849073,-0.3235489380074426
0.0070296319596243,-0.7465726294619668,-0.3936623932341957,26.250334100213827,22.880804187808664,-7.775165770093958,0.0135160901593532,-0.7707944514728113,-0.3820875051752832
-0.0071877803900082,-0.739635464538557,-0.4633090477569427,20.85010862424165,24.33257017612101,-8.153359076635276,0.0063445016981934,-0.7644761445069215,-0.4644657731454753
-0.0302779870831672,-0.7442573651493142,-0.5348721062415145,12.333493173906248,24.158164408297523,-6.831269790325774,-0.0180939405424714,-0.7688868410131964,-0.5413955685553213
-0.0587941529085944,-0.7892448757754648,-0.5694422101078906,4.378175252455298,22.67634429682704,-5.343609913253117,-0.0442620299198956,-0.8026755450738545,-0.5807315661473804
-0.0671184303240163,-0.8340737212673297,-0.5829496550719329,1.7160566516920943,21.185224617885236,-4.147706917002836,-0.0586637190689953,-0.85101096552279,-0.5918318515277
-0.116315678479093,-0.8438417811850201,-0.5957325792848474,2.599971874438328,19.36601415396416,-4.340163769396559,-0.0911746281805351,-0.8622878838958602,-0.6145223886611324
-0.2074481248082048,-0.8354179366808251,-0.6044788832466739,0.8361339194925173,12.126488895583266,-5.13449110675996,-0.1711681673833425,-0.8506043276437905,-0.6254381715828089
-0.2843364558737583,-0.8602581209707866,-0.5920146369256402,-3.213018131829614,-0.178216380565125,-4.084112964217479,-0.2617397206627024,-0.8769284710750289,-0.5998041518340351
-0.3321483081301931,-0.9438456882927176,-0.5518842984284682,-7.531276763885522,-11.355583906548835,0.1699282845865178,-0.3133107591703991,-0.9521217998967996,-0.5637023550413234
-0.331615762235728,-1.0083541834359877,-0.5185557960210869,-10.566583101540033,-19.78055165360419,5.70037531108903,-0.325081294987584,-1.0302036104916286,-0.5287393377107739
-0.2988346708462321,-1.0244929674536791,-0.5213766751279981,-8.729263503353739,-25.54740381402585,8.990380626573865,-0.2913946046418668,-1.051393030768189,-0.518562838371812
-0.2758616396411429,-1.0228855889121038,-0.5465664306493343,-3.2630796897109997,-28.463178872456,10.43019651566212,-0.2586010155084203,-1.032102217438272,-0.560509516898267
-0.2104805210530486,-0.9880721650795724,-0.6227743238542145,-1.3098359136895,-30.040354317276904,11.579764752105444,-0.1980267391553299,-1.0072070251292735,-0.6406857155304568
-0.1030637004160422,-0.9813308886276206,-0.680108797520441,-7.595281094825124,-31.88710700519456,11.370106491632855,-0.0863810794745415,-1.0091580049606046,-0.6901080597181056
-0.0151536426454149,-1.0626117754132167,-0.6003920011044246,-13.901897731244969,-36.83122748314299,8.239402817538986,0.003135419597806,-1.0747601212145728,-0.611433298980248
0.0281616446815315,-1.063142008581936,-0.5687911866791455,-5.866039728787438,-44.19312251929339,4.340108272164394,0.0424009690208225,-1.0739225351317807,-0.5606079327370441
-0.0312327694585871,-0.92507481249497,-0.6982447137664011,5.50127206858158,-49.708022715074414,7.01619362949865,-0.014698600043561,-0.9561033850654151,-0.7000441385219149
-0.0846054418003326,-0.8796881065280195,-0.7640765320583724,-0.2073260918452611,-50.77838489660152,14.184613523600786,-0.06859096051409,-0.8998500935013045,-0.7781715134782314
-0.165901726316984,-0.9246221305052928,-0.7481458956540017,-6.661993031898784,-46.74095938634312,13.945433520618808,-0.1484424225389637,-0.9257678100337944,-0.7569125489903606
-0.3550019585829794,-0.9122022247181368,-0.7943902374535057,1.558199141599068,-40.67257123592713,8.364288364952934,-0.3444667290413507,-0.9271071741484438,-0.817572558058919
-0.4228167248103108,-0.8640732581057817,-0.8424067416389911,10.223562315516425,-31.25690390423001,4.831708735583657,-0.4266600236945518,-0.8711724918367241,-0.8640211994251716
-0.4337274486001261,-0.7865761865797248,-0.8571804737940548,14.5828865795423,-16.894636304848333,1.1158236308352183,-0.4352340768201266,-0.7901363867884067,-0.8782170177197415
-0.4175251133479604,-0.732033799666335,-0.8387398677480379,15.641495026105796,-4.6779915384250526,-3.7238869841342326,-0.4192481931005754,-0.7523533119050738,-0.8675555539047333
-0.274624950726703,-0.7257331785249084,-0.7793335471748585,12.140182915494444,4.1514825191015134,-7.930778988874222,-0.2751781573072095,-0.7375898939894205,-0.8032226750688595
-0.1687076671535191,-0.6861151229878819,-0.7594483419684428,10.36877064715495,11.081931477028132,-9.422079033497962,-0.1551626802718438,-0.6895000502157949,-0.7748085249133555
-0.0698096834944367,-0.6119439568849793,-0.7688199422785144,11.123164380112012,13.19752451095869,-7.471458516250699,-0.0542787805204263,-0.6135145979777955,-0.78590585645075
0.0710515430858921,-0.5178103048155495,-0.7902637543644992,11.713478706655383,11.6420414718428,-4.543684037104049,0.0789906672526335,-0.5306540538621464,-0.8162035950066044
0.1898784000795438,-0.4692819339745094,-0.8073084145344451,11.453618389990227,8.297379624077818,-1.382818504278976,0.193468509367166,-0.4888600731533033,-0.8269421036932412
0.2715019917218293,-0.5311465372019109,-0.7587932323020257,10.021618188018907,4.098608535540867,2.2389737376803405,0.284715292863577,-0.53756043559764,-0.7686652302690244
0.2794716550861141,-0.6301502010680569,-0.7096829980188,10.626583327820851,0.9672047511997852,4.455044464164317,0.2931161171640241,-0.6345164772143188,-0.7051768767302123
0.2219890895111935,-0.703982528762435,-0.6926086425360262,13.425166986788598,0.1937982980967149,4.158035924862441,0.2173392495532027,-0.7014527655278183,-0.6925791129468452
0.1061697027778334,-0.7263849906905342,-0.6928716157222878,12.187149927762272,1.7378677403429286,2.4242232391521386,0.1101639728883037,-0.7359150163744432,-0.7078082014401668
-0.0149855992477797,-0.7351082831762096,-0.7108379552208035,5.040089278803022,3.395406034778428,-0.1451210003000834,0.0012992617599877,-0.7651624736177449,-0.7119379923539187
-0.1158982025247538,-0.7829638811045829,-0.7149756057476153,-1.6792027991207297,4.638442277044107,-2.605960099292974,-0.1022897064191983,-0.7993197208191741,-0.7189347657197195
-0.2103660467806975,-0.8123931664725692,-0.7236194679605351,-3.341641852889241,6.680028158591053,-4.550944486865334,-0.1896264351981504,-0.8221189906969317,-0.7342968506817104
-0.2524281118935085,-0.8005082961275682,-0.7167556794110135,-1.01177140345855,8.115617740454766,-7.766262850790931,-0.2352067917245698,-0.8101796101164136,-0.7354214247658867
-0.2673462958066748,-0.7645311286808679,-0.6941927116497048,3.2167517861141013,7.311123382146915,-11.846575484042551,-0.2527229613051939,-0.7764833276455679,-0.7197197982883824
-0.2551695057973957,-0.7271327987727824,-0.6516762854787925,7.190540699343651,5.31646626372337,-15.543128590858467,-0.2405488629186372,-0.743005017966333,-0.6686280695180242
-0.2064947039960575,-0.7225246586898095,-0.5745476834784751,8.937673318081131,3.9501348399365104,-19.33590737269484,-0.200637005405787,-0.7255665366838346,-0.6091814264734886
-0.1710401217618521,-0.7092436020550185,-0.5562554173179663,8.075880594811682,3.174973856112065,-22.92598835880017,-0.1553690644033203,-0.7161838763663892,-0.5773195210487181
-0.1371323669705549,-0.6818286703664823,-0.5586765192476792,5.128011475851005,2.556826887854961,-26.09112540912742,-0.1173764087314277,-0.6967248064085587,-0.564176300160526
-0.0971794055577178,-0.6700578577620155,-0.555230827301965,1.91631265178366,2.770557302124648,-29.634920159720384,-0.0869822410670707,-0.6747396305253398,-0.5739800299195038
-0.049913435975371,-0.6552074649939774,-0.5754122255410461,0.366972029787212,3.47320696290816,-33.79498737789305,-0.0373227854182633,-0.6618319902051641,-0.5805826145252222
-0.0020269382477672,-0.645107499202457,-0.5608455044882974,0.3852715184580823,3.379677667505417,-37.72371552161756,0.0120361684606125,-0.6634416899103752,-0.5700848966018779
0.0323833958236702,-0.6464259240253856,-0.5587662909604876,1.0735366052055315,1.9971088961242436,-40.91665742215335,0.0414015134301637,-0.6678153456154574,-0.5648768562970335
0.0579677835587752,-0.6416896553069342,-0.5656892044461592,0.767526754665938,0.163375654681032,-42.45281149265596,0.0661007903954576,-0.6605284671523395,-0.5638046276355994
0.0633126398573467,-0.6209479989531979,-0.550658029995414,-1.814870408220364,-1.4792218224607776,-41.34492781586345,0.0751628029651376,-0.6407900615763312,-0.5665281862480668
0.0543547788960504,-0.5912046818354086,-0.5459912372363419,-5.60795946962799,-3.211002441041324,-38.61827593290872,0.0687064451772381,-0.6125084714849882,-0.5550045053286528
0.0250092538638208,-0.5821237508944421,-0.5180253626033009,-8.428686045627419,-5.171955147343449,-34.56214649659258,0.0463479965466201,-0.5930864197468971,-0.5098199572389547
-0.0048201681654918,-0.5858496364150807,-0.4722843878563121,-8.33547203604384,-7.869620219489594,-29.26755573049521,0.0148820944550601,-0.5856404322001039,-0.4591449653186945
-0.0155642341904205,-0.5737603700183983,-0.440883028521583,-5.434354942600778,-11.257656217980031,-23.67909293058904,-0.0065033087428117,-0.5830900340835277,-0.4353131596674329
-0.0249604211429154,-0.5757909425236257,-0.4435192769352702,-2.7980653388466763,-14.355962671384203,-18.142472545002796,-0.0131728706228878,-0.592686388200867,-0.4358110748568483
-0.0108743150695778,-0.6019208540652747,-0.4485741332491378,-3.452133215116708,-16.815867607378664,-13.64236436679699,-0.0013044094224206,-0.6150826975718362,-0.4337120818898929
0.0147227192917526,-0.6227951187876944,-0.4344901687554559,-6.813260501608427,-18.787443876685817,-10.34113732310525,0.0232574632423232,-0.6457583838055401,-0.4361627357355137
0.0371801396057019,-0.6536505718398236,-0.4629055023321226,-10.958620256037792,-20.333920022800108,-7.881880553385394,0.0549240890974283,-0.673537202118971,-0.4576393751726647
0.0651879549272901,-0.6900321948538422,-0.4872693532792391,-15.087184081734028,-21.336580593667264,-6.438262947088264,0.0755702075865989,-0.6956064390311729,-0.4707804614270361
0.0745620110586286,-0.7111169567252575,-0.4804072871492086,-17.36118589001646,-22.30584130836309,-5.604911831769017,0.0800377519957028,-0.7192386436192033,-0.479126466465974
0.0563297029790486,-0.7388106918632098,-0.4822739237068528,-16.832219700263114,-23.91856448118485,-5.13808146682623,0.068448170888466,-0.7438219105639743,-0.4822111655348953
0.0157678737403225,-0.7584994909610406,-0.4586278998983092,-12.856792655905297,-25.644617263402885,-4.46930679209765,0.0267597262763989,-0.7667950904860041,-0.4610971477959856
-0.0119833153456221,-0.7532443264881069,-0.4374926414582094,-4.318213366372267,-27.00310629310549,-3.068876145503296,-0.0075858750042233,-0.7708951835351023,-0.4393334660710046
-0.0216316194573449,-0.755908764415597,-0.4235792349142761,5.361467325516508,-27.91535631967169,-1.0727130147465822,-0.0214215374365054,-0.7636161035011482,-0.416195868038994
-0.0368764567010786,-0.7484996035653485,-0.4003962710038478,13.868772818215964,-28.423652402405622,1.3923193671264251,-0.0295556045035,-0.7571346153072372,-0.3931664367819008
-0.0213682249729499,-0.7149179457078931,-0.4275267604523176,21.17022760885009,-28.794598813300183,3.7447799795304535,-0.0165074513342081,-0.7257268471128553,-0.4170972124152977
0.015421329266965,-0.6664084075516767,-0.5052948383333776,22.9430112402112,-28.069462836459845,5.676307046594175,0.0099195889557817,-0.6773859807995686,-0.4998384489795822
0.0304637838982149,-0.6079576764897441,-0.5877233846214613,17.13799431677372,-26.240685764829134,7.836847822827484,0.0359738015541836,-0.636980620752478,-0.5934891664134441
0.0343770706488168,-0.6205269795478494,-0.613542612466904,5.770757512514397,-25.852172067078296,10.067384662381798,0.0493817739896015,-0.6421273648762849,-0.6287026248076233
0.0310088198679872,-0.7176111108591681,-0.5880588679661807,-7.84147928986781,-26.87887691091101,11.414292604617549,0.0457276404043347,-0.7306078997880715,-0.6026749231947837
-0.0083743067586539,-0.8273176324557314,-0.5751776390855237,-18.81741539606878,-26.413864106995376,11.89036783317251,0.0137311521229658,-0.8470330949347272,-0.5815630093042112
-0.0905145791309161,-0.9225514556582328,-0.5877464733950836,-26.971527954384914,-24.618711316771076,11.61948800145226,-0.0658077838180078,-0.9361072840539832,-0.5954723729440975
-0.1576921620985305,-0.9819718299370108,-0.6227521353119388,-33.746858550224985,-22.236912979009883,11.262700270511957,-0.1476597859272342,-1.0056078154368544,-0.6234674992713231
-0.1767660842927206,-1.025113678482894,-0.6387606041100558,-35.79315692990131,-16.286847791004398,10.221647181711791,-0.1753054952669611,-1.0524913512282272,-0.6461493864193424
-0.1546268341151175,-1.0572767960004048,-0.6514999678275556,-32.10538491254861,-6.501078023963212,5.449340651299465,-0.1481944055393059,-1.0728188565771468,-0.662430408337782
-0.0789491636868272,-1.0777468521294566,-0.6568371878780146,-25.283258335860623,2.27726630135239,-1.900260048213232,-0.0833276431860625,-1.0894330210412195,-0.6481264864252654
-0.0056889887516299,-1.1099579350894286,-0.5900906656783442,-14.702739692962687,6.618105510131095,-9.339011702134618,-0.0077775688479079,-1.1092940211144469,-0.5972909023424652
0.032610264220078,-1.1198322702956265,-0.5309675983040972,0.5477367245654738,6.806779538628229,-16.130675269562133,0.0503640705402251,-1.1127897128783335,-0.5372603232123485
0.1112850223595735,-1.1076511225140035,-0.4957720680783409,18.108413490426283,5.552711297277307,-20.27551093139716,0.1125687076544277,-1.1132823671364205,-0.4813861200028632
0.1692259256827046,-1.0575478292464124,-0.501596166335358,32.90415147532604,4.8664840458536975,-23.22776507716941,0.1578962600179612,-1.0781134353827937,-0.5040947648490344
0.116657166552514,-0.9774188796779506,-0.5938816520717534,36.289471061005,4.686484075109122,-24.916259114664477,0.1253887355127774,-1.003491087678495,-0.5983757789416888
0.0315876640538898,-1.0087500605905535,-0.6034691296115209,26.9213153085567,7.111926482518544,-22.30390717473565,0.0425722018590776,-1.033281885343939,-0.6109669397762674
-0.0477673077842607,-1.1346247077684724,-0.5329453216565357,18.812470941660507,12.977370505696344,-17.758329678819887,-0.0508061388004014,-1.153304274545358,-0.5389439690279108
-0.0705630944207932,-1.1667407514984631,-0.5790716245135021,22.69966306491057,18.420702451344408,-16.627564084708386,-0.0705030136841277,-1.1759419500724153,-0.565936970138239
-0.0031280569240304,-1.0432748126749467,-0.7403494138028117,27.013242797396817,24.24886845085257,-21.00161759010739,0.0139257827276521,-1.054437992371514,-0.743656877785852
0.0965007087405512,-0.8996108623063764,-0.8632337291893918,18.24808500393912,31.43499968057383,-24.123268917697917,0.1105747537101293,-0.9218117141820722,-0.8765530045963783
0.2434164649347427,-0.8459578810382097,-0.9225048265380392,6.453439684604838,34.29974741577397,-22.70622571540516,0.2453196813416034,-0.8650149552735551,-0.9331956999038435
0.3662776191847536,-0.7779865448835658,-0.9938175909839934,0.4546927609462463,33.067348640694576,-22.617291263749063,0.3767985249542835,-0.7968653730589804,-1.016533435416524
0.3839023982067248,-0.6568591096023013,-1.0235825044768667,-4.851791946810371,31.479028923197767,-21.8116610100114,0.3967967977673684,-0.6843450239352089,-1.0518524426664524
0.327527416450581,-0.5670532426806129,-0.9989850564081016,-10.516754078114934,28.718304154586843,-17.525491631316125,0.3453820596886747,-0.5706913320408928,-1.0309410210159324
0.2058975387054038,-0.4967921766209103,-0.9097062702234616,-17.246053401870125,23.819842432174347,-12.56222805993668,0.2413785625600052,-0.487760253366265,-0.9404732767303504
0.0646826161794895,-0.4653902078919705,-0.7540213449795969,-22.09958759710457,16.86624595374211,-6.700205718805902,0.0928389029505101,-0.4728996299523689,-0.7797606010379157
-0.0937824943742917,-0.4783916083845504,-0.6870192426444901,-20.139856009093133,11.214710345582589,0.0511975001468796,-0.0785465234527301,-0.4745430399463238,-0.7069434131776815
-0.2546148312840359,-0.4754143019998884,-0.69942833673559,-14.29085209082882,10.31540157156641,7.075830986044354,-0.2459033797220838,-0.4710139381499979,-0.7152834551446654
-0.3556326418379782,-0.5152813342887751,-0.7010908388806733,-6.592887865707201,13.366450264002422,13.783908677064964,-0.3532454958265213,-0.5137027328554695,-0.7142970057985036
-0.404927334814089,-0.6153408960621793,-0.6846687518673467,1.7364583309649595,17.177449909534527,18.337328651648956,-0.3941692622318075,-0.6063004461707614,-0.6986566214928042
-0.3859327537594457,-0.7004439292407264,-0.6613314377674538,9.097063724359929,18.047955904710868,18.489073077003003,-0.3728612403702865,-0.7139813520918774,-0.683551263063582
-0.3315349179805277,-0.7790889939489141,-0.6975062914852171,14.100809212921405,16.04922817258226,14.23509609160061,-0.3124191008238164,-0.7919909306187621,-0.7064289699833568
-0.2634459864437464,-0.8332154119248624,-0.741135750086406,15.692019665601109,13.643884629376233,8.83245332607387,-0.2402496761296441,-0.8430753503101109,-0.745336142365917
-0.1433543199365908,-0.837016184134513,-0.7637616880587318,17.32753524993411,11.929788623399835,4.272545696615523,-0.1326241192483848,-0.8644020941305841,-0.7780496590176089
-0.0171588354480188,-0.8184524222935482,-0.8035068431652026,20.244941589707583,10.71843696892577,1.8561677364665568,0.0043747874947261,-0.8347087989542108,-0.810676290867127
0.107338516135267,-0.7761906972958316,-0.8004211908909662,23.432973273930088,10.122272293080014,2.609345224069296,0.1238259749124921,-0.7897674803529152,-0.8129343161017168
0.2033364835276972,-0.7354545253595923,-0.7725941093737017,26.310534498126117,10.84940843869318,5.760571617991289,0.1950124071455565,-0.7484516685961566,-0.7848287747299092
0.201380200392008,-0.7008330724847147,-0.739193021901274,24.756010478735043,12.013971105624105,10.71859182114336,0.2057165110175728,-0.7086066928840132,-0.746944503538583
0.1613952057367725,-0.6643948251202798,-0.6823118319240322,17.084315724978417,12.760725551259782,16.79934114654601,0.1681007580021696,-0.6848319384919919,-0.696510710391307
0.1145963055051451,-0.6594654711146479,-0.6335084870207347,6.812940845346936,12.710166052141831,22.47659758583492,0.1113850624197625,-0.6760257412452928,-0.6475102536609025
0.034434294796165,-0.6603070447885516,-0.6100622125390354,-2.318121532918743,11.710642323215383,26.755713551463305,0.0448481038183765,-0.6704304935235847,-0.62571415316401
-0.0354640389293253,-0.6511295178335635,-0.6078177021976773,-8.272319594335666,10.378195696226037,30.415662447530185,-0.0248546450356521,-0.6642582003067008,-0.6233449678108868
-0.1015471253298787,-0.6529608439373913,-0.6009181435988658,-9.686211225155937,8.85574127062393,34.606443929023904,-0.0842289841990118,-0.6634720923745847,-0.6154206812710006
-0.1686681716807462,-0.6576871263589441,-0.5961636708391824,-5.733208414224164,7.244112165022342,39.18596492555128,-0.1356559403023402,-0.6637534670655478,-0.6031934998246847
-0.1822658391552284,-0.650625022050002,-0.5857095973233547,1.4423926815938255,5.788057410134615,42.617468843864245,-0.1700029497978253,-0.6554970367589712,-0.5958454077501214
-0.1752031337378918,-0.6320965151363579,-0.5679465896324678,8.766820698717288,5.435496382264067,44.50139768388298,-0.17520628404294,-0.6390649611791119,-0.5789961855791652
-0.1759604518627724,-0.6103643612874554,-0.5572422620026365,14.026583131014544,6.050430367081225,45.592451487753365,-0.1661603495383571,-0.6180177935409548,-0.5548036649109044
-0.1665905021145249,-0.5853915927839896,-0.529302159749165,15.38311320856984,6.573704982755091,44.971156756380864,-0.1547730691650708,-0.600872669062241,-0.5375727316860539
-0.1499465321048871,-0.5743496447932067,-0.5124531423465278,12.966486526600676,7.21883980993647,42.59813248653906,-0.1352865147866018,-0.5951191541255623,-0.5232047286589838
-0.1145979288501344,-0.567808563959002,-0.510050814068802,6.98334532914938,7.596931819536207,38.29448807029601,-0.1036593471335432,-0.5902765667186693,-0.515894302633485
-0.0680266980909427,-0.559359550483297,-0.5133324797959521,-1.185263557225133,8.52939710862232,32.98317252040344,-0.0681139904585522,-0.5816903510714437,-0.5179068808273262
-0.0378099706201593,-0.567559089979293,-0.523160029886463,-8.756008560591752,10.71610580845793,30.132867318662743,-0.0422661962963956,-0.5860203568734169,-0.5235713329735314
-0.0439020798321157,-0.5757159682689221,-0.5187100715282145,-14.984755381130734,12.969907850930458,28.490840251331303,-0.0366670139800693,-0.5972139150554123,-0.5237820584475689
-0.0693192347387491,-0.5995451014845096,-0.5190397669109884,-19.06436081531169,15.744411955924477,26.3513968341804,-0.0572066813793129,-0.6104926544929966,-0.5180112574219023
-0.0893892094026623,-0.6277824085814667,-0.5104680925463104,-20.76089124465396,18.83685379319671,24.606545705912783,-0.0867634996677555,-0.6358008804432559,-0.516123979473838
-0.1164929212528214,-0.6500487993214261,-0.505677702141629,-20.552811147554653,21.604409017834005,22.43454640929314,-0.1106371084001911,-0.6621552299528105,-0.5115890323036013
-0.1423539207018314,-0.6874386153128249,-0.5038919969503672,-18.14172883392153,24.209443259512422,20.046163852722767,-0.1363681128146765,-0.6874546218213249,-0.4964684701098593
-0.1533649902612007,-0.7038491121265735,-0.4719769503757595,-13.579257109824136,25.70487924711712,17.5385009718462,-0.1448846109111494,-0.7118297468010792,-0.4765321793211736
-0.1439138812929258,-0.7270456125434588,-0.4509961379473789,-6.615797509206855,26.267584623639102,14.445510883486389,-0.1276986906494251,-0.7339674764792133,-0.4567246360113263
-0.1074897424871234,-0.758609276045876,-0.4346805927988912,2.6588428925915464,27.116903998483323,11.00733956762442,-0.1088060725618838,-0.7561845156877125,-0.4343705893500149
-0.0751066992777929,-0.7561233679616879,-0.4184499234353318,13.047883939474186,29.330306971902704,6.9128176853340335,-0.0804151691245362,-0.7609844816795819,-0.4153894690845913
-0.0498723929340199,-0.7386912204142735,-0.4115148178431147,22.54027629284121,32.4180621631369,2.5622676170182186,-0.0399717762749613,-0.742305318379566,-0.3979913224755343
-0.0195909391988523,-0.7072179617550975,-0.4109189278696874,29.120672345583955,34.75483445152361,-1.4165898667314103,-0.0160426984247299,-0.7210313315541399,-0.3994324017592274
-0.0242926139035565,-0.682828862330116,-0.4511043962775951,29.83701643437571,35.54340788134058,-4.63816018876219,-0.016687327763512,-0.703581668980019,-0.4448109735707186
-0.0600367361857037,-0.656932714787426,-0.5132698059802584,23.749821422735497,32.60965558266275,-7.191548387080489,-0.0444488645820968,-0.6805001466824048,-0.5130362629489547
-0.0959151373793285,-0.6414766202495894,-0.5898550445795124,14.883785905087338,27.447340705361377,-8.336594700646284,-0.0877153322393135,-0.6765295993840945,-0.600146450965565
-0.1376273686369299,-0.6927228313829272,-0.6387617603103924,5.2814942948090975,24.942529508749224,-6.470123999271221,-0.1205684566174556,-0.7166746399696855,-0.6553518627111341
-0.1756018502126339,-0.7724219102028753,-0.6225699761586155,-3.332845971568744,23.91663462700104,-3.14385046978843,-0.1569364680556077,-0.7903765617689369,-0.6366539358900452
-0.2023725571798017,-0.8361075399515456,-0.6291373122658058,-8.679209243469252,20.836833207076868,-0.901164940690657,-0.1880068466415284,-0.8668685693514149,-0.6315212908409457
-0.2067271148422007,-0.8815841045624186,-0.6497876080743706,-13.651683833458517,16.020443233146402,-0.1932237161616289,-0.1823906855305221,-0.9094730321110288,-0.6502910431479603
-0.1777344778356029,-0.9281024894663764,-0.6577379041845887,-18.786009052183413,11.465414446220262,0.5731202928299506,-0.1598822232558973,-0.9400609107361068,-0.6605312283151793
-0.1458601851144854,-0.9738699629005082,-0.6940919046823741,-21.816736850073905,6.112973411043543,2.2221880975530826,-0.1303510845733466,-0.9853480586486016,-0.6935781245407364
-0.1150384879342053,-0.993130850004633,-0.7138403474307222,-23.69212520657152,-2.095319413164336,3.0451676924242883,-0.0899102704468609,-1.0150844460904185,-0.7217163680288148
-0.082644071236144,-0.9982273702343988,-0.6966312981405072,-23.009872982130656,-11.064207024336532,3.216792054522509,-0.0602489503338339,-1.017910638597758,-0.7152616985690816
-0.0824808124076819,-1.0022631629647103,-0.6548586994802995,-15.876927410644296,-17.14619100543578,3.654163236935435,-0.0618937066703323,-1.0157135172986866,-0.6669404657709566
-0.1002722053525573,-1.0122753409291212,-0.5820735057803079,-2.8878629733772274,-19.24086043028081,4.041872894011957,-0.0892448106953644,-1.022357916934706,-0.5817739006613986
-0.1089414361521654,-1.029274911904493,-0.4991369956887954,12.480695225166242,-19.278641451803555,3.936798774696397,-0.105862679626938,-1.0313511026399849,-0.4936034898547038
-0.0970381223687277,-1.0230584672060856,-0.4472875072202538,27.11123743055382,-16.46310519361697,4.11753098179777,-0.0940837293049159,-1.0296710367814028,-0.4360834626341009
-0.0531899077321132,-0.9626555963083184,-0.47886726643237,35.34408268153796,-10.819706893815091,6.4846646333091496,-0.0560482311063027,-0.9862531803787012,-0.4706165446442742
0.0137460011482822,-0.8927134101143601,-0.5555270293117868,30.123204263709276,-8.464852198331965,8.68745608490885,0.0220644961579235,-0.9192962657422104,-0.5666187627431083
0.0923575118337981,-0.8908831458878642,-0.5816683824333,13.452894210980622,-10.273874283297518,8.107714251130602,0.1062715436181422,-0.9163994813990632,-0.5967711920633965
0.0959260347231513,-0.9433396101814244,-0.5632834789084838,0.4970155816522297,-13.65440853603013,7.355836718920796,0.1071776051108085,-0.9659247384727502,-0.5601984114209086
-0.0261781611271986,-0.9631700991948016,-0.5809204455057607,-2.9365632849818515,-18.654877085481733,9.626520325198438,-0.0026080031512581,-0.9793797725072816,-0.5723909296131428
-0.1903235715169559,-0.923549856488206,-0.6561185589691979,-8.57155280296373,-23.79569715072844,13.666112218952623,-0.1734583021056036,-0.9500324395300144,-0.6617962401629544
-0.3068798872218309,-0.8903831160805938,-0.709187590423167,-18.994560461580967,-27.850116552910844,14.96210858589802,-0.2983615700109318,-0.91784602938467,-0.7226382533830309
-0.3553022703941712,-0.8613238320795743,-0.7226227776606315,-21.35414382603174,-27.7980068002002,13.234532587495927,-0.3476054561531498,-0.8685227870083665,-0.7316457328241627
-0.4425690375859732,-0.7833441616454844,-0.7891033362609453,-10.456228616547689,-22.306751336132475,12.851633922643869,-0.4377034908230861,-0.7858640452259751,-0.7984026204670579
-0.5410434364771897,-0.6763094169717286,-0.9071997386749056,-1.6287639940684404,-18.976382016652497,14.531825366451486,-0.5122260704106392,-0.6881358557947941,-0.924275982400414
-0.4913974712449468,-0.5791415370969011,-0.9783015403542468,-5.132163751884455,-20.034065035886886,13.696102739188715,-0.4644485550606168,-0.5930548376415289,-1.0035822164674728
-0.3611039715746363,-0.5484384658719093,-0.9423786289819251,-11.325952846313744,-16.115151221089558,11.997625046452242,-0.3601507298355111,-0.561521730657361,-0.9702444582425658
-0.2291282838276388,-0.5858101531764814,-0.834933558601987,-11.840384531229986,-5.981624784165005,13.90164454561761,-0.2134054913679124,-0.5952927955158648,-0.8605898748857304
-0.0568883965954067,-0.5900979997260165,-0.7784179038794071,-5.22537579277987,1.4004828059370371,13.63480050129918,-0.044787528714851,-0.5973975280973933,-0.794902427808094
0.1145836045301088,-0.5448678660560988,-0.7922081776612055,4.153707424453651,3.1971652623247646,8.370297426228946,0.10412414714473,-0.5517882409720177,-0.7991512294232319
0.2202388016477849,-0.5146870695467464,-0.7973089343750182,10.385593187946688,2.4507403232654723,3.232590759480352,0.2245283742854722,-0.5139289170836102,-0.8125018591801403
0.2719830602010062,-0.5391099884100559,-0.7904680120876301,13.231090792308295,1.5846385876939142,0.846538047105749,0.2835431911007378,-0.5346238339939084,-0.8118691521368876
0.266644283667159,-0.6225261597350434,-0.7800701755363697,14.655987427016818,2.424113338661717,1.5395301159579935,0.2729260037757826,-0.624656220546643,-0.791860378733871
0.2011618418380523,-0.7035516883985079,-0.7739228206805036,17.374102944290584,3.82084093194144,2.333988830648137,0.2093296298600793,-0.7144047447267405,-0.7782223789160312
0.1224699539378192,-0.7533924936789494,-0.7842583803163112,20.49657807484675,3.947178061265488,0.8885340745164815,0.1258569504122284,-0.7607475381765392,-0.7904179534652518
-0.0133826461137493,-0.7769094962711113,-0.7899017283765657,21.76185021659212,4.062678398995729,-0.7751895488407924,-0.0017209583124234,-0.7853512293079827,-0.8070178828573539
-0.1850024413967431,-0.7743724856109742,-0.8020226658023278,22.190889623989825,4.719807527493385,-1.534754819951692,-0.1654116562256748,-0.7985740771231221,-0.8201993579550892
-0.2921216250837694,-0.7827800089563697,-0.8087157641006103,23.44469175731028,6.61172102794713,-1.888183729957046,-0.2812539047768586,-0.8024914106763519,-0.8223827067378184
-0.3652943677740843,-0.7826081723367277,-0.7787248178367584,25.61922749372429,9.754880035792484,-3.172760449566676,-0.3546891165667648,-0.794764512687796,-0.8012569792321311
-0.3959927513668333,-0.7419070983916771,-0.7447332778232278,25.644321841795477,10.273299200635416,-6.164008903094515,-0.3830604861933546,-0.7621642780128026,-0.7613361559970994
-0.3624126650303441,-0.6985397102330179,-0.7001702036395561,21.75162614790028,7.416668000207451,-9.93879328122924,-0.350751689827201,-0.7196769243640624,-0.7102183010326941
-0.3073264939339892,-0.6956269680098841,-0.639577333516685,14.261511685778128,4.243254271182334,-14.108933470705615,-0.295152145490292,-0.7150494838891236,-0.6538631510439563
-0.2307235282089013,-0.7160640430812794,-0.6094665202483391,5.12854877239031,1.6945453334835807,-18.50923616383769,-0.2152080543059171,-0.734005937632966,-0.6130742101184633
-0.1415356988954977,-0.7249124849877084,-0.5925059626610536,-1.3183427875702098,0.1570897400784668,-23.092320685875084,-0.123003772818202,-0.7320707791625828,-0.6018988881243872
-0.0581661484972122,-0.7231772868507622,-0.5903184421761207,-2.4545601244223305,0.2023930466632421,-28.538812843617908,-0.0442959984498075,-0.7228841385721967,-0.6056535782410069
0.0308907154315263,-0.7090688341824674,-0.6074389147835234,2.055513683510529,1.537919651673565,-34.47143986803339,0.0372042915816428,-0.7074564239061809,-0.6155808288271449
0.1093324827077493,-0.6845578576079306,-0.6025415625173145,9.127559642238449,3.684751786676548,-39.223270915046015,0.1116772696402981,-0.6823340269731706,-0.6180632950207281
0.14598406684742,-0.6437120139689412,-0.5972393531390703,14.743565323206958,5.743080670033274,-41.78524322169888,0.1492481926510283,-0.652215654893399,-0.6071027203534655
0.1511577951960415,-0.6035118345508371,-0.5852300921770306,17.282975003804555,6.971923783202702,-41.756800449521,0.1560016866115964,-0.6135745822882357,-0.5926487401474975
0.1283915609528433,-0.5672011477569875,-0.5576289129306617,15.50037086300498,7.548461294930565,-38.79570519232732,0.138521886831808,-0.5828115639549808,-0.5702097340991039
0.0901593677072557,-0.5318142895462373,-0.5355067070291204,9.97716313441012,7.57966130260385,-33.97495775120805,0.1003690047428884,-0.5611070279454935,-0.5412439743459548
0.0494771529807561,-0.532440622030317,-0.5025248695761229,3.2771230849515214,6.584202226145214,-28.44105191935768,0.0587095729036684,-0.5464597744505566,-0.5050242395745245
-0.0046416983359171,-0.524486108413409,-0.4842937069728437,-1.849169513197893,4.861542000236108,-22.351423331803684,0.0112408109280617,-0.54780964515783,-0.472919436537423
-0.0406054944528328,-0.5358086275254654,-0.46228824772888,-3.895346859942622,3.019915073463946,-16.876032374675013,-0.0338411634339967,-0.5682469401947958,-0.4498151507268712
-0.0638309723813611,-0.5914111142038418,-0.4376729112002691,-3.924527205819418,0.5596695502819415,-12.627533678836269,-0.05758688346209,-0.6005352364371336,-0.4369550821018709
-0.0813538065929672,-0.6193763176123168,-0.4541087802790324,-4.117427815350278,-2.2908272618601244,-9.393419800981963,-0.067915375416324,-0.6366969783920637,-0.4475693179970197
-0.064841277836672,-0.6591851712419502,-0.4726651015889635,-6.195913259087265,-4.42512062125814,-7.79826115338636,-0.0585760320050242,-0.67625642566299,-0.4588976125412263
-0.0423691302084937,-0.7005436213372006,-0.4812534231858484,-9.643287736010809,-6.072508753134977,-6.988883680913786,-0.0308477043857855,-0.7079629888226042,-0.4655688278667127
-0.014234197932568,-0.7268489106234364,-0.4633762624641189,-11.609939998641831,-7.916313992209029,-5.4847075918172585,-0.006084447873893,-0.733513522173626,-0.4651088134563665
0.0104320725041868,-0.7587074421492058,-0.4458974254331171,-10.040496756132995,-10.02031506554595,-3.12262115899908,0.015881124977162,-0.7632886531207426,-0.4481275008531929
0.0093411777312654,-0.7829443394548149,-0.4314467789520037,-4.066931743285901,-12.733227866496298,-0.8371789632077022,0.0256168479642827,-0.7974276382080843,-0.4214847731667336
0.0051287699935667,-0.824225777883407,-0.3869838943188726,6.014987809286732,-15.917720651218618,0.4798581602436558,0.015798741510007,-0.8257425431702998,-0.3892215702798952
-0.0078982315712573,-0.8409674787021095,-0.3793909358900459,18.23622554546854,-18.4831457164718,2.277816225178201,0.0036747819442283,-0.8417472104019688,-0.3694556920240571
-0.0015020648471577,-0.8315755577959557,-0.3657091070140391,31.19062951507557,-19.460523644694444,5.1162445822167495,0.008322434282429,-0.8469491790435038,-0.3574260983068421
0.034787078868239,-0.7914648880510476,-0.3847366064600407,43.00891879371133,-17.81194190571627,7.364718661792146,0.0423244078486951,-0.8011815319419271,-0.390343047730705
