ADXL_X,ADXL_Y,ADXL_Z,ITG_X,ITG_Y,ITG_Z,MMA_X,MMA_Y,MMA_Z
0.9579172491208172,0.1905995808904279,-0.125367931302497,-1.5581372151455966,1.6964119489307596,0.3300164207801777,0.9462324891607532,0.2306055710494454,-0.18103465768093
0.9647323293521473,0.1904971778663511,-0.1113089412945027,-1.7275731480837495,1.5425979040055446,0.3872292905935625,0.9454244958716176,0.2323336726203075,-0.1829788232678467
0.9569482980025452,0.1884750390160373,-0.1139739705813057,-1.7483195377955771,1.4719279720199576,0.3935158887944043,0.9469657300006992,0.2315332909721378,-0.1839016510670582
0.950956377944772,0.1914842561359631,-0.1136330745254175,-1.6256610593034144,1.4769577177171327,0.4075704959721948,0.9424741433738376,0.2315243157571538,-0.1848701533383936
0.9561463743210168,0.1877937286357228,-0.1169016391773484,-1.4791017809282865,1.456814371151334,0.5572022779130009,0.9427008568251514,0.227613898796052,-0.179642247058769
0.9512490617301608,0.1863249339084561,-0.1222584933031524,-1.4725288339403002,1.3630393636854572,0.7114826972511894,0.9428373263887964,0.2297370420958792,-0.1786319721295531
0.9478909176617708,0.1923266805314585,-0.1179133102495958,-1.615292811223685,1.2519593791530603,0.8295439728951116,0.9441034436260032,0.2303748430845458,-0.187002011048046
0.9550392115218826,0.1894922063225556,-0.121978849969083,-1.7678611197840262,1.1718617641273037,0.923544479559953,0.9479548375081268,0.2273383241759357,-0.1856875465650678
0.9609158924470146,0.1848465091920153,-0.1201738784550342,-1.9311171580335325,1.0864533526787468,0.8448310689027217,0.9446678796836528,0.2274026822260911,-0.1845799463945811
0.9577823868584197,0.1865352946688137,-0.1265436325966629,-2.0283807228452604,0.9731132522272202,0.7039757838361758,0.9449301854207708,0.2281915287619093,-0.1867314127115503
0.9555850609157044,0.1895747551543825,-0.1254984049277353,-1.9463603856772835,0.9524116094010796,0.611867879808928,0.9456222888154772,0.2268607026155654,-0.1866337923205608
0.9550547953446584,0.1937229811361775,-0.1126748478145776,-1.8475867776408572,1.025700952538982,0.588439393346417,0.9418760319755278,0.2252553014881017,-0.1875459951523181
0.9486118029504884,0.1846630018795401,-0.1247255800800126,-1.7010535174039898,1.2314075942527851,0.621173081023355,0.9435475827923462,0.2277914465666758,-0.1910751435372339
0.956633112035466,0.1824431533908651,-0.1294636632836752,-1.4643004372445974,1.571155292826412,0.6371739631743576,0.945337133322605,0.2276295464968614,-0.1965281393855044
0.9622325987566664,0.1909651887824581,-0.1308752996726908,-1.3683920379744632,1.868991517034646,0.5730178684932914,0.9421465191348648,0.2261148186887753,-0.1954905297102629
0.9543006602643672,0.1810596919314601,-0.1380265755663495,-1.4454742751549674,2.055526337480486,0.4086566141109853,0.942692298001673,0.2275361334136025,-0.1955589126109812
0.9567822773431632,0.1795876697978231,-0.1310266493232562,-1.5499362922969473,2.209252968646481,0.341392612994731,0.9468162923511024,0.2254343412098216,-0.19704715786204
0.95442748225994,0.183546481846995,-0.1328498391397508,-1.6235825755177642,2.424439214316088,0.3227915555681673,0.942919319598784,0.2226569176382588,-0.1959399885164604
0.953514921723554,0.1833796627387207,-0.1376404109619919,-1.606591062439263,2.726036674141771,0.2214948753539992,0.9389834375331424,0.223051741549925,-0.1968961073600988
0.9571259032214874,0.1859996472334991,-0.1312024711157121,-1.2962932122388295,3.087832732310172,0.2338914570307378,0.9423162579268384,0.2224962207784293,-0.195178297878123
0.9529004860688048,0.1797819337452536,-0.1279166250942784,-0.9524043432717896,3.3505811387823936,0.2580140482614401,0.9458276606316328,0.2192814267071595,-0.1944898584602541
0.9578378977067236,0.1806365433422177,-0.1345510873569847,-0.9013587043628049,3.489883869640618,0.1627688829275974,0.9468801926066468,0.2188695994782701,-0.1960286080667149
0.959472523291414,0.18449804712329,-0.1334632006403315,-0.9299593336650498,3.644345518062951,0.0859818650609326,0.9445210043548404,0.2228619231872404,-0.1985810339185709
0.959604594328871,0.1861463926711075,-0.130886740731687,-0.9604382961556271,3.903246724843837,0.0029838263382568,0.9461216341496196,0.2258589859060329,-0.1996803220267989
0.965287713102065,0.1829169416040771,-0.1370233086092394,-0.880965374759814,4.243323607458355,-0.0464287492182608,0.9454819292971752,0.227176114256876,-0.1967975461529983
0.9534976332018378,0.1857861113568576,-0.1321483827530354,-0.7553536064513443,4.5300559738095725,-0.050050473475625,0.9411424545662892,0.2279530108877301,-0.1968994542922099
0.9476716869026184,0.1927778684929105,-0.1326618776258692,-0.7308166724621914,4.881147044162792,-0.0336504884620666,0.9450649422411724,0.2258187340269472,-0.197725368115392
0.9557206840654096,0.174803315120891,-0.1327005926757943,-0.6374296993860111,5.255984358092525,0.0465756017497514,0.94548772735761,0.2252567544283787,-0.1968444531584419
0.9572821957427756,0.1751079382191483,-0.1222745008972274,-0.5471389241374818,5.421664676717723,0.0710777844834071,0.9434415441680704,0.2259687460524242,-0.1948582607611366
0.9565681221958562,0.1814488566440509,-0.1273508749016229,-0.5117371582733934,5.531708883906915,0.0907082147375715,0.9464691357968532,0.2224982195494979,-0.193980024734056
0.9503914727690476,0.1743574644538907,-0.1322519899820738,-0.5539987505697593,5.634386523727457,0.1088728709478343,0.9475237957317296,0.2223645060254536,-0.1953576675243858
0.9547714018784912,0.1831748882314914,-0.1317383450555688,-0.5991526960822708,5.668478606834107,-0.0356313093622251,0.9467989745783948,0.2241969597630905,-0.1939705639066885
0.9653155735141348,0.1815403979015561,-0.1348404727885745,-0.5679054415462556,5.773095811583374,-0.1828079346589942,0.9452676980482976,0.2242893195241538,-0.1917115214603313
0.961748106741254,0.1857371857675636,-0.1306084375709712,-0.6768276351624258,5.8851949376294135,-0.2523911694260389,0.9450556863399336,0.2258258458275114,-0.189998187248433
0.9622849417182988,0.1862423536962513,-0.1232531555056158,-0.6885749765497475,5.908277369368886,-0.3170844086231178,0.9459743019738812,0.2262213106819458,-0.1894725832873361
0.9622144727664744,0.1789814755699904,-0.1237818868746911,-0.5287435239932579,5.884223541361076,-0.3263315168098674,0.945191700019748,0.2256036448540199,-0.1871085605962151
0.9570129445611522,0.1859834272235398,-0.1278540898061518,-0.4969316909221504,5.7930188987955145,-0.3481088295964854,0.9452911380099056,0.2253235239126273,-0.1850524248908398
0.9561389666660522,0.1808610750696934,-0.1234117466696924,-0.5001227946337644,5.6952638268752445,-0.3748252407401078,0.9453394654683998,0.2279869873049421,-0.188125931456
0.9510119412236916,0.1871416546306799,-0.121363561371925,-0.5290125135108589,5.625945199203167,-0.2931328532299668,0.9444398985528716,0.2279449013627961,-0.1852138386925966
0.9529583301226924,0.1899884501476157,-0.1252727024423965,-0.5644607379417032,5.603860563138141,-0.182141887084107,0.9449999571734704,0.227301099398661,-0.1842629491975105
0.9614772195542318,0.1826927375190294,-0.1275673101356229,-0.5630578947314699,5.6310213873284525,-0.1072871747677215,0.94492592565742,0.2310902197319813,-0.1866084146188672
0.9569788324861256,0.1880137419456347,-0.1195112215414639,-0.5906249417647585,5.588783697294497,-0.0199431893900867,0.9448639465711628,0.2277053550636242,-0.1837497648417618
0.9547018193213614,0.1869549201563479,-0.1119821513178322,-0.6056433144726352,5.500484115259566,0.0439429730623997,0.9451470451819745,0.225806257729825,-0.1853205814170526
0.9569838647162988,0.1959889381800172,-0.1262304697934734,-0.642916947432783,5.437467353491575,0.0396478063209218,0.9447667697916458,0.2260280395762902,-0.1841365407117637
0.9545203074223476,0.1945560868911577,-0.1268385050331051,-0.6451636421642927,5.3941626725351846,-0.0245094737506313,0.943809542854518,0.2226443112947775,-0.1852139811336483
0.957992841313743,0.1782972285045839,-0.116082406885622,-0.6145555131608905,5.357912022194402,-0.1225323043983012,0.9426388351251856,0.2255507591843936,-0.1861098179580565
0.9569384938359822,0.1783779165129446,-0.1115175378661733,-0.6329389473825544,5.377305118689387,-0.1337666215920693,0.9446355657504262,0.2250546893728186,-0.1814414589315054
0.9543192453855864,0.1874223418043339,-0.1089043972492493,-0.6427809091116554,5.432838640061607,-0.020244640543857,0.9471387085855,0.2242976954935513,-0.1883902419330311
0.959228241999782,0.1905034756178928,-0.1121992752483235,-0.6889968954982041,5.407531904415662,0.0531313456911571,0.949511728461262,0.2265315227398187,-0.1881526068770779
0.9550091375400842,0.1828323315141262,-0.1082078878117798,-0.699178442606418,5.417650599681048,0.0571345105554213,0.9479691103155125,0.2247450868049543,-0.1826076138557174
0.9538022016717486,0.1884020766226565,-0.1151317690776832,-0.5455990265785806,5.451968202742334,0.0285272005547435,0.9439899218782896,0.2303721030677687,-0.1858204441432122
0.9588417916016156,0.187967745678116,-0.1169515798355359,-0.3973471684556843,5.409839668067514,-0.0227174817062454,0.9455871688249764,0.2331880815635882,-0.1822682569005759
0.9520403480406524,0.1818746132454724,-0.1143332603552884,-0.3862488250815013,5.417724575687027,0.0383331973127922,0.944232865988086,0.2255214877302317,-0.1790132552672093
0.955782805302344,0.1853628728527319,-0.1159958577601941,-0.4958395469648646,5.268216393859865,0.0609358999892269,0.9438391363930964,0.2228460504158596,-0.1789540698461827
0.9658639960348832,0.1784391683979042,-0.1068119291478154,-0.6992132693667025,4.990080544696448,-0.0137606477596857,0.946051558285222,0.2246702247707867,-0.1811868726013138
0.9600737764496368,0.1827866242383612,-0.1201531719178269,-0.7729016708441588,4.86736067428855,-0.0289334751397243,0.9456091710153668,0.2240530877453205,-0.1846321272025619
0.9609301947737698,0.1828377842224609,-0.1207071017842058,-0.6691637742848956,4.783738927917842,-0.0761759387089997,0.9493067871883564,0.2225017656103407,-0.1875169518372771
0.9625433674078784,0.1804787499811316,-0.1138002777654628,-0.6315802380242708,4.870488373106172,-0.1247105009144682,0.9478903510599428,0.2247051508953415,-0.1900450290738868
0.958501639973112,0.1852358658259269,-0.1231917233411756,-0.5650680249463358,5.129186137861365,-0.2325974479185964,0.9445170325445338,0.2268398250629366,-0.1827012634284714
0.9567625587566724,0.180339903639923,-0.1123777810466798,-0.4470052365683866,5.331277783086586,-0.339866850756322,0.9471033212233309,0.2247089259200759,-0.1828231608478111
0.9554174803935712,0.1838047338828018,-0.1138014118641889,-0.4584276822713583,5.353390449550462,-0.3269472418998319,0.943891111691508,0.2227808216384896,-0.1843427821896433
0.9621595867524906,0.1818457372568688,-0.1152951386162799,-0.4847540272188064,5.240112072706013,-0.4198279179064791,0.9423995425013224,0.2246629010492762,-0.1763097770033891
0.9600094624080836,0.1826605089680321,-0.1154949320935999,-0.5356914794708955,5.234557212364547,-0.4628467856372056,0.9467169987449746,0.2236834644264404,-0.1809052627482894
0.9601505399551956,0.1833730807336918,-0.1340400052741392,-0.6816676838626288,5.156720455750928,-0.4198706826760801,0.9470642566259544,0.2195248907357512,-0.1836655274487499
0.9642968205985952,0.1776634559787684,-0.1249774605685244,-0.7580524751937788,5.060851344522366,-0.449349269699782,0.9473381285019912,0.2234286624225362,-0.1821122742503849
0.9542360905757644,0.1858384884750379,-0.1157564206832915,-0.7072598383166533,5.102098064770576,-0.4277497496296366,0.9469321071542448,0.2255414111916927,-0.183935303322066
0.9568336689128024,0.1849984072176102,-0.1243948890769483,-0.6769937836881911,5.158552364874003,-0.4523615478155559,0.9459933630842416,0.223950926488615,-0.1813914689474921
0.9592341638377764,0.185313191038025,-0.1134056932744577,-0.6900288835796514,5.344287847762717,-0.5425055651975467,0.9470522032454451,0.2266209575035437,-0.1838372598982028
0.954864687477566,0.1899983086660218,-0.1115259062183684,-0.6417596140419043,5.5697359081378215,-0.6173691976388112,0.9445329372363378,0.2257602468632581,-0.1839408951316312
0.9607986859952232,0.1855593263247868,-0.1208377675781117,-0.6457127584907163,5.762873288449028,-0.6989015914127426,0.944104606025868,0.2269145187993803,-0.1805022630577361
0.958755781296079,0.183073637034372,-0.117826305722154,-0.7064799794294074,5.88226575574785,-0.7654400394053873,0.946584305599325,0.2300428068128094,-0.182169435265497
0.9560187401714876,0.1856024966096218,-0.1172547715848846,-0.6370210468310924,5.956445031502218,-0.7622781048131619,0.9453743234855696,0.2296315024618914,-0.1803598341364769
0.9610668734905886,0.1913214276705742,-0.111566122009805,-0.4820323810468426,6.065023293853294,-0.5644491470114862,0.9439592514271146,0.2297601111798146,-0.1769138117264122
0.9581812097059051,0.1889245446548577,-0.1108265663304308,-0.3642743854103251,6.004550674133552,-0.3666255528134239,0.9456809377593384,0.2282913321153552,-0.1772631695475097
0.9531666145721842,0.1870352110387012,-0.1143800910769473,-0.2258210443300722,5.847444774189657,-0.2884302926157827,0.9482154860224914,0.226629547072001,-0.1768171872940536
0.9589416913024154,0.1840826282468025,-0.1115200204860604,-0.0197004540663865,5.7247294054987785,-0.1449600449102354,0.9453059060251826,0.2250928353726228,-0.1781470773059659
0.9638482560585824,0.1828272545961184,-0.1166880482696621,0.0035735711991217,5.716992447672672,-0.1232848208873083,0.9454486709568726,0.2262770680657929,-0.1787254319033065
0.957980210138644,0.19373582100101,-0.1128812345559495,-0.161062920055141,5.772884435247929,-0.1769068611741555,0.9477866958629902,0.2310505613559128,-0.1748041411096896
0.9568990969869446,0.1938571184440589,-0.1061218510027428,-0.2177452887371283,5.682065756587566,-0.2038196519224251,0.9436032917289134,0.229713601208654,-0.1736908102296085
0.9599694150810992,0.1852762608893931,-0.1083155769950996,-0.2856824788075541,5.6597402774400365,-0.3297786146691661,0.9454584544590068,0.2287330906672414,-0.1723956681402363
0.956771181121387,0.1842464114789382,-0.1130748053562655,-0.449560328846554,5.719533670231907,-0.2535686322602624,0.9472592574750832,0.2335508876520578,-0.1741213471853777
0.9567865697821922,0.1911750296732027,-0.1204855384465948,-0.523429544655023,5.712187649871871,-0.0022913514240659,0.946703723308566,0.2337410633869515,-0.1776593730033426
0.9606030949625084,0.1915002651948121,-0.1163681024096339,-0.3175758509786215,5.810983086910589,0.2650973550070228,0.9501331393399997,0.2316965390251333,-0.1776204210090992
0.9599824204273804,0.1846379507815106,-0.1171133937933951,0.2496586182394073,6.005889244880834,0.5421316128035332,0.9493464078428226,0.229704975043931,-0.1808444771269687
0.9610757700939526,0.1834386511552275,-0.1235432682188871,1.0172791085578714,6.322818028937726,0.709107217494424,0.9500268225463472,0.2259674958401334,-0.1848566366639051
0.9684167598181284,0.1814652733254021,-0.1171820924213108,1.8749768224785333,6.949206626117239,1.0165577291146877,0.950909536617008,0.2230516060764415,-0.1884035343801416
0.9682522317799496,0.1811859183533049,-0.117781903171199,2.600938746817542,7.823722978353979,1.378946293509993,0.9496763344084732,0.2184783022647053,-0.1835280004768204
0.962611264825512,0.174727658391547,-0.1207609850568732,3.049711789593138,8.653579484314356,1.4583471301379156,0.950586486101427,0.215983046388115,-0.1762426898506028
0.9667241607857602,0.1655031411965743,-0.1143731822721478,3.6270486913785582,9.244435187481283,1.4475048224518494,0.9488933985711258,0.213707000109439,-0.1760702778188993
0.9659699626750392,0.1640585470878381,-0.1111322037596043,4.577095836960085,9.708036427094306,1.5778722630951487,0.947939172717033,0.2092365692801893,-0.1724170508140877
0.960954383669134,0.1591400501946953,-0.1125634474399357,5.701607356344935,10.23187754594936,1.6460911232629611,0.9501044636008572,0.2129517597784928,-0.1752384501668709
0.969418344231164,0.1633983078790026,-0.1201443081063521,7.342799626427329,10.844251626508717,1.821213461309696,0.9537302076511128,0.2141065542163667,-0.1847617171055309
0.972843208665984,0.1654318528592114,-0.1243729938905956,9.691306443849372,11.66554297813916,2.394151672548891,0.9580180372174802,0.2038912390614936,-0.1868054766187321
0.9698948425533912,0.1554246636742675,-0.110608303646122,11.844015850614284,12.90865213661198,2.6775212721967208,0.958467939929314,0.2010732787449054,-0.1818201177050566
0.9732993365787916,0.1543670887584598,-0.1056373268274748,13.868047687673284,14.359959403569896,2.949610993233474,0.9550410020677814,0.2056196487356853,-0.1790551395439144
0.9712487415764052,0.1566517705670154,-0.1165906012712022,16.396083940030888,16.022744441446093,3.803882812883279,0.952130982087492,0.2073822996521831,-0.1813124926487441
0.9643464338181588,0.1535266223787328,-0.1170700256378898,19.124286789799747,18.259857011741847,4.785627026060274,0.9513793484148044,0.2074551561574441,-0.1843748269735418
0.9652926008288644,0.1417053127186198,-0.1138856930957614,22.24485004289179,20.638847112177476,6.000598784140783,0.9539685500017548,0.1960483403011941,-0.1845231856129893
0.9757437222069956,0.1319765342117316,-0.1152040511017868,25.185919405834472,22.3095324540118,6.850521214332882,0.9595011568922502,0.1767110722140659,-0.1759959123666227
0.974813294731868,0.1257459026835002,-0.1105520142370474,26.604763920348507,23.00291027208493,6.885530719992147,0.958991608683266,0.1683266908103416,-0.1717379361395985
0.965820732330856,0.1173581114348921,-0.097808166259371,26.909555892820105,23.481613382940168,6.601056600378745,0.9535121062694656,0.1711779269374514,-0.1670984263048726
0.9650323259889102,0.1261958028393267,-0.0944181662902006,27.273678515832355,24.073675957770227,6.13102762966735,0.9497873436463168,0.1776697050308915,-0.1584923530254783
0.9547112765640364,0.1436609731598178,-0.0982815458877465,28.40100355364892,24.48848849889257,6.122049428212814,0.9431272009266212,0.1842104996148123,-0.1623747873501574
0.9463345821906082,0.1538547796025042,-0.0876813666209245,29.515495516501016,25.53946621257429,6.457701052660641,0.9398518243019026,0.1896437358778321,-0.1550964632446864
0.9478833688969922,0.1611495328934304,-0.0705313368771354,29.076646371719328,26.902142355704967,6.550896599926539,0.9401064259434104,0.1964741861077656,-0.1329919798321811
0.9535444028352974,0.1585946303070587,-0.0613803431002264,27.174217936802865,27.6027967905642,6.50565862803169,0.9405003678486644,0.2026378077289809,-0.1197277463992456
0.9649526409541812,0.1533991175668951,-0.0528298037973928,24.542366081211007,27.59412309709693,6.14134095719357,0.9492925775351466,0.2028782522998198,-0.1129360129020572
0.9567037517367626,0.166384776555414,-0.0410296230008624,21.945036004833504,26.477514554828225,5.50239393946946,0.9503089383965274,0.2041089101820902,-0.1061088242793847
0.9583870715118366,0.1772386357100794,-0.0370166176179588,19.75080056815444,24.71158549719539,4.8480249364679056,0.9490424239296984,0.2079864373118972,-0.0982386335402652
0.9717662864542196,0.1755723761099583,-0.0242943391991045,17.40962245095315,23.01693182926097,3.962640242151673,0.9519383619499748,0.2069930828399726,-0.0898189094023778
0.951938186062016,0.1795981357030909,-0.0120555501519665,15.860822007037426,22.442163860705424,2.5131840834428063,0.9359512128195208,0.2108285012056174,-0.0872147215171527
0.9550658630055278,0.1817375671424078,-0.0306278907046609,15.323748333217251,22.760263394642475,1.1681345199987792,0.9381631223877822,0.2233087967580364,-0.1007096272016805
0.981929260160947,0.1981778589677837,-0.0494672164887907,12.764210170385429,21.23360730342576,0.8124563499606368,0.9704655984527664,0.2374425698592498,-0.1119700217069754
0.9866558779313628,0.2056500532592569,-0.0532167436438256,8.290067698035775,17.940049461770894,0.7427390982260866,0.9834067781596452,0.2401460882621148,-0.1116241350026112
0.9807975415973894,0.1860430363632423,-0.0444679665912775,6.050426982538788,15.022957399508186,0.0227296566833603,0.9660329454668471,0.2276362712433617,-0.1130768672302501
0.9606051306146984,0.1888822926160344,-0.0311267879018043,6.517333270012749,13.477366096183143,-0.4670443997664232,0.9464506179045932,0.2260720325340993,-0.1093460934067581
0.959248668718846,0.1833406955796506,-0.0343972732351353,6.850335643455011,13.104542932002984,0.2471554255333326,0.9505890803111974,0.2228915133121495,-0.1075959975655024
0.9675888204472596,0.1585090245799597,-0.0312360479073795,6.686717278299318,12.886941523163536,1.49876800942422,0.9563044746570006,0.19938668475156,-0.1064935814389934
0.963695044489945,0.142008790687031,-0.0142497077626708,7.214926518661262,12.596555180218449,2.516170673039152,0.9573531666962612,0.1815581409133205,-0.0941985282156487
0.9726296585661878,0.1304855730700568,-0.0086793592500603,7.611530556436011,11.713509856378566,3.0556536172754893,0.9635362351071228,0.174159654006808,-0.083753606893744
0.9754158927980012,0.1316001648769517,-0.0102652765775981,7.189182145971735,10.104042018361705,3.23356547442058,0.9661860942125756,0.1679415860044379,-0.0763544208875009
0.98209919859939,0.1196751341633769,-0.0092285383194597,6.577805987018491,8.425747340943396,2.6842054105675834,0.9766163027737844,0.1590384216725748,-0.0758843039708521
0.9817270442416336,0.1099077527263095,-0.0190125119430205,5.757533911992308,6.578548213022367,1.302924672130829,0.9743983649522542,0.1534389424731214,-0.0843283009328013
0.9700828894132688,0.1160686152196762,-0.0280376347135908,5.237516826583593,4.914187324308507,0.4506368115831804,0.9636612991059532,0.1562983771299781,-0.0869403609741367
0.9760487139196048,0.1144823313776136,-0.0137700774271682,5.264068698348862,3.6612028433543737,-0.445222782744363,0.9640952067849068,0.1562846621625254,-0.0840962093255981
0.9676689780248536,0.1161296509686438,-0.0068140115312164,5.064818628143171,2.460386787820185,-2.2823595004513724,0.9541239404299472,0.1598004852598243,-0.0767437767401043
0.9653438059107222,0.1159248149089561,-0.0143928771416133,4.372469414044865,0.9104838330652192,-4.087108939561608,0.9540611943901264,0.16717312690716,-0.0751020429971473
0.9866115092288852,0.127508738778166,-0.0121424391985079,3.1190491834526544,-1.369542433969296,-5.844018186968052,0.9670739235348992,0.1720722097890405,-0.0808215253078496
0.989620077082149,0.1415000513648024,-0.0093466237037046,1.858471895473916,-4.256050839383118,-7.189405857378756,0.9737456257987626,0.1798784773280861,-0.0792619416518992
0.9817034869171036,0.1456873013786906,-0.0188771044312971,1.0467275081060663,-7.146464505317902,-8.008778270934606,0.9771016370479424,0.1913708754067491,-0.087289006449731
0.9781175586364298,0.1718185534617663,-0.0312175374097437,0.3243367852160461,-9.267791186128289,-8.576867730430514,0.9691675552034648,0.2102669721548539,-0.1007892787499983
0.9699363620671586,0.1900467680429206,-0.0257623112019218,-0.1418944798225566,-10.83025257352183,-8.053847324504144,0.957466408359184,0.2277774297604167,-0.1002489799190016
0.9683885323456016,0.1923137802895276,-0.022794593312453,0.3896798483002859,-11.9686564329529,-6.6434426057278335,0.9564395747035512,0.2332764370819444,-0.0975469748954974
0.9771752442502072,0.1931007566734452,-0.0334723273468216,1.0476370085560809,-12.930015659733456,-5.017706347192241,0.965243382994602,0.2288200256072806,-0.0998686295616356
0.9768641264162412,0.1992425319756374,-0.0456945226658517,-0.8002416835265734,-15.172007632846393,-3.9071343908986775,0.9691958981061888,0.234745201620535,-0.1102537139398276
0.9781001513278452,0.2229975625692123,-0.0595037353202092,-4.333342743544358,-18.055966584139483,-3.366950492477846,0.968632530423291,0.2562035596061362,-0.120609936132456
0.9881475787603912,0.2252092564815782,-0.0571437709739244,-6.0518944870078935,-19.823596765930724,-1.971234272266927,0.9736163431401526,0.2628838356423234,-0.1245070019751222
0.9940759138656536,0.2153983059976406,-0.067810574714385,-5.7288265618137,-20.57009927073135,0.4864206917566496,0.9806391854433854,0.2575610726959499,-0.1308197529240825
0.9964555886162278,0.2168511877724934,-0.0761521297966509,-4.505873338186812,-21.32032915682632,3.2249460980453075,0.9876962291732037,0.2528461711834964,-0.1312675315895713
0.9931333504705272,0.2191052362955055,-0.0478701921435114,-2.891299689139419,-23.002971119955586,5.536474041816662,0.9839543629259244,0.2527636308226842,-0.1174189187754528
0.9813245570365592,0.2239427853393823,-0.0358705925105787,-1.4230161488934416,-25.371397227771286,7.014380042883849,0.9754166969422988,0.2586414955400691,-0.1040585444808712
0.9732196380450386,0.2150869620505825,-0.0412529271699863,-0.277504217070862,-28.188908327165468,8.086973355907679,0.969526613682645,0.2565400064046623,-0.1066259940076217
0.9803337796402388,0.2106854461809098,-0.0632740706626147,0.0860138980720703,-31.95140935889257,8.73199349673952,0.9664548075108128,0.254611241778186,-0.1230268326162812
0.9714143194095216,0.2180319781612967,-0.0844588093183875,-0.5251361696854733,-36.44785547621437,8.906623865809593,0.9629810763607012,0.2526884381048703,-0.1458291142445378
0.9429104463164248,0.2106287585455674,-0.0875112649508676,-1.611494892017967,-40.68176162760749,9.256997210241565,0.9399813237124982,0.2480124348487619,-0.1602889624537088
0.9382302048236132,0.2102049215251593,-0.1143320519974134,-1.898719971104032,-43.52281519983227,10.054193521164756,0.9239172557398332,0.2470723028672261,-0.1729731080455812
0.935706561913698,0.2049327340793583,-0.122611614278011,-0.9309159630751148,-44.95650042191131,11.43381633141403,0.915674937570072,0.2388888615655143,-0.1855563291579933
0.9269089668669042,0.1810822802064363,-0.1106185147774989,0.8872339081396955,-45.3500444554171,13.163025472154626,0.9086135245864568,0.2273261162960147,-0.1732158182143622
0.9474840707560136,0.1720128110019596,-0.1082570392094475,3.3703717066864054,-44.942023312923126,14.514867453329565,0.935203444768262,0.2144852591954638,-0.1665273542675074
0.9592812243036364,0.1632836052374041,-0.1096408035315521,4.915021839405494,-45.5109712214726,14.959594791437128,0.9523610051789216,0.2025437084828516,-0.1840718970843863
0.9434551779811708,0.1609786134298546,-0.146030767470868,5.864487057623632,-48.08486860680449,13.9519406569737,0.9404710872101684,0.207166178948938,-0.2118974373103617
0.9377395713398314,0.172977850014292,-0.1717606336389207,7.830222906754359,-50.59992645062822,12.710908112480531,0.9234756436911123,0.2177390490802647,-0.2370989920516543
0.940717366504412,0.1706641612349338,-0.1803790413667009,9.1784206831007,-50.85821255616725,13.33664008207185,0.9184057656582048,0.2141582943713079,-0.2432335064438276
0.9454995098934365,0.1633257166589166,-0.191399337690596,8.743939830313007,-49.72291124300329,15.03045352853828,0.9350166348917552,0.2010376959925542,-0.2491939956015372
0.945127802640207,0.1465683492106526,-0.1908152801335236,8.55610234335467,-49.387916895843766,16.137741841652367,0.9366210477998208,0.190819529463302,-0.256441321355328
0.947704542916495,0.1352718399544072,-0.2147270360756878,9.374783182959243,-49.63467432290522,16.630265542084235,0.936834106915574,0.1876771664938837,-0.2695690266516071
0.9436892601985194,0.1494635697380401,-0.2102662393354886,9.475728380229151,-49.58559510854571,17.36385969118865,0.9285047909048152,0.1961829542831414,-0.2683146065037502
0.9269014465353796,0.1602363507770016,-0.1940054353415428,10.152733563495394,-49.49524402561497,18.975503187690126,0.9156427037230488,0.2081966601086862,-0.2518537505762088
0.9407569579804184,0.1665481491575035,-0.2093773216475116,10.941348845889893,-48.89359872637674,20.975206791551965,0.9334134788716104,0.2121200570719071,-0.257840172440254
0.9475811146691416,0.1609335865128666,-0.20348573026996,9.346529247580053,-47.77048670263509,22.277731044610608,0.9316798063793104,0.2058780030614292,-0.2621630207795641
0.9445286986533208,0.157014392290577,-0.2218594569220092,7.58334441486488,-46.49344056195992,22.4622121630726,0.941749546246291,0.1964258826246973,-0.288274584025442
0.954600009798426,0.1830936741416366,-0.253833587163772,6.120072076667079,-44.88285359651525,22.77482279764463,0.9494105321124856,0.2090298814129474,-0.3276122027727415
0.9539208907148048,0.1973674837172913,-0.2717218012095717,4.554304445970318,-42.66420432698634,23.976039234082613,0.9316075404666386,0.2332006955716079,-0.3472801523976264
0.9519162981354063,0.1842251176464625,-0.2918494103810412,3.0717179812305644,-40.55806196777375,26.192262862518827,0.9394573787774282,0.2330187057256735,-0.3633061021830789
0.9076492038849582,0.159773962635619,-0.3055185217771946,2.321328830680717,-40.61530039394208,29.194181507075253,0.8969788724515074,0.2064821930674329,-0.3794651341313923
0.8929956660268843,0.1255949603294521,-0.3380985475334985,3.4026326668845743,-41.33364849795076,31.37342651838836,0.8791829989184106,0.1724051027152884,-0.4074778843412958
0.925059916522302,0.0883428128546124,-0.3703221800085723,2.4622999471769,-41.25171287291458,33.64695615726488,0.9065454952231276,0.1380313293754776,-0.4313164383787277
0.906637524571168,0.0497107080388377,-0.4114110903316688,0.0265185786497761,-40.621143757985365,35.40373962390754,0.8796088562042129,0.1014132023730665,-0.4765980672020372
0.938751434315229,0.040235665735296,-0.4399421548209288,-0.5269389880223792,-35.76836696164683,34.150871765233475,0.914766006790129,0.0948377734786875,-0.5083272642825791
0.958444384256406,0.0562367116673939,-0.433374360390138,0.4928076836373037,-27.679194795563863,32.89491300105049,0.9356325014640752,0.112050790212075,-0.4964214325154444
0.8610739190928491,0.0433101359753362,-0.4503652776050064,4.834839033868356,-21.90633606731452,34.34944419633176,0.8497621469070885,0.098918811756394,-0.5219718457956033
0.7894813124177327,0.0135188550638046,-0.4734102417090921,10.931340123813394,-18.427128238370518,37.3679170938204,0.7862185982239661,0.0647538668931762,-0.5565850335692883
0.7752473333006036,-0.0160925162287922,-0.4762550630664677,14.249851525951668,-15.445232336375431,40.286031894189406,0.7648323018089643,0.0283249945997557,-0.5528401833213824
0.793477435630416,-0.0499031533601797,-0.4388719785520523,13.68622466440316,-13.19608469296608,42.37160051256768,0.7840148961543338,-0.014303925550192,-0.5129127946912843
0.836730485973755,-0.074770498479926,-0.3948125940941528,11.347208988250811,-12.098558148600452,43.654970166800815,0.8326392361675833,-0.0397030048256571,-0.4722929577720144
0.853599796663782,-0.0876960690942588,-0.3877890703619813,10.384208609699922,-12.06666001093813,44.473482356785645,0.850391275396428,-0.0387554576010698,-0.4573982799301526
0.8586238735193408,-0.0822431220283793,-0.3746484048757957,11.121034535764853,-12.080383766042669,45.24307209149503,0.8446880174062643,-0.0390620413348245,-0.4445969957720966
0.8580866885000566,-0.0935098020282509,-0.3726737264180206,11.881947332793528,-11.569544660726054,45.90444600480498,0.854334774342344,-0.0489668284644968,-0.4449878743016159
0.8495238407515164,-0.1089084130465614,-0.3767931535126891,11.871025370567574,-11.825872743929365,46.85035948348526,0.8563179779713033,-0.0474055522723137,-0.4473767236074788
0.8492134380481408,-0.0706115893424979,-0.3628059910013824,11.59284997741684,-13.527734512642288,47.30269473017619,0.8450584200673819,-0.0349360074880734,-0.4592463070289523
0.8274255107979429,-0.0477352628826688,-0.3659672299490167,11.148990583499794,-15.631866438113835,47.29680075989395,0.8458025861384162,-0.0302759265887783,-0.471110839203704
0.8259940040674907,-0.0690674999210723,-0.3738069218418204,9.625618671360288,-16.651738676071226,47.87283778638254,0.8453284231819129,-0.0296012627323639,-0.4555638483360277
0.8539670938306809,-0.0805697686482707,-0.3695469660351629,6.900903275951084,-16.186420588303527,48.58221819793503,0.8457704800724984,-0.0321100056291278,-0.4502875510756886
0.864309174382605,-0.0787219977593272,-0.3795548651231419,4.2645396041836205,-15.770613433425826,49.32746158345401,0.8529997764330586,-0.0371007100141081,-0.4545359526935501
0.8859345018046503,-0.0847280793809136,-0.39059999309513,2.425143205509072,-15.525946339169312,50.10086746280253,0.8695210200454897,-0.046132484904268,-0.4649767550492423
0.8626000201409508,-0.1245145123766791,-0.3789217994714017,0.6339590626958335,-14.22516286361671,50.82904016247464,0.8566396505369018,-0.0701080354080673,-0.4680852390297987
0.8465530731311457,-0.1390215378360303,-0.3885556732560685,-0.5060386333519509,-12.731125246180902,50.836824975030936,0.8438361704211172,-0.0705862769155546,-0.4627060098944258
0.8680321854242681,-0.1336693324024559,-0.4115116362646964,-1.10554183505501,-12.410123113028655,51.797724157693295,0.8535639360235181,-0.0788492408743008,-0.4799849768241409
0.8384795601304377,-0.1694636125681374,-0.41649875735718,-1.0893063890368913,-12.054551139729677,51.84453344482583,0.8279402676348411,-0.1211788326200489,-0.4929732301829111
0.8560028462752715,-0.1721513386988126,-0.4234992119933088,-0.025526930063872,-10.780992049882896,48.89714141844795,0.8406748747004915,-0.1184377646376464,-0.4933904610485697
0.849674430347451,-0.1775878941529304,-0.422711324813462,-1.210377341647153,-10.667516180858597,48.74714152955973,0.8402922674697146,-0.1207313869207161,-0.4900266254272482
0.8099467949174466,-0.2161500179407387,-0.4277303562319753,-2.387289214151785,-11.149760675235292,47.45010264867956,0.8018028401146413,-0.1491755091421223,-0.4984503715019039
0.8451707166487068,-0.2034338510157702,-0.4364716863239988,0.1022009376489525,-10.17117871215064,42.40279646990461,0.8289376819632387,-0.1397466494197121,-0.5161816077143488
0.8569233210318264,-0.179355796905441,-0.4429707683703358,2.0164307946931865,-8.87724265330682,39.40600350948963,0.8431404747090308,-0.1214010142120241,-0.5110450233054915
0.8617440415218632,-0.1691908152246195,-0.4437811325266682,2.008584893220402,-8.108147428677626,37.05599974882342,0.8399686942411924,-0.1048541985007716,-0.5024174807436057
0.8546348773415432,-0.1615535253172134,-0.4326823607968284,2.686180846684571,-7.716245093006034,36.25961085412507,0.8484797364690427,-0.1015506085425654,-0.5066593000488084
0.8409914962253102,-0.1710097260310728,-0.4467736129463978,4.6198925838516685,-6.973363770084973,36.41381835830848,0.8432347459298088,-0.1152269872002207,-0.5130849324126101
0.8547229892473394,-0.1707176359739686,-0.4428614700793603,5.824172838389129,-4.998764841587154,35.27821192831643,0.8422739295923825,-0.1177351364725276,-0.5093894324771271
0.8391557498546895,-0.1794265886833286,-0.4461504498114746,5.537180521723724,-3.0768012929932684,35.58859442373584,0.8358351714580472,-0.1213425574261621,-0.5152108634375129
0.8240680406929846,-0.2005060758337802,-0.4603374320311311,5.712002212918187,-1.745856640986095,36.251234165357765,0.820796340602595,-0.1429794118579124,-0.526380164605126
