ADXL_X,ADXL_Y,ADXL_Z,ITG_X,ITG_Y,ITG_Z,MMA_X,MMA_Y,MMA_Z
0.1223769236845229,-0.7921546659280246,-0.2028105893807142,-12.17600684463799,34.12424214812682,-9.688004120557611,0.0434728755560368,-0.7622017456364747,-0.0472820117874788
0.10389821449769,-0.9035724445352178,-0.2036178389953689,-14.434299323991684,30.56886874811837,-6.059249195322093,0.031585000498762,-0.8499566239162254,-0.0476363376629084
0.0997582854231739,-0.9911769330587208,-0.1763877814939854,-15.246473545635558,27.042260556607467,-1.827946639629304,0.0194971315769621,-0.9423220255416168,-0.0104553383934237
0.1260572541051572,-1.0481824614887203,-0.1281532827821341,-14.533025259085989,24.7427574660754,1.107000597473035,0.0373979811010081,-1.006758588578216,0.0338103960456615
0.1585958816251743,-1.0506352709350444,-0.1171872743653627,-11.973921043348888,22.618204735129275,3.2539175059808514,0.0776252622905614,-1.0107878750596284,0.0417883205992945
0.1885754033612007,-1.0039783031844354,-0.1141189723357692,-8.903749928543556,20.072526740238864,5.990609226352382,0.1125787404779537,-0.9633335587640512,0.0383457432994572
0.1995578574142974,-0.9640601250454256,-0.1300938056166151,-7.485587026951581,16.432579836917633,9.413443071863984,0.1162441720952028,-0.9235142711248396,0.0258406881691656
0.1867581086995974,-0.9345288294330724,-0.1391043555398509,-8.833354350199773,11.527109732544924,12.130670655775482,0.1081000045695624,-0.9017788477648604,0.0226348727784907
0.1893571964316493,-0.9323845492912934,-0.1175538878977957,-10.269892654809205,6.866376752185444,13.530316578780669,0.1075853414988793,-0.8923379188616629,0.0370614514656904
0.1879812598485944,-0.942020345191428,-0.1179298792045824,-9.91599806481604,3.148761109508578,14.147910418967871,0.100841243703838,-0.8912377843966255,0.0416806503098717
0.1620183025121308,-0.934857557771016,-0.1287509369961877,-8.508190203722926,0.6917089696453217,13.667886360653668,0.0846672973662391,-0.8923425876144588,0.0354670398679457
0.1510143009635386,-0.9304383819727308,-0.1366413559533071,-5.989098821464032,-0.4841388125836977,12.068137416360871,0.0668823404315478,-0.8917869172789092,0.0261499877307515
0.1430987698622706,-0.9260471029737768,-0.1431969054788964,-3.3861679782633165,-0.5184959461637615,10.065385714721714,0.0550608350096756,-0.8806394966256264,0.0175717355530722
0.1331579385780522,-0.913998596339194,-0.1423766750296366,-0.5786466514360532,0.6013121307627869,8.531501893956214,0.0506092610874367,-0.8681019364328357,0.0129600883712064
0.1262080294147132,-0.9014456057132724,-0.1391226279798134,2.9732776303277264,1.5215483889239925,8.32659022365639,0.0447277091007178,-0.8508833629865178,0.0153305306913927
0.1137880286303325,-0.8894777385668166,-0.1315981015526381,5.643255945430186,1.1983334379699049,9.610259814135116,0.0330738168057621,-0.8366610421265273,0.0214429433364773
0.1308341264869362,-0.8775948672549965,-0.1195678632451086,7.715904380698213,0.3490373258698771,12.236648237367945,0.0326799197446766,-0.8328272853701806,0.0355581900468656
0.1669483031459819,-0.8672969723120818,-0.1081343075570463,10.43579620435597,0.8787519834830523,15.258174647518322,0.0618665848614548,-0.8217590491038489,0.0479674610628644
0.2114544427050008,-0.8573793083128466,-0.1173745957742876,14.241799415084406,3.886563126542488,17.714916616809717,0.1141378435268078,-0.8081152749899936,0.0387511350008911
0.2606141196897642,-0.8386498987483548,-0.1317171845761784,18.38472841153406,7.962913860225053,19.669697531875386,0.1692109789625984,-0.7948749263656524,0.0334286028529702
0.2964664271607192,-0.8096463479571171,-0.1289975128751011,20.494462230665626,10.613009568884484,21.81127529141352,0.2136430365118267,-0.7753454761377541,0.0331037976785159
0.3352354721571977,-0.7779912933730362,-0.1301907517365269,19.881487521071943,10.391393731158772,25.067606769994768,0.2441955211762116,-0.74027273093065,0.0257461224640636
0.3253887209155042,-0.7327621242028289,-0.1305717922231284,18.218595016498604,7.503602575618962,28.86607475806157,0.2433947670229424,-0.6911285454523095,0.025747617828924
0.2631413979142823,-0.6769487387746482,-0.1292629355020237,17.124216055688674,1.7597097427625494,32.23522829119604,0.1994608409252002,-0.642764851892285,0.0244793874813723
0.2092909480927571,-0.6354415801130495,-0.1328377449311865,15.192938548651288,-7.1419531383341095,35.34893236997811,0.1350918460993705,-0.5995413655379921,0.0263963779201918
0.1514389663862541,-0.6162224061957937,-0.1241155307279319,10.84332369680843,-15.77426727269822,38.030020075979095,0.0782952006549179,-0.581491811474265,0.0366354966315111
0.1064028216554214,-0.6279164717077996,-0.1063553121542524,6.916641438713926,-19.64393220140276,39.227679276484224,0.0368430269843048,-0.5931622942327206,0.0524874641636214
0.0837878791711599,-0.6634112308096902,-0.0759550658482148,4.982977711966177,-19.400857530470255,38.579645439656296,0.0013185269828347,-0.6205057239316447,0.077073647008639
0.0683219145311394,-0.7195586787960181,-0.0360897061202566,4.096859419766671,-16.66341873369815,37.33878909306307,-0.016239974794574,-0.6760405531395156,0.1095420590112744
0.0772657294930402,-0.7905451166797357,-0.0091728458184926,5.350078893641232,-11.075897981672796,35.30028439706605,-0.0089181810731498,-0.7463636957887709,0.1469644450189074
0.0876247076277457,-0.842251505058735,0.0058731301992499,8.273937311245911,-5.02249266825696,31.54971478448451,-0.0026215400512175,-0.8008110133473746,0.1614170332018254
0.0834732139364578,-0.8875081887377785,0.0092828110169593,10.30550931763428,-1.3344162513268891,28.28596757841769,0.0043235651220113,-0.847417972697228,0.1612100302102158
0.0927797767401659,-0.9452250075279106,0.0172706718406523,11.28683363903778,-0.8081686462144726,26.1981115657656,0.0136876927527126,-0.8987701074805697,0.1733172816779838
0.099601567052754,-0.9847461709819816,0.0191516515746385,12.587926822899702,-2.336890295504165,23.02553496256166,0.0118583022615879,-0.943243489069389,0.1709938099959242
0.0810017617885527,-0.9953959696502396,-0.0204050774977019,14.140109625130734,-4.668810475859261,19.54522657052712,0.0042292006947134,-0.9574925242912522,0.1344037550538081
0.068742288835604,-0.9808076662585054,-0.0581037780860243,13.080492205095997,-7.497925880085828,17.640243281309587,-0.0095427840247041,-0.9362427535958828,0.0941078530024627
0.0396590436654195,-0.9204998439030236,-0.0545561005454228,7.324117427218713,-8.5088064879458,16.932761259737756,-0.037833596100054,-0.894752840588207,0.1003361631614373
-0.0066860476327849,-0.8759443354984324,0.0056020911775805,1.0642193797884203,-8.537928239347101,17.065529547279816,-0.0767530985101263,-0.8541049642577009,0.1592972956066282
-0.0074818044344851,-0.8897386276223116,0.0977080060735528,-0.0600906415533295,-10.64292767968908,17.184284328651266,-0.0924520917831718,-0.842996247299851,0.2360995525979286
-0.0002676491812717,-0.8997588879527213,0.1334370408235478,3.459472565002908,-14.940877353805725,17.250610757963585,-0.0708635101379331,-0.8670529397161739,0.2809257442686713
0.0266456712666997,-0.95612493871556,0.1263207244092676,6.41728430928939,-19.662539710763955,18.267158914684632,-0.0397203544660799,-0.9204526766874824,0.2767331892850696
0.0862937725240559,-1.0579699489229977,0.1140499708925218,7.180427546142158,-21.668418916557403,18.804597611741247,-0.0013929836492199,-1.001600853442391,0.2613195193473689
0.1168759881551571,-1.1156768806255233,0.0669196504191449,8.979109693441435,-21.82594906738468,18.279595398730397,0.0390900569327031,-1.0716073921789575,0.2262311600854941
0.1595077466702669,-1.149503596921801,0.0349000221035517,9.65816799036515,-20.75877397078428,17.805976279751427,0.073886170674829,-1.1035734142354665,0.1896209553063054
0.2273024566372608,-1.172293656665351,0.0512095742641732,7.280067707461924,-18.030572180454723,17.683245170736544,0.1308922469661327,-1.1217858490569248,0.1943095421233442
0.282770126387831,-1.1933228587545852,0.0755337452546687,5.487207050686467,-14.753844742432223,16.983240531705167,0.1903699945579557,-1.1378608104484107,0.2172957359508199
0.3104201238793165,-1.2185304036335904,0.0939187949411586,5.021059784822663,-10.943771875820593,14.40754749898674,0.2172279705408434,-1.1578836390983662,0.2396977515045385
0.3266310482874958,-1.2348957526312412,0.0395475245634513,4.724025015790823,-8.89296359261536,10.67153038031568,0.2380852550928617,-1.179638390806069,0.1879598412290081
0.3258533571221496,-1.2487826477412232,-0.046688240766791,1.1530903671733828,-5.108682082947653,6.178631382574388,0.241409823264765,-1.1997736632922136,0.0999094021739591
0.229633888024329,-1.3124667086138202,-0.0462050466524929,-2.981990655147378,-2.045706736482325,1.55992708447722,0.1654409429790648,-1.267978043876541,0.0982642610340473
0.1243594930636753,-1.430357662728269,-0.0595049521634596,-0.5906116410082309,-7.551816083142353,-1.354397735204204,0.0513662652587895,-1.3642375241391804,0.0878853796348674
0.1190051255625107,-1.4805634351155217,-0.1211377442617617,3.429583267385996,-9.588017525265188,-4.022648142503095,0.0162188956723438,-1.4135795861131213,0.0277057963923692
0.1196242788003079,-1.4919273460580351,-0.1581556094383897,3.736197286372267,-1.3442126844907554,-9.192904862491035,0.0221711201248004,-1.4369491673321653,-0.0106131462429706
0.0681464987785808,-1.5202470800745616,-0.2257066850721684,1.9471985854526328,7.220361148793956,-15.979181042213852,-0.0251557801142551,-1.456382959039063,-0.0623512733595133
-0.0105147762085531,-1.497652831865845,-0.2832911623872478,0.8448240222902529,12.246150247792286,-21.399634960878853,-0.0945776480867892,-1.4429692416435829,-0.1217971669105647
-0.0939054290562025,-1.46410666557989,-0.2583479671625631,2.364004337345339,15.186869374253984,-23.58884160596793,-0.1655703067026153,-1.4032732545938993,-0.1204423645487897
-0.148330080964453,-1.4257447634377076,-0.2168022658288107,6.881546486267473,15.700035458515323,-22.78770790814648,-0.2165905608887316,-1.3600676375359906,-0.0723743248415653
-0.154194931068292,-1.3350321643701109,-0.1942027413292812,14.034666597670425,14.336324483378789,-20.06511117430269,-0.2211803631169862,-1.2810221287444694,-0.0423836671850058
-0.1425502559905576,-1.2127778455273368,-0.1864426024107397,18.73475768176324,13.85353313326232,-15.847697856162648,-0.2170400683850193,-1.1613443444455895,-0.0394321162281482
-0.1477895772343578,-1.0937921305489455,-0.1899454310919658,17.38701804018745,13.42628033603432,-10.984088716122196,-0.2146570676426152,-1.0620974594856656,-0.0363123581436215
-0.148384363912057,-1.0297549145522722,-0.1923153499360463,12.699909896554972,10.837819166173135,-5.588078726922665,-0.2151507213035667,-0.9925625699461252,-0.0319110273458035
-0.1371572523478965,-1.004953661273466,-0.1911794406278826,8.249231796266718,5.746993372395494,0.3542512351869539,-0.2115045093758272,-0.9527826874905304,-0.0300855455197137
-0.1217078243181779,-0.9897170834148432,-0.1829096467690599,6.467858083117864,0.7610446524262569,4.527701581357372,-0.1943790012133573,-0.9513640414901328,-0.0170010569443598
-0.1277408470393335,-1.0014383672744782,-0.1373627431491218,4.319232324862459,-3.0465808984342253,5.696553057018575,-0.2009797008402729,-0.9655000149369448,0.0245148315531762
-0.1719134774821354,-1.0333994853680937,-0.0479684339004594,-1.9649956176148684,-9.659507459538968,5.5228265434919095,-0.2307026229696454,-1.000047519331832,0.0943724225158985
-0.1889183143364843,-1.083513121101367,-0.0026490397631048,-7.626030910672984,-16.680301077560557,5.531186901760382,-0.2526871290897553,-1.0440340882447134,0.1480780428318192
-0.184686187256381,-1.118081764751876,-0.0186185080807607,-8.329675946600934,-21.151294182228035,5.053914197949873,-0.2598202760237455,-1.0687172419937627,0.1384470543023485
-0.1771526189319251,-1.1179280338946105,-0.0428221362124933,-7.872293712026268,-23.82470343910547,3.5515832426624003,-0.2454280751396067,-1.0763976728363454,0.1004914811371009
-0.1207274338830384,-1.1093849781377103,-0.0667806155914142,-10.003060424873452,-22.66532297214454,1.4307448412810326,-0.2025012001374433,-1.0678119150587575,0.0823193191784359
-0.0615233655140078,-1.0776811094376917,-0.0801654558615123,-13.696125469195689,-18.411713873149257,-1.1385906241682056,-0.1466988243164274,-1.036482975256366,0.0699810990198022
-0.0258863025215754,-1.0290840345653294,-0.1143951412376059,-16.64098877461942,-13.324073249280469,-2.9092385531760403,-0.1124905014069343,-0.9914449919550048,0.0447103019063102
-0.0005086515353044,-0.9842715836163328,-0.150998779209425,-19.0209392758205,-9.248546503090534,-3.227322984148939,-0.0945413014411692,-0.9438874045476732,0.0128848225098542
0.0087591583100179,-0.9346553135652618,-0.1605116942307826,-21.459420134626548,-7.23817154510498,-1.864155386620891,-0.06832482206323,-0.8961765134559353,-0.0029769809472855
0.0343192901917872,-0.905555085842408,-0.1859673745272214,-22.98751944741517,-7.099431390615939,1.4493924988387783,-0.0422156420285169,-0.867142352585907,-0.0174145748103853
0.0597045259503421,-0.9117086176428412,-0.2068073233855054,-24.970374516182915,-8.864196021344954,5.347741220543538,-0.0252436293510374,-0.8663143010260079,-0.0489165543876653
0.0595074421551644,-0.9376286645534708,-0.2138890364508242,-27.693701316143745,-10.748932929289133,9.387545418263732,-0.0208216974894288,-0.8923165563238702,-0.0600771053873653
0.0598028815854684,-0.9846760460212464,-0.1929894943325742,-28.752262308207275,-12.127239622143016,12.81971617168537,-0.0190299143532883,-0.9371572774970138,-0.0370063371263756
0.0633774152930166,-1.031245577992104,-0.1453178343824845,-27.869395868293395,-13.64687017426858,13.65278025149631,-0.0136112254693593,-0.9780264001218946,0.0014691821438182
0.0522867595512009,-1.051019576881039,-0.1334097781385405,-25.14448849389859,-14.824978956941022,12.39103295095804,-0.0245365865866046,-1.004933659856498,0.0295386899880023
0.0277703914038298,-1.049483018151376,-0.1249985851999945,-21.7111826427291,-15.948387376102636,11.091050319247891,-0.0488174328889458,-1.0009698794306452,0.0371062179224533
-0.0022602384169456,-1.0224145713741253,-0.1237047435000554,-19.58960550325383,-17.69144623605555,10.542707945173918,-0.0795519642204796,-0.977921396996044,0.0403409084507482
-0.0432204524704242,-0.9864259027230012,-0.1409369318139239,-18.57766458902452,-19.815959629047867,10.226351656242608,-0.1178613019463988,-0.9573617833351596,0.0390491020655143
-0.0691003476298154,-0.9723561581079238,-0.1253746990933184,-18.931744700704904,-21.309231430124328,9.901228587296332,-0.1400906445585661,-0.9334133506019232,0.0352754226405039
-0.070274589230535,-0.9650440206670544,-0.1215996162325845,-20.9072836188147,-22.12744706008656,10.007874454668087,-0.1442615556934279,-0.9217915027283043,0.0316046035566388
-0.0620109480884985,-0.9636890148982924,-0.1383592791012013,-22.94527310464795,-22.84851744046113,10.603629458673147,-0.1411983191514833,-0.9192297190957692,0.0294763557444424
-0.0372076682288127,-0.9764284840894512,-0.1335530052714924,-24.344682779499944,-22.945313334811008,11.09724692517917,-0.1252309080192441,-0.9245813141036496,0.0263048325792998
-0.0234938836307987,-0.9844095710458842,-0.1295345384661432,-25.18525486948357,-22.240183097408675,11.117555948075273,-0.1082241832885485,-0.9428671061309136,0.0187128451094176
-0.0138355922157731,-0.9937447663924108,-0.1391262923859435,-25.344503876616447,-21.15399890377296,10.995687847631473,-0.0887151828683998,-0.9534200909409832,0.0172311364284185
0.0159599281839906,-1.004798512190533,-0.1362858208144605,-25.534222852662445,-19.12275118104149,10.805397300125282,-0.0635227027456563,-0.963358443903614,0.0162040729285546
0.0325216408833833,-1.0091376795659075,-0.1335200509339915,-25.69132269608032,-15.847452758090498,10.581363871890188,-0.0491507038144303,-0.9726657265703256,0.0193157814647395
0.0383018893685479,-1.022971749805824,-0.1478903254716456,-24.480735407170297,-12.340835638015577,10.622717204101397,-0.0401741386337327,-0.9764618293109576,0.0219165183494393
0.0442445719850068,-1.0342217915056482,-0.1487561758740931,-22.717580985077028,-9.276785625240828,10.850021972204312,-0.0349831921908616,-0.9846049164542884,0.0132561352363282
0.0485117454758498,-1.0315051761439864,-0.150238275196562,-22.04560192605704,-6.8861931331685255,10.95209026623171,-0.0340480469959789,-0.9872859307059872,0.0051824896447945
0.0485606555745568,-1.025115642510486,-0.1627038374887389,-21.953104988358664,-4.889248112788742,10.43987900709924,-0.0348503223372831,-0.9811913961659552,0.0022065707460848
0.0307965702517,-1.0080350651230432,-0.1568861433106671,-21.64726518507787,-2.968547579187422,9.350919620010572,-0.0447456963307872,-0.9709298709747032,0.0117990742590778
0.0151127897088109,-0.9868895406035514,-0.1382272486886196,-21.553193608102102,-1.940157572579684,8.35689909548219,-0.0628718460792538,-0.9552194879909484,0.0239153239440951
-0.0064889766972272,-0.9804780558246852,-0.1216824948924963,-23.1899842578303,-1.6345370302678768,7.698408962189949,-0.0894371062787093,-0.9354750871023304,0.0347261784704752
-0.0334603096437544,-0.991060209890456,-0.1188626152777076,-25.308613115294715,-1.228251707487496,7.033438118979951,-0.1103783576240789,-0.9315181869517818,0.0365358380926696
-0.0426310423356613,-0.9995908389884456,-0.1370459605146009,-24.331541043612614,-0.6269069695529973,5.8788148206756095,-0.1241562381926065,-0.9509336660616384,0.0130605237702678
-0.0520775793125817,-1.008767184841027,-0.1543576821277389,-21.588808121040948,0.5671825060865541,4.1567686122561565,-0.1400793593156064,-0.969388805190355,0.0002569600792188
-0.0454692996948559,-1.0322602233502272,-0.1586360951107796,-20.244758638527543,2.167744331272145,2.257965412477577,-0.1315786559664728,-0.9868232751548336,0.0004669937652311
-0.0227964243061193,-1.0443083358185468,-0.1587467225664253,-20.217554803770717,4.060066443807872,0.1566981396795287,-0.1077727011512855,-1.0020846518562747,-0.0030962009509659
-0.006144430197475,-1.0470683565405037,-0.1491188635068631,-20.040693419317947,7.27401380404414,-2.4163292304908377,-0.0913095360601698,-1.0028208959895673,0.0089176080219268
0.0166074556948064,-1.049829299362084,-0.1243732986850221,-18.41672213310818,11.52215667576636,-4.710453647744096,-0.0632923967247834,-0.997381769550392,0.0311689703435802
0.0377710306351949,-1.035018966490956,-0.0924346116268899,-15.433104267367208,14.893099971278522,-6.482710305880975,-0.0384320801431141,-0.9841788412440032,0.0516043492103402
0.0408155688662294,-1.0113902797564809,-0.0854633538754341,-12.667247884316875,16.468428387462243,-7.950796841191513,-0.0385884437028211,-0.9681370313249988,0.0642983810620393
0.0220115981447534,-1.0071127420939598,-0.0925025884723204,-11.638357026239904,16.563283195454083,-8.065517078844948,-0.0528201859622602,-0.965814103253374,0.0651135492564264
0.0041971104816804,-1.018571737143314,-0.0949579509491513,-11.01050540779737,15.680839824340447,-6.9833182738650095,-0.0679334691461501,-0.9699631074596226,0.0563468111608005
0.0020487046058961,-1.013948620262345,-0.1280988211429426,-8.710969850317685,14.395284419101484,-5.952005106600808,-0.0760664034006909,-0.970210287931984,0.0325545271294578
-0.0042395368543431,-1.018121015881511,-0.153057326508645,-6.036271826335635,13.229790893950248,-5.660128575712822,-0.0923352422315212,-0.9757553362774932,0.0012900408794104
-0.0263260368337308,-1.0256119292506294,-0.1685719184098576,-4.953672358757407,12.43662340881077,-6.294319184400976,-0.1165942171996093,-0.9816536218647438,-0.0152701919864791
-0.0512194944976174,-1.011847104484013,-0.1910978152540473,-4.864863095098696,11.840114694946806,-7.175478905631551,-0.1317537494477082,-0.9737926940404936,-0.0209005060640773
-0.0574141447995985,-1.008185631980378,-0.1852305039975882,-4.212178833918862,11.731928877799817,-8.236917021372555,-0.1436544088019667,-0.9641761212328636,-0.0244657627026394
-0.0590412293084766,-0.9934488491898582,-0.206132656346731,-3.1740890864812865,12.426609938355194,-9.450491046370958,-0.146574262836817,-0.9559538310577534,-0.0199730595436294
-0.0613407893601351,-0.977507729429672,-0.2087544404783549,-2.1556893407094724,12.942361322171914,-10.480315108232562,-0.1418726469036828,-0.941145457452568,-0.0185008948883362
-0.0504244172112227,-0.9781784257330236,-0.1638009637348743,-1.4173391467454344,12.687151337882185,-11.187310425399748,-0.1350916805992972,-0.9273240768945428,-0.0170783127326661
-0.0387675056363874,-0.9659586840520232,-0.1653422034159664,-1.7072817508375209,12.095277857429547,-10.901733389954796,-0.1178329437336136,-0.9190571949721486,-0.0122573375545724
-0.0244438392112471,-0.96637153088877,-0.1802835405628199,-2.5188007519563667,11.721128519009977,-10.108793260462075,-0.1061193854198873,-0.9238797115912772,-0.0203463605531089
-0.0076866020217671,-0.9888217316629856,-0.1833864469904063,-3.9986908900315226,11.969050933386134,-9.644323930261963,-0.0986370232190691,-0.945196098155142,-0.0284033598644482
-0.0003548908225305,-1.0042918045118148,-0.1904929732791184,-5.326445668426897,12.14066873119447,-9.368227238855946,-0.0894347939271546,-0.9610334244448242,-0.0305933057700638
-0.0044043401700329,-0.999998797687052,-0.2000702982486967,-4.457641677020535,11.048294309225607,-9.451614877248876,-0.0920698929629686,-0.9557847551039508,-0.0435150056425208
-0.0059838111758182,-0.9842225718772556,-0.2287190402035138,-3.8497138732924583,9.003207211879497,-10.587085190680492,-0.0944002629403763,-0.9402069433439564,-0.0682001556574606
-0.0028681291733866,-0.9686100428526262,-0.245418833521506,-5.878031278725035,7.654047753066169,-12.692605018913008,-0.0934350517335238,-0.9274559438537424,-0.0860547750939034
-0.0043778545948905,-0.9654953220253,-0.2426258939891367,-8.094289436485324,7.944901809466507,-14.33014214879798,-0.0871207300932935,-0.9243047858729176,-0.0823650115352511
0.0090106031788174,-0.9848022828424332,-0.2328144383502464,-8.948354746378547,9.1549548852232,-15.0763315082377,-0.0706926684443664,-0.9365334711474728,-0.0715678759576948
0.030647558656054,-1.0150415604055134,-0.22626205400361,-9.840049341703317,10.23410479564694,-15.154512901429518,-0.0556454320435943,-0.9683802878074992,-0.0707247693393859
0.0561586480036059,-1.0596207916434586,-0.2515195696980193,-12.032951455367696,10.939623897461354,-14.760353055554374,-0.0325844584822044,-1.0157543044250827,-0.0893970412566263
0.0705865239461463,-1.1013157477511228,-0.2763754169058315,-14.728414022778708,11.548409682605522,-14.26889025739267,-0.0174109143750195,-1.05461845854413,-0.1175198179235706
0.052926295196495,-1.1197295649890455,-0.2901446430731657,-15.497397833337084,11.857070384202974,-12.412411834394888,-0.023503109755146,-1.0734507342509176,-0.1349808339230243
0.0295115889487958,-1.1316504222792854,-0.3060774033615538,-13.75962330120081,10.16369130242524,-9.155103308489316,-0.0369173190793743,-1.0779791186429026,-0.1456026935076996
0.0029229531468729,-1.114479528009023,-0.2990869402808933,-9.94369299866829,5.809493216949556,-5.787821499836886,-0.0666772798699064,-1.063125633385513,-0.1418782296611217
0.0012523221071363,-1.0677391563891383,-0.2839900632862722,-4.25017098819682,0.7050566556896202,-2.5293536713239644,-0.0775900301692766,-1.0310980559433915,-0.1287503339714614
0.0278749676551845,-1.0334817655930402,-0.2701850274251027,-0.0477934138670189,-3.5558619441014216,-0.4009311738402977,-0.0513793781044135,-0.99052907292857,-0.1172307428814283
0.0527540136445102,-1.0089363623573049,-0.2482458104350505,1.0953142621325915,-5.9535398172545335,0.2279492574570787,-0.0265491334563554,-0.9565914945340408,-0.0934780312576463
0.0785432726725339,-0.9820636859332428,-0.234005704177558,1.442476219417523,-6.189836348211054,0.2066550269265137,-0.004764121177612,-0.9350150771103504,-0.0773653194656452
0.0945906140980669,-0.9667734053317816,-0.2347604135012631,1.0157552187694594,-5.092607745859103,-0.2050095867482912,0.0150995787638696,-0.9212389144487212,-0.0758200819613518
0.1244519301707836,-0.9707027872862062,-0.2316562883145997,-0.5983303143543147,-2.7488742842820737,-1.1367571016986917,0.0320812326002511,-0.920428132294316,-0.0690545848346723
0.1461050404275181,-0.9755182469594178,-0.2274701169490248,-2.4899273975305576,0.9404336771493508,-2.8535220507525536,0.0461884449715368,-0.926119785384088,-0.0709587639322612
0.135411657658231,-0.993142911969494,-0.244842981268337,-3.348712847310934,5.498723943669726,-5.071253706946581,0.0465744994506038,-0.945569280582662,-0.0897102549884884
0.1267355078805071,-1.02159855272485,-0.2596791415136942,-2.7792182783072588,10.269865672543276,-7.280323872331481,0.0392563888841836,-0.9713036841647412,-0.1046549410770482
0.1186166039302172,-1.0250400203834509,-0.255104802423284,-2.857703099257674,14.368832748656285,-8.943788379247692,0.0320012814808105,-0.976392179206824,-0.0995394130659531
0.1104961218779015,-1.0399287943110551,-0.2426603915121656,-3.98594437534438,16.753322085026152,-9.597062006554662,0.0289272277104109,-0.987674086094721,-0.0904362169741684
0.101776461417622,-1.0587925955641304,-0.2371524066535248,-4.10717665106173,17.502388572058234,-9.558348820121628,0.0247888416970431,-1.009070432269619,-0.0859217673444387
0.1069962651552271,-1.0392061299181907,-0.2362329156303856,-2.77650564263214,18.16241382328299,-8.889882756333337,0.0223147041927078,-0.9985068471204344,-0.0747330986921665
0.1083670366548285,-1.004213730773046,-0.2148624102811831,-2.124531574937984,18.592416256308397,-7.476458264801431,0.0292612117195121,-0.963828307945193,-0.0616376485510096
0.107280634200771,-0.98378043931896,-0.1969165958149661,-3.500469226284011,17.735811666169624,-5.516433037139602,0.0301523467824012,-0.9484872598235724,-0.0460318152225212
0.1209319310607126,-1.0115198231837526,-0.2059523727129361,-3.728182613686342,15.644968722165936,-3.168557276692878,0.0217410979105134,-0.9662284673675836,-0.048812471903711
0.1010089449646344,-1.0340683357466487,-0.223736165955715,-1.0172119656762748,12.587942659541705,-0.9571834185725476,0.0172736672988022,-0.9838785947260908,-0.0710306821957366
0.1000401487306298,-1.0106399321510402,-0.2230330865474535,0.3931270616505173,9.97687888172378,0.6229126355463699,0.0249632394348352,-0.974816279486161,-0.0671649914923437
0.1234743894900937,-0.9927978029276732,-0.2108081396861025,-1.6246634759306051,8.28013715565243,1.600399327812914,0.0373920976748181,-0.9538707775240768,-0.0536226195350889
0.1172929119685942,-0.9838365045851378,-0.2123859283306141,-4.5094653045476,7.101088538120692,2.0600049521328265,0.0351120905704726,-0.9384682991364168,-0.0471236958643354
0.1145750175392088,-0.9802854155250303,-0.2041845616934173,-6.544506758328222,7.532609367720966,1.7607176918724723,0.0226928975058168,-0.9316432475440748,-0.0393457418490525
0.0978631720952712,-0.9834021812864264,-0.1955514796303082,-7.322635722428752,9.160540929254983,0.9127223720413552,0.013690571236444,-0.937657392863652,-0.0452983184145129
0.0883634946896021,-0.9921554974559754,-0.2120396300232851,-6.531010456780671,10.914905850457345,0.0478496088510369,0.007564232095042,-0.951775018687179,-0.0560220735107372
0.0987129404628851,-1.0072172581801997,-0.2298884447921157,-4.917059086671554,12.870148930922062,-0.8082040779372038,0.0044972280354478,-0.9618047855554216,-0.0655618156553566
0.091123280358567,-1.0147126765015475,-0.2301360574881252,-3.993961798798309,14.810306838736498,-1.8515669038146845,0.0029109490154324,-0.9672123929632924,-0.0716687716024176
0.0898282382016315,-1.0081772148393453,-0.2281459792442537,-3.998925353294533,16.7625448507934,-3.3476200720271727,0.0048736270113376,-0.9674989362298606,-0.0693724633605909
0.0922330348591151,-1.0083675365879812,-0.23001568326566,-4.133346943661962,18.471157562612465,-4.5246847282103,0.0075733938097599,-0.9693808397119752,-0.0633236279861053
0.0916496598928523,-1.0222355225758344,-0.2175649260360418,-3.8587930640528394,19.45495517123072,-4.961675937741461,0.0021164086943825,-0.9689349932894996,-0.0584983524143157
0.0859978113098307,-1.0142344178739433,-0.2123646540401106,-3.4879159151943937,19.955203949697776,-5.278576065804669,-0.0004348182372563,-0.9662746215970636,-0.0563932307769402
0.0791253428417507,-1.0119021218647326,-0.2090286288450919,-3.484673987969308,19.912962831325203,-4.771603756885504,0.0027059647254364,-0.9734630251473486,-0.0514490789850465
0.0908896661948862,-1.01451452755382,-0.2060968391558406,-2.746269176319444,19.21938495944535,-3.830702765718506,0.0056786453377003,-0.9669500481800716,-0.0515770570515802
0.0976880407908827,-0.9960949430522285,-0.2183960845972333,-1.6753453531648044,18.276725487347463,-3.640761766771068,0.0131981814357642,-0.9544467147130464,-0.0575428390005564
0.097342159133134,-0.992461905631828,-0.2170752795711405,-1.7248827157492628,17.451937838448956,-3.7702945876165854,0.0168832007224826,-0.947647581944468,-0.0649957929666939
0.0968022558981414,-0.9906070388207332,-0.2220195175546028,-1.5964694160657662,16.99033774993991,-3.5824733572267906,0.0138340154815252,-0.9436384054742144,-0.0694497098313937
0.0814373156727664,-0.9894368952123492,-0.2288480276215428,-0.8479836606048927,16.425041275694113,-2.3529440974022013,0.005332763320898,-0.9543986633469052,-0.0663890563018718
0.0718970166509802,-0.9931955989951572,-0.2288812932142577,-0.2750836090158107,15.309759392663365,-0.9750426335889212,-0.0029372832401178,-0.9500853186042716,-0.069245767522785
0.0837683395551993,-0.9952091273297988,-0.2290287814293093,-0.2586177685835268,14.20397340634088,-1.0134513669294782,0.0005822142448523,-0.9482982898831622,-0.0731307165940702
0.0938075967323513,-0.9999949117390466,-0.2165456303442697,-1.0181952623572164,13.4181474913493,-1.8533292296420147,0.0064019556831834,-0.9591072956014652,-0.0696421553978839
0.0987568648696094,-0.9936504807898504,-0.2221032481420091,-1.4360353851182672,13.210562287615176,-2.440172852026574,0.0152073745067917,-0.9543363235048612,-0.0651932058257655
0.0953600317666961,-0.9952849251049906,-0.2260389602859852,-1.2769826449837174,13.866947712511058,-2.886298733337608,0.0097024441924847,-0.9556289979563408,-0.0633122339750236
0.073594845654466,-1.0022471240328883,-0.221813486756489,-0.981926103637897,14.561675591466669,-3.8152117953856703,-0.0143772107803174,-0.9582197443198174,-0.0691123365575515
0.0750101850551197,-1.0160889243149915,-0.2267296389406364,-1.3176804567876268,14.878521769600471,-4.860719897077688,-0.0062346232889762,-0.9732443011673748,-0.0701396119368707
0.088053115013389,-1.0409837091495415,-0.2139191371426037,-1.8024078590688,15.7124016846611,-6.402845467345346,0.0097264626091912,-0.9921686189875428,-0.0573011188120086
0.0813990927037527,-1.0354449370354168,-0.2075413681375522,-0.099499721103238,16.743527968370344,-8.121958737104094,0.0036568112811107,-0.9825578426370214,-0.0519916021359285
0.0835805279124339,-1.00230334037043,-0.2301865321765209,2.031497794395013,16.590200768241257,-8.591650311838062,0.0033383341030136,-0.9601397718385034,-0.0653450666582685
0.0860852775906723,-0.9880859765068952,-0.2399729152330189,2.1071841684397694,15.852132616921072,-9.205426184383718,0.0007979524032644,-0.9446317887875344,-0.0766342372104748
0.0958148689984529,-1.0110398517350088,-0.2190134082464804,0.3685518361585488,15.783827745067168,-9.129770531710328,0.0092841877506109,-0.9701531733480216,-0.0596635477106146
0.0884599735318604,-1.0307242272950434,-0.2091722901316907,-0.7255016050895273,15.846632492948414,-7.580856647159179,0.0081579284240884,-0.9936339330417944,-0.0359075767907267
0.0532138790804799,-1.026555187331643,-0.201887201141576,1.0664732195834177,14.471417862814633,-6.465051358377572,-0.0200917305873483,-0.9793761806233988,-0.037838403907924
0.0691218065653483,-1.0133102084605738,-0.1924706208035925,2.9266630775393727,11.571624100831404,-4.98605248778208,-0.0126349341970909,-0.9705744333117284,-0.0431603459119017
0.0954512983914687,-1.003912866268884,-0.2001255933153949,3.373491222077686,9.256597967784248,-4.007340060509908,0.0095809889025148,-0.9613340666899688,-0.0381864264124639
0.0882835826553463,-1.0046738041367682,-0.1863440241161123,3.3328841977036907,8.022962466928625,-3.817030689478435,0.0103621845313418,-0.9592301275585524,-0.0336929969165898
0.0862185720467996,-0.9990148824294992,-0.1843121805459634,3.301261090374051,6.5932763032745045,-3.154362216791698,0.005603010144001,-0.9591663815214893,-0.0350547775611576
0.0892774050238634,-0.9982247489421971,-0.2027773970068878,3.1679618716702,5.123717453096166,-3.124177780561028,0.006102638864252,-0.9540309751893488,-0.0353991633267602
0.0970812970593673,-1.0034368819587365,-0.1871241620739852,1.9793853330735331,4.2732565407585135,-2.7753600943470627,0.0159244285979307,-0.9640064645360752,-0.0247173735778199
0.0924952040093496,-1.0030597623193078,-0.179484775506585,1.922780401273295,3.8601926360040313,-2.2027081497693275,0.0116490028367592,-0.9591823839852954,-0.0213560300192009
0.0868516693329129,-1.0017868730904314,-0.1892779761443953,3.119587335028598,3.465228095944727,-2.546258936340152,0.0047526374187682,-0.9516275226904016,-0.028589717099094
0.0904843124003282,-0.9949459751147008,-0.1878261313992941,3.117420007055939,3.1273128344585674,-2.530552273032007,0.0060045562214065,-0.9550235703849128,-0.0300490213153945
0.0853885079713791,-0.9899663121329764,-0.1886138397541672,2.013711578060873,2.6900636101839184,-2.182725813224948,0.0051090301363707,-0.9468848554688916,-0.0260130956258744
0.0939318946261486,-0.9902014817633882,-0.1809814739363928,0.0602591453700811,1.5168911943672685,-1.6896521155195148,0.0128733671563805,-0.9529287538166022,-0.0212422064803379
0.1070181641364927,-1.0049747638827904,-0.1769693785521457,-1.3725120420106325,0.5522859231238997,-1.4239476223129983,0.0266031909555748,-0.9692872826351622,-0.020319447357948
0.1213453109738533,-1.0230981092553697,-0.190625046125164,-0.9603078187507862,0.9959616836403272,-1.8921526099138744,0.0409883532810987,-0.9742837105599238,-0.0266398158423031
0.1365375436627766,-1.0156305654336109,-0.1877068609844926,-0.8665115282819172,1.9006508760244265,-2.271500705599838,0.0473440161322925,-0.969867854655661,-0.0252940763926868
0.1352696041611319,-0.9949743579906244,-0.1779665666132239,-1.6825296435300676,2.889276129410345,-2.065025212150369,0.0510893212247647,-0.9483562492335236,-0.0161184911392953
0.1527823761748089,-0.987440614934781,-0.1988688578650204,0.7002374568947515,3.860132066379797,-0.1524315622990878,0.0705469968497397,-0.9357837159032256,-0.0373383204795518
0.1704549011154276,-0.989316462343993,-0.2234880479730108,5.278370645758569,4.565186972672844,2.5468964627539603,0.0846035244068774,-0.9430053504212488,-0.064535940487504
0.1656412239850213,-0.9825787957357792,-0.2231119272456087,6.247046991593023,5.844919113023344,4.260978262371016,0.0831864507360275,-0.9404543851132952,-0.061219408222212
0.1596483938256897,-0.9791220081140491,-0.2168559510293894,3.748958753496305,6.800487654193193,5.049359614436949,0.075070733718051,-0.9351974333869092,-0.057535659662301
0.1219302799039545,-0.9907818885861908,-0.1990659185687714,0.0754701954370879,6.946875919339573,3.152102874661326,0.0438715054566708,-0.9490511218173906,-0.0474907461389634
