ADXL_X,ADXL_Y,ADXL_Z,ITG_X,ITG_Y,ITG_Z,MMA_X,MMA_Y,MMA_Z
0.0884058636101504,-0.9913556467518454,0.0560151668272555,-4.295950137249199,1.1419357563297916,-0.5896233374911715,0.0051421041311294,-0.948473472500085,0.2042497487424274
0.0866414804771998,-0.9925429788570824,0.0522752155431491,-4.247354176540368,0.908786534151096,-0.2084255605936279,0.0054265574412563,-0.9510688109011338,0.2102004050022271
0.085120364882451,-0.9882947029856676,0.0573530783246736,-3.862444091387941,0.530616847196724,-0.0956624654500678,0.0048921233337632,-0.9541396825581496,0.2095289022332708
0.0811913776823932,-0.989069395686091,0.062055562633809,-3.560662354164075,0.4333687917644919,-0.2546502914180346,0.003268138186073,-0.9494471027345932,0.2092720494720655
0.0861832157404033,-0.9849317065726696,0.061346607892322,-3.4173829348847007,0.5448182555390532,-0.4480300841044616,0.0118032045030393,-0.9404793990442724,0.209178762014192
0.099931102541948,-0.972447637349246,0.0573461622847336,-3.465287731576276,0.528801470131512,-0.6036277757544166,0.0168936266122544,-0.934719051344342,0.2101868226579282
0.1031343931889444,-0.980297434913608,0.0553642126658869,-3.776109497592632,0.467361181161197,-0.6121335096468824,0.0141738854686435,-0.9373233219898244,0.2115304605250681
0.1011270694768932,-0.9918981096973202,0.0627891764107526,-3.8915907938009098,0.3514693358299288,-0.4816064559592851,0.0174263286291358,-0.9448835449909612,0.2127764903307361
0.1019985257398533,-0.9908831199040052,0.0669853957420589,-3.4400583407306544,0.4373007933248401,-0.4794487890500205,0.0198641067280925,-0.9437846824281884,0.2144171260301015
0.0983150691236623,-0.9862769104393978,0.0687416056174584,-3.011743845638712,0.5413796287174534,-0.6829029777654242,0.0162916160334221,-0.9400301310799932,0.215115939448163
0.0953260324600715,-0.9762978483178972,0.0666488118151819,-2.7721111789191304,0.6070339475997107,-0.8429900284553764,0.0150296882850834,-0.9347735303316744,0.214690450960625
0.0935678456664302,-0.9795019603548616,0.0687016044541014,-2.7644780724094637,0.6878015351449556,-0.804171984816756,0.0138520678203968,-0.9378424346149876,0.2146279108634131
0.0904199624733695,-0.9878144141673204,0.0659553488725269,-2.92092924232231,0.6452150352984708,-0.584942555954394,0.0116581299815979,-0.9506775194429388,0.2186369082607233
0.0937803421816207,-0.9903792878498272,0.0604879491914746,-2.7096119181752982,0.7365660335906359,-0.461810115622462,0.0091800622325886,-0.9506352646261866,0.2184715115382201
0.0925247567479753,-0.9913065149719922,0.0651086990405609,-2.5738259265481824,0.999883229929356,-0.4066778060263359,0.005848857498692,-0.943965715886866,0.2131647404117581
0.0916296963549034,-0.9851442926100504,0.0622514601666999,-2.7417694297530404,1.2940814715708195,-0.3215406937196547,0.0084565916969678,-0.9369310212437344,0.2118613278291334
0.0950922995335467,-0.9804357037496636,0.0619263531777625,-3.125870880153655,1.264971871137895,-0.4253556480518375,0.0110728226643115,-0.933381353620092,0.2107400732976982
0.0865121848616746,-0.978404904277146,0.0656050322478376,-3.806993755884897,0.937836286053916,-0.5244266727176655,0.0078721394901558,-0.938307630446336,0.2123957137257326
0.0858940779014678,-0.9828269484921252,0.0636023114590755,-4.139732049560682,0.7673259221830202,-0.5598643093209297,0.0092014751035796,-0.9431046718858896,0.2132521699663312
0.0943518397555767,-0.985491898651354,0.0614024745539972,-4.034663761411599,0.700667081428698,-0.6083582051697486,0.0124438244868292,-0.9448976687934428,0.2094150152311914
0.09068724794907,-0.9822990810761726,0.0578262242067364,-4.004508855450164,0.6177062920697913,-0.5659171361726207,0.0109192191623154,-0.939483071521894,0.2127002100562786
0.090019943959841,-0.9861728325199604,0.0562632303622269,-4.191125228284315,0.6087594933028609,-0.4886580454430569,0.0112176768116779,-0.9391065927254456,0.2124256561789981
0.0937812744627673,-0.9820606252800388,0.0588734526788064,-4.517567305563542,0.8018779640092684,-0.4555921079205243,0.0108487167897954,-0.9435996548695342,0.2093157390709326
0.0907468709959277,-0.980018602978348,0.0592171368906539,-5.195361961297081,1.1207598875723583,-0.5203161628152637,0.0093011555970705,-0.9415101026181736,0.2142148978942853
0.0921916424985657,-0.989257462710237,0.0544738239418037,-5.746132943167527,1.4790051596503164,-0.4622833664101964,0.0119922075272103,-0.9476744222950556,0.2127323829339437
0.0897157776287218,-0.9901405711460478,0.0530300107699603,-5.268385089488315,1.6584451032314689,-0.3226037648593909,0.0115823768289445,-0.9529030115518448,0.2088023798314233
0.0850688128171992,-0.9887518247178072,0.0537376783850139,-4.695686376439597,1.6346130842998603,-0.3979670804312054,0.0102034510935581,-0.9475704234176952,0.2040352375629441
0.0918559240725381,-0.9863276530119072,0.0513700961249627,-4.502284038208653,1.9747375701903096,-0.5094071029792955,0.0121554951685452,-0.9423632433128069,0.1945000879807384
0.0970761052481332,-0.9814951463235976,0.0474205615992067,-4.670722602218511,2.473793098870463,-0.7138168822122266,0.0126799322774934,-0.939890649877679,0.1997672109483239
0.0980793988606236,-0.9860352116686784,0.051186169783896,-5.516109558097981,2.701834285146936,-0.8765375149490953,0.0116215955616103,-0.9454647241447244,0.2107056714682724
0.0863806111617677,-0.995049998671321,0.0541998979633983,-5.502563253179041,2.8876100599616104,-0.6371322504745925,0.01107277381139,-0.9527288212965184,0.2081668044675982
0.0868767664970575,-0.988452354495551,0.0514484491308195,-5.129652366994679,3.029361168516804,-0.5240673118596876,0.0132971148801749,-0.946470401123747,0.2045716464994132
0.1026649436382422,-0.9803209033387056,0.0611592447067036,-6.300505398960318,2.941531003508814,-0.5379851511139432,0.0139870714638627,-0.93787608419384,0.2090866033017162
0.0967539864493432,-0.9883495311704776,0.0611556979052923,-7.414265660457576,2.725477909213371,-0.2664357985998764,0.0149882530914221,-0.9434909304634476,0.2159340775182518
0.0978974905999638,-0.9812337424780414,0.0532797612765994,-7.275776116179307,2.6797541351884595,-0.2956865691085749,0.0148206025237798,-0.9388939765264906,0.2080259015535578
0.0925985455217572,-0.9703231666623856,0.0495553451368122,-7.492910466543677,2.537554455428018,-0.539465701493771,0.0104103036848266,-0.927242656082586,0.1937456675410332
0.0864632283930847,-0.978614260807752,0.0442159272340106,-8.416718855108346,2.148857573699112,-0.4535045923801171,0.0109818510609077,-0.9357962435408426,0.1971933433474941
0.1004797119075849,-0.9869890406938095,0.0585561176969167,-8.818830836432548,2.204273838949929,-0.5130555348247229,0.0101909791512599,-0.9478323861722766,0.2063024030755917
0.0869937917122113,-0.9877999586060638,0.065529766326012,-8.788389640567042,2.593359614262416,-0.6774145102492859,0.006184729420216,-0.9527974931860544,0.2148750759862269
0.0776159545889776,-0.9754356177454933,0.0659115969110077,-9.204630735111776,2.8128477175587814,-0.4884923280795862,0.0052144870518045,-0.942151943073586,0.2175764051452892
0.0863316720050313,-0.9701707559547108,0.0702961744261458,-10.883882889144534,3.0058749113702783,-0.2689447369995008,0.0054007620670366,-0.9286110790675728,0.2089968900535627
0.0858630022942431,-0.9725794430542144,0.0592405189188126,-13.901793619609936,3.049206461933852,-0.3522688936728914,0.0045175496411404,-0.9300149929647402,0.2113332535312053
0.0858211117966352,-0.969034386323258,0.0574309698466531,-17.1514464133945,2.672991818987469,-0.6449776420706395,0.004092306951905,-0.9290399298984788,0.2134990185200325
0.0902584820734187,-0.983838283078442,0.0425791027037569,-19.612652866526915,1.9581426492551743,-0.7955265391494061,0.0067126739761359,-0.9376291441155186,0.1983729217167994
0.0979808709998938,-1.0024614003698016,0.015420869904885,-20.10271340871557,1.3015535029079015,-0.7855025592086162,0.0068860811433739,-0.9521625246921744,0.1787063656018443
0.0930351470653199,-1.003937895066097,0.0075725336753673,-18.885356108107796,1.0505931716077923,-0.7546803644796203,0.0063633995762649,-0.9559457967983082,0.1633296586777756
0.0843568742559698,-1.0008700741683605,0.00900349574148,-17.754118067369326,1.2835784543254027,-0.6355648576881091,0.0035318686822759,-0.9615493396231858,0.1625080658194035
0.0812973081182753,-0.9997565167420486,0.0168835349546021,-17.00812540486535,1.6290433543123752,-0.5698213497973033,0.0047002465664253,-0.9646217052993442,0.1682752447401209
0.0917456680716071,-0.993236180388246,0.013298955681223,-16.38175277438379,1.5552910970237273,-0.4850033730932868,0.0112341345668936,-0.9614605712353556,0.1722375628021745
0.0965836009774906,-0.9881676068903668,0.0075731051866189,-15.814161457558072,1.2534527732168723,-0.1228046075375325,0.0020173148771568,-0.9582347857511228,0.1703639779190581
0.0732287800294149,-0.9997565018532664,0.007359021938568,-15.447409628749543,1.438201621325757,0.6170319449134312,-0.0085110515510358,-0.9585440716383822,0.1578602918087518
0.0677987481566309,-1.0060239646410334,0.0075575118100495,-15.761482685407474,2.0906728101653718,1.8859572416650208,-0.008465722038793,-0.9635626769721536,0.157119577964842
0.0744095288577063,-1.0053479691160596,0.0049385905837581,-16.96723971381046,1.5925400985273388,3.56848536952332,-0.0018554891962333,-0.9707301585991934,0.1648242111366709
0.0784256373155954,-1.0173763262076734,0.0048736002417321,-19.11009288439057,-0.6119529695192414,4.702234239687266,0.0114877811106794,-0.9775186573773108,0.1641688187189831
0.0908843882595713,-1.025511920498832,0.0112191878699392,-20.781313602962697,-3.067122672137681,4.463282871672515,0.0112937823089596,-0.9788224256320364,0.1529423453539668
0.1000435705883293,-1.0057684587745128,-0.0091776884917301,-20.95090210333625,-4.532582051756894,3.2846049749792674,0.0124345516019474,-0.9654084701860434,0.1386071455485468
0.115137022610162,-0.9792463667613146,-0.0076285045610037,-20.94765771197689,-3.7478167946381538,1.9088649692125408,0.0316657951031031,-0.939172199303182,0.1446837213472389
0.1290651171332572,-0.973491808873302,0.0003325008288295,-21.21262218444728,-1.512067081586352,1.0006255000536006,0.0468219112674488,-0.9249861410883308,0.1545406296221196
0.1283308793560711,-0.9715392339932424,-0.0027325887107445,-21.7111833223456,-0.1488679448956973,0.6806644888380133,0.0504708929242588,-0.9291411809076052,0.1573398343535923
0.1185934796564964,-0.981095195287214,0.0303322500864562,-22.869214045474006,0.729608370626772,0.1689798281635163,0.0427927252036985,-0.9366595305306408,0.166142389020763
0.1103856246275965,-0.9898931843653672,0.0180344267979957,-23.910346566143915,1.9413590828328025,-0.3519076776236007,0.0331368229217656,-0.9434702803187284,0.1681510374492308
0.1057859447149103,-0.9889499341086848,0.002705519000551,-24.75948909853653,2.937890266730199,-0.1950884263926609,0.025798668014739,-0.94952312034354,0.1661410416133503
0.0890913655788799,-0.996353028269968,0.0111485492795603,-26.0738325243473,2.996314908440911,-0.0072758477565404,0.0087026876388032,-0.9524835755250756,0.1600389689024692
0.0687106755797864,-0.9840009576622653,-0.0063382506418699,-27.77466592503925,1.6427806325547212,-0.0204185044963737,-0.0083488791056568,-0.9489878536788978,0.1521438418337444
0.0731572913995301,-0.9854387992447836,0.0015890002257972,-29.5816243131305,0.1955900548955134,0.4365807996486176,-0.0144021168664757,-0.9430829186502154,0.1561729533328236
0.0635610929582974,-0.9985959767682556,-0.0006484115948747,-31.483534088271774,-0.4364898573165763,1.0645898342616749,-0.0249002519699342,-0.9411339087956084,0.1578172824043077
0.0415663863334417,-0.984801746660292,-0.0108358664071352,-33.420202216501714,-1.270285389669989,1.4357819349456074,-0.0361694714579276,-0.9453395104126592,0.143884980971499
0.0556725608857331,-0.9906215174663964,-0.016101986692969,-34.1049576868474,-2.2749221554191936,1.4338259565748168,-0.0302330818474599,-0.9513898208430972,0.1229659266019435
0.0549015106547179,-1.0032001010429674,-0.0134242442830015,-33.650556840410374,-2.74144195715265,1.0809921775096458,-0.02614485178267,-0.9529194354035194,0.1252104460216565
0.0555453412349189,-1.000242137671373,0.0044576057810053,-33.9030657041271,-2.723851395142449,0.9140301082678144,-0.0236838661515597,-0.9534917553583816,0.1457299664672284
0.0629326069310811,-0.9945480267263924,-0.0180984423170757,-35.27903507131432,-2.91092469991788,1.052605666502481,-0.0160408021975181,-0.9538981245401162,0.1498713492314541
0.0640481869046898,-0.9901261656017069,-0.0178743509428113,-37.5779714119604,-3.667774963380333,1.2739780171170654,-0.0082142396467548,-0.951906932140125,0.1477229698662379
0.0971890546358658,-0.9993733559857864,0.004967899301196,-39.46169274907596,-4.374260777380498,1.1425768322362702,0.0085920588042885,-0.9537275483703256,0.1477705791114715
0.0979657331511762,-1.005089574074457,0.0048714996393201,-39.78833899613544,-4.43618428528692,1.0981785252365572,0.0112485652440899,-0.9613436185458296,0.1561190617494396
0.0995093375017036,-0.9863801268292546,0.0198175558647686,-39.33641684644713,-3.481582028563992,1.3636317808389655,0.0160944677268686,-0.947465608431344,0.1725124860241183
0.1091970049286025,-0.9587283923780066,0.0227899165741499,-39.2321189139863,-2.4124982450871477,0.614181695075652,0.0214342632901806,-0.91543615946811,0.1757002245425451
0.0878360007263023,-0.9393111616736052,0.0114368254754007,-40.324099009173615,-2.2388842727516343,-0.6348648845939532,0.0075608379735145,-0.900049601902005,0.1669737764687217
0.100416029945046,-0.9095200779868684,0.004007509619122,-42.99548292360723,-2.0815985463811097,-1.6623599896776138,0.0214410033689937,-0.8801412943459337,0.152070678077578
0.1116330308348201,-0.906237841747532,-0.0089483097469198,-47.17008013513105,-2.0808003041270644,-2.9916648036678146,0.0351567718586371,-0.8731035579619091,0.1387760011194357
0.1159381325299206,-0.9317630072685668,-0.037486504204224,-49.925135561896255,-2.19608862926768,-5.001564149285346,0.0324941317419849,-0.8923542388584799,0.1153541401273292
0.1374596637527305,-0.9325468222371304,-0.0637327089363957,-51.15072628113675,-1.123600389389771,-7.750573192892278,0.0504554703237223,-0.8942530976965007,0.0892091268023406
0.1593843197358292,-0.9507281117664672,-0.0707412779996588,-53.45685112037878,1.057480855050644,-10.630964792696563,0.0736839938344872,-0.9034485931612356,0.0812088700469735
0.1687057664126951,-0.9688397340673538,-0.0751615980510357,-54.28460499852255,3.7148172118961753,-13.86759069521598,0.0816613850822326,-0.9168804736036384,0.0814433859594055
0.1680087892099437,-0.9690151037234426,-0.0705746227183214,-53.6379031325422,5.687206628528474,-17.169435176013305,0.0804926504749372,-0.919755105380064,0.0911943589300539
0.1555428962278137,-0.981198815249878,-0.046844678692912,-52.77308262633181,6.7262936308090575,-20.49520084283392,0.0671302860241336,-0.9252018553769604,0.1023955030292404
0.1000326240769556,-1.0174957078396654,0.1023771141401792,-52.30955656987351,6.860444155155224,-23.371194896176466,0.0283202126745875,-0.9610313048116202,0.2329919337299636
-0.001155514707253,-1.1054875337344487,0.3112438483551178,-50.520665473441525,5.072778169477103,-24.216846358252557,-0.063157769673445,-1.0639619599227803,0.4539734220175238
-0.192684111256363,-1.1654280003725452,0.3239392066430702,-45.08927827991587,-2.2675332721220656,-21.572686383635748,-0.2465419938186251,-1.127898701583166,0.4822532415142033
-0.2800058364952952,-1.198624074956276,0.2566989608234675,-43.17226002710255,-15.74577838560711,-13.266925559807104,-0.3269053949025215,-1.1513081143889918,0.4019215299458999
-0.2071948254567329,-1.2468752022311735,0.1422470490600904,-42.78261388722306,-33.13444381180885,-2.8481403656953392,-0.2487551941375694,-1.2041973009272446,0.2878599692125647
-0.1178130721871756,-1.221844060533183,-0.1265198469021806,-43.9749918288153,-64.49701725344867,5.456422761921271,-0.1662132067744486,-1.1736720531547125,0.0372287215367397
0.2026649029959501,-1.1300508666599702,-0.3220145218146154,-49.79937475823834,-93.81411409612728,7.878576595483456,0.0861516599409493,-1.073361729484553,-0.1574619404754152
0.4701803638903299,-1.1190388929246642,-0.38515672593027,-49.17274134548476,-83.34561179391325,1.7207317060600105,0.3232468967913987,-1.069667829265134,-0.2232223708304936
0.4179198977114503,-1.301012393375048,-0.3877833938762329,-50.9619312428979,-49.45401077023051,-1.6664470492081185,0.297593111735964,-1.2426171731441755,-0.2192817499342337
0.3843039708222587,-1.532885964757798,-0.3482738226386945,-56.66492090901165,-22.682251870407107,0.863957678272985,0.2670905435181109,-1.4596827512271635,-0.1866610529591006
0.3288858518994934,-1.710022282769144,-0.338276974089071,-47.5351654499272,-0.4953206582127077,0.7040798785163109,0.2265018031776735,-1.6156377299368023,-0.1944511136453244
0.1550369004935808,-1.8621106374204373,-0.3552885283417998,-30.47839667684118,14.05732810778568,-0.1633600129044854,0.0807002007285432,-1.7632864588930115,-0.2058944629375331
-0.007557262009837,-1.894634393665906,-0.3865359514840801,-16.419403919398743,14.118097314034651,0.6800607407178293,-0.0724159326500409,-1.8150159480385617,-0.2315527933610698
-0.0033000919813598,-1.832833548048384,-0.4126164523291865,-4.337106553795138,7.588623603298423,4.5450067554567095,-0.086801089914196,-1.755120719492115,-0.2682192334687721
0.1526397657628221,-1.729713691321458,-0.4412618840284381,4.454221987356477,2.7747337481866627,9.90668914589594,0.0563474324787211,-1.6643367628733488,-0.2925845467584322
0.2475831853675845,-1.5682352977805327,-0.4808177594636706,5.4407466035822285,-1.3829057201995798,9.85880727472414,0.1574612795539091,-1.5232436207347673,-0.3306789856946758
0.2774144163821584,-1.4459314623027817,-0.5166964405804964,-2.939506145477203,-0.3217527405316069,5.315158119949179,0.1796647503460907,-1.4027887536584107,-0.3684350813696888
0.2741270075100512,-1.3967029320479014,-0.5504116581316335,-15.86500332907333,10.117337278051988,1.470139181833177,0.170426171308247,-1.3467053933847168,-0.4021764221468626
0.2506984259865242,-1.348543915987667,-0.5970508278225594,-31.47555227310457,21.10881287986918,0.6771603683214616,0.1458771317228674,-1.302823486358489,-0.4517519881835427
0.2275654579332094,-1.3469239156687145,-0.647034421834153,-48.923059608986826,29.37185794613667,1.6528521523165192,0.1213180912121888,-1.304323172246163,-0.4937446439779205
0.1630775254341867,-1.4531597317596257,-0.62601384344215,-63.27176791875505,37.69487726094206,3.924234929831945,0.0598571276417494,-1.3914504391493687,-0.4724121392150857
0.0834871637665471,-1.5890648588004246,-0.5711307799012508,-69.65914652361873,46.70557117510685,8.919359542130056,-0.0089582366053651,-1.5211343229027912,-0.4250943086460098
0.0238355883566885,-1.6751102800584294,-0.5461650585763007,-65.87265013998436,54.200051676691125,14.374467356186267,-0.0604786526108024,-1.6034519863914485,-0.4039148463738347
0.003905861749653,-1.66025171667286,-0.5366914245238135,-54.69163414866576,57.131385031898525,19.15575789059947,-0.0825634191746217,-1.5798487706350297,-0.3893605776894948
-0.0220070273709871,-1.5715956369333028,-0.5408006673429854,-43.9426054344866,55.61888508046484,22.13565526487808,-0.0983004303037219,-1.4999675138833606,-0.39098455328723
-0.0303652804951914,-1.4779589349338318,-0.5619625703651234,-38.32421835978494,47.39021698818635,22.059308627286995,-0.1028914013958803,-1.4080879681972365,-0.419084467043153
0.0129101194471269,-1.40258993588714,-0.584820609666473,-36.36583252949709,36.42587920711815,18.930535630476868,-0.0574733446377878,-1.3368432859667203,-0.4396111396190778
0.0305788367713886,-1.3446899190838923,-0.5422203096627676,-37.47178205761826,26.39966280426584,13.250194383829584,-0.0375041849359569,-1.2945167879384734,-0.4037908627711161
0.0812297869763379,-1.294444293894726,-0.489165951291637,-40.06110521383249,17.033096144419897,8.949979022546337,0.0002499806462694,-1.247800696028182,-0.3438874277145901
0.1054287832071834,-1.3134067690204143,-0.4660338330785422,-43.72735580389279,12.489012285641149,5.327046818311557,0.0268837336603576,-1.2579016628970852,-0.3037233507739442
0.0937088909074603,-1.3519455684364168,-0.4020249606043432,-48.084124314990746,8.12193822536529,3.642138014441208,0.011502808379392,-1.2902525564911065,-0.2602803335841955
0.1456638199498739,-1.3712253450675569,-0.3826356482000123,-50.44552235237354,3.913942046201969,3.0125446293765847,0.0632140722659668,-1.32089588042094,-0.2435461389975957
0.1057033178243666,-1.399058771206284,-0.3922461274857972,-52.624664258447794,-1.0437993622555413,-0.1899578692390702,0.0302391749323864,-1.3436829188997472,-0.235598087636146
0.1148337783203302,-1.3349744434936417,-0.3961692906714642,-48.48990970395022,-6.86343783915499,2.9989647054264696,0.0158535045284125,-1.258853627562009,-0.2423492662582833
0.2524295909950889,-1.272873194068851,-0.4722440203609614,-38.10028529500016,-0.9547436498498976,5.011790764053353,0.1541134234330428,-1.213907229525105,-0.3135957988941441
0.2584575965419708,-1.2924967653629509,-0.4939411053258272,-36.1936449376945,4.906714211554595,-3.920760853397004,0.1768975064539684,-1.2443486201338791,-0.3363612938632442
0.2022795963725338,-1.3109624820250518,-0.4433666534693421,-37.2398684777931,2.595970042594593,-8.639919224627064,0.1064398778609929,-1.247326086742187,-0.2923600035463736
0.158958441896053,-1.3563228857565257,-0.4043627090587637,-29.31848647240328,4.8509148335460495,-5.228540597123242,0.067092645332363,-1.2872463695074057,-0.2502934723616906
0.1182601117543324,-1.3673922845149926,-0.3397607766362395,-17.180386526115484,7.806128899917463,-2.197446569521394,0.0464662959099062,-1.30496478215912,-0.1933536348316927
0.1222055163026977,-1.303503690808518,-0.3192103795468967,-7.270385291075654,4.899451625467088,-1.6239248284676413,0.0431253739464131,-1.251919157242004,-0.1734458840556019
0.1148461729757244,-1.2429213568656294,-0.3519547639303544,1.049637633950907,-1.9822568034613208,-2.247910865309982,0.0283991674941162,-1.17719337164202,-0.2014179864338388
0.1059930804282174,-1.1654272466795648,-0.3737777673649481,11.009982267099534,-6.550134513521929,-2.408649821782386,0.0205151737189995,-1.0949582995374942,-0.2258930836852807
0.0893514625735922,-1.0686610068742644,-0.4097191006161357,19.60185375868777,-5.63370033931999,-1.0312779152822238,0.0027996828594066,-1.0168399550599163,-0.2545997252178703
0.0508021172975073,-0.9741406338506184,-0.4192551598164603,23.529227900030214,-5.312229388520235,0.5585333665662006,-0.0289590075454789,-0.9220866973237511,-0.2651527067458584
0.0634971875514826,-0.8709245278010678,-0.4078131749081706,25.672143296950715,-9.44089164051919,-0.1490341524911002,-0.0162279657135793,-0.8185618412075955,-0.2584239594196283
0.0659553532750166,-0.7634047748224262,-0.4361166912527568,26.12177224336228,-15.6423754914552,-2.097634808892412,-0.0114641730874825,-0.719385489438559,-0.2745613010167492
0.008232426834735,-0.6344411472964526,-0.4541632874277124,23.839340676697024,-20.32538381960837,0.0580611475624737,-0.0661390159027944,-0.5977798427449925,-0.2894910476968486
0.0140521764794737,-0.5909784337363215,-0.4659576223882257,18.861036181997523,-24.4772205618495,4.431380580236373,-0.0607389950635935,-0.557140287663649,-0.3065164229746627
0.0263883847928254,-0.6251750207945656,-0.4359113115355228,6.930199321186023,-30.332734686927505,-0.4026051376508474,-0.0399552490600377,-0.5883792834150008,-0.2677557477501119
-0.029454825182121,-0.5788401689005624,-0.3216017730242421,-4.85597750731553,-36.25633405130085,-6.608926920427577,-0.1062525057657555,-0.5358614804276888,-0.1496605310449681
-0.0135966339869212,-0.5143627126814752,-0.2371671212061828,-7.520797895013587,-39.33731906716452,-1.8074859146987088,-0.103563771465296,-0.4694704859324466,-0.0735114044134417
0.0495648017546634,-0.4379484135115814,-0.1717019085782374,-5.783307601471648,-38.79242312653225,4.830381570605148,-0.0337086732438352,-0.3969818497281133,-0.008316576032356
0.0959975489831048,-0.3473728251455351,-0.1408568130407047,4.06059992944496,-34.34477301213204,8.419258484925718,0.0131188117025527,-0.3009765039364065,0.0174157131215499
0.1306091781342173,-0.3087295773101777,-0.1890347606618585,19.189866651216903,-26.77484380972493,8.738475014775263,0.0442939678479769,-0.2644698453968813,-0.0329721482517673
0.1047892574986988,-0.2466423780509204,-0.216051979036601,28.602511456372827,-21.277581230100157,9.083223902031357,0.0189521623252334,-0.2139606036722952,-0.0499791214366642
0.082364625292422,-0.1494082291932198,-0.2406177613107424,32.56846889144772,-19.341136362032035,13.702098335823646,-0.003433598506849,-0.125592096410857,-0.0774914762129934
0.0901955794442163,-0.0523843649582673,-0.2372643024397474,28.22139254703549,-17.9646538920582,12.986200203787186,0.0063735516965479,-0.0323711278893523,-0.0732542160866578
0.114692743864897,0.0494610087956513,-0.16798524296064,20.56666282717587,-15.270900991434676,6.513745168769553,0.0249899674942756,0.0739957913108018,0.0009891005952006
0.1549680076162226,0.1521050616350883,-0.1365210308120343,18.065612470532063,-9.648496485618631,1.723654932039575,0.0595579481597475,0.1650195625787732,0.0313824472327741
0.1612709815437935,0.209010850750416,-0.1487229043187448,16.928595834781298,-2.319210757593465,-0.5549958413013504,0.0713526548846426,0.2097284038757025,0.0281739920379588
0.1498946726875566,0.1870006361587651,-0.1758787556795557,15.297169063198112,3.7058094745297936,0.3002591353102538,0.0599140744802104,0.1972792455618571,0.0051311747922676
0.0967816686448204,0.1471436359599948,-0.228598783062478,12.041961290683616,5.656984061613265,1.781280064409834,0.0176760074295919,0.1580526897620532,-0.05200323084707
0.0210484712336753,0.0935761790737018,-0.2832086537229178,6.625783666942442,4.236233125924048,2.865885018852284,-0.0500719991135257,0.1015349155787152,-0.1120822241054305
-0.0032784630976304,0.004041539864721,-0.326705754647399,2.589761175771395,1.9575916339824064,2.991858066406887,-0.0827451489442833,0.0265288722768049,-0.1573135582497778
0.0181841247498747,-0.098286516126696,-0.3989849318361961,2.287849045836487,-1.791598090212,-0.3063013148965908,-0.0590071432076406,-0.0658696866365703,-0.2347442835898885
0.040458413787754,-0.1980040983138775,-0.4901472469551613,3.5275181336008488,-4.017211276392659,-5.4352509425714,-0.0400047733381553,-0.165293141145552,-0.3396883241532688
0.0219177910812749,-0.277315967526021,-0.5589975530518958,3.577480071736657,-3.0682017918191047,-8.275699124673272,-0.0552292883028183,-0.2492448717244296,-0.398043938333774
0.0356931177917715,-0.3795590386124332,-0.5947127940952747,2.893507853071341,-1.6206325341655443,-8.064342192084688,-0.0443259580926933,-0.3512364952820473,-0.42737246137014
0.0555277108602697,-0.4917808398213973,-0.597103477284946,-0.2849742737085537,-0.3649369419216885,-9.329755859039215,-0.0364489096858923,-0.460660549467539,-0.4437976981554581
0.0511319704368292,-0.5870552528724371,-0.6311060939549336,-6.270823879611106,0.8553569327767779,-10.36216340013855,-0.0369339673450082,-0.5656765749056704,-0.4735251725054836
0.0941073238921616,-0.7532598288620933,-0.6760690273000046,-13.33323875855781,5.9779270274234815,-9.205820671203051,-0.0031221483388949,-0.7190344381876108,-0.5074549103198425
0.083530678173494,-0.9497097351253776,-0.666690100757545,-20.8728676551353,13.476465449501614,-9.886479820603505,-0.00982975231962,-0.9096879210640698,-0.4972393335949279
0.0310034143865998,-1.1301366832839497,-0.6110094403476376,-26.10195812252057,17.069214480323392,-9.271337049156436,-0.0442999583190046,-1.091171491172386,-0.4644883409611178
0.0210772706302508,-1.313720382433892,-0.5746234876973684,-24.943567039703797,14.374822964562489,-7.908768143059106,-0.0455083475214005,-1.2491761986952097,-0.436490714279927
0.0107660896286766,-1.4398716675864769,-0.6028380693309963,-16.816502587418867,6.147057416728923,-9.458884559536324,-0.0629979397085149,-1.368572608681507,-0.4525600344031549
-0.0310779311983943,-1.503988464858939,-0.555001642677809,-6.216569781486329,0.3892651110639201,-9.660361628107196,-0.1184766116953202,-1.417248830003376,-0.4113887895488535
-0.1010139534737285,-1.4284294212283122,-0.4356094604273327,6.039072466668325,-5.543243435228423,-9.491179198497866,-0.1705290133491536,-1.3635252966297082,-0.282616639610698
-0.0908368377618296,-1.2200349634833256,-0.378695656449697,17.287477154972272,-16.50195751814252,-9.89510895100477,-0.1643735515167705,-1.207992962480615,-0.2236820547002954
0.0009911395943315,-1.045280471669242,-0.369889504814901,20.477870743611163,-23.217796462600408,-7.44048358390944,-0.0907039730176917,-1.024544528611778,-0.2155529683595629
0.0670987553780129,-0.8936257524642011,-0.393329013650581,16.970793437420266,-24.94543260636394,-5.458887803033599,-0.0184639012906942,-0.8744087627030477,-0.2228595456117045
0.0725181301250079,-0.8235120212147811,-0.4443434590085144,8.182619579445351,-24.069065528723897,-4.346024765850651,-0.0104398858533123,-0.804220706940537,-0.2693127063435681
0.0290541582153768,-0.8822553629444629,-0.4781540276115431,-4.089249244134573,-20.949286552791595,-0.7883799160866355,-0.0469607808841864,-0.8450446822826339,-0.3005839129622038
0.0280968948476091,-0.9215635369992262,-0.4340550388523809,-11.13243542341269,-17.472095692618087,2.480011239077521,-0.0569407522814878,-0.8752980489400941,-0.2817178588620143
0.0430832585629667,-0.929698137240622,-0.4134933593328717,-10.323871585790068,-13.702380952103086,4.143716990146203,-0.0403073743979294,-0.8682179059763786,-0.2646110449560386
0.0168496345376473,-0.940797442356099,-0.4720898506161776,-6.568116771380579,-13.367639672332247,5.85344758928248,-0.0546358655797743,-0.8939321793482883,-0.302458461790329
0.0188548689079601,-0.9409593224592596,-0.4953779683263806,-3.43919334697296,-13.605941652016098,8.121588676295943,-0.0666665987245447,-0.8958473772502271,-0.3456390135213675
0.0423589438958081,-0.9359078021813568,-0.493193726535872,-2.0229352893021275,-11.990286043697104,9.32362067406705,-0.0399002705403728,-0.882528046077984,-0.3468386702118311
0.043219817270072,-0.9270410610340734,-0.4798643365490619,-2.0895576024479414,-12.493062558668518,7.570457603842333,-0.0319574871023469,-0.8818025137052647,-0.3209742987181322
0.0325401386997692,-0.9346341859297084,-0.4589584276950524,-2.2754938658673654,-12.337432874964056,5.439106009748239,-0.0435146040583605,-0.8798028645764664,-0.297194845114976
0.042936538495348,-0.9538650673748976,-0.4523553943601337,-2.171826362925917,-11.380886677901245,4.185988605050592,-0.0366133653949645,-0.9004192700681183,-0.2881401025629486
0.0668137632767764,-0.9971102271681818,-0.4409809553654562,-2.471232434912279,-11.949826309939644,2.6052748898907017,-0.0225808230641464,-0.9452054225461992,-0.2852668119325348
0.0838514779008339,-1.0413257090670054,-0.4226421413174575,-2.8364813940851787,-11.496162106562098,0.8181302060361325,-0.0023251526697884,-0.9847480950605516,-0.2673374917373541
0.0755729401697663,-1.0576559106392691,-0.3925226664673416,-1.001528333048336,-10.012218625775466,-1.7103171910342108,-0.0038470281313839,-1.0018103778311709,-0.2372958818736136
0.0453451627677661,-1.0961092628927416,-0.3728008288249679,3.6814371321210295,-9.554197351536663,-3.09688733306598,-0.0294405660260092,-1.0296787485343724,-0.2372182055607799
0.0589134960533472,-1.0944815137581985,-0.3734382528882237,7.861579917466225,-10.191035400212368,-2.7546222311712385,-0.0184054416541372,-1.0395348459110745,-0.2459204949097131
0.0686338300966692,-1.0283373328789465,-0.3830839785630592,10.03030935675084,-11.011663834654346,-3.278035201941988,-0.0079400389306882,-0.99247744286138,-0.2339942334636157
0.0502952994620656,-1.0003639769026085,-0.3903322795175091,10.320507660066603,-11.661356993243391,-3.512738367824089,-0.0244300846715214,-0.954824130627492,-0.2291816505544203
0.0593299475919852,-0.9961066430492782,-0.3797767648934076,8.824471873257613,-12.006940808044993,-3.132612690775804,-0.0229772038428073,-0.9423002827093184,-0.2269118473787997
0.0555393255408155,-0.9886921503910554,-0.3739969277586716,7.644166518036497,-12.004020014987692,-3.570152026592699,-0.0257709861307079,-0.9364743963468012,-0.2168102215067815
0.045793985340184,-0.9901346665546352,-0.3739237300665442,7.683192094624011,-11.40207417561405,-3.752088056133572,-0.0382996904255655,-0.9421618233746316,-0.2142608375513519
0.0323142069025681,-0.9876977974212104,-0.3838975075177041,8.424873664325983,-10.037907448881816,-3.216894948033884,-0.0505070027516656,-0.9422255178151796,-0.2280944833421947
0.0104565131270251,-0.9844971802748566,-0.4049499245387127,8.870845645092638,-8.950746213974083,-2.317582517207537,-0.0593422051891798,-0.9386854007243968,-0.242898587648633
0.0257996593984462,-0.9811925166981166,-0.3943199328149371,8.544912375648094,-8.604518824955155,-1.557077085291957,-0.0474930359415423,-0.9325794090807922,-0.2346992264261396
0.043993783243057,-0.9785499952089726,-0.3763093162225533,8.697829464399831,-8.616170229841625,-1.363702938526654,-0.0440286857671732,-0.9212717710472684,-0.2190962399968165
0.0370911358784969,-0.9650229040715504,-0.3780636928294061,9.052615233411432,-8.619254406827523,-1.3519865641607474,-0.0480171682865849,-0.9161554240002004,-0.2193941990770051
0.036403210590601,-0.953238764251087,-0.3794089344113456,8.19738057664731,-8.250519323187781,-1.3372026743302834,-0.0373722739825343,-0.9110259731666248,-0.2198743137319356
0.0535438464613788,-0.9544373763100455,-0.3709462921086697,6.147448441703466,-7.594775754366195,-1.384292895844188,-0.0319127475798127,-0.9055872916367764,-0.2105927385992105
0.0652234446328094,-0.9553292899115476,-0.3560989444366498,4.092778741259446,-6.931506243349862,-1.4601137783274425,-0.0271253848738391,-0.9085718671068804,-0.2039511715208946
0.0653714179245591,-0.9666736584121288,-0.3544416612134958,2.951911686218122,-6.557377711728081,-1.3544333292645656,-0.0179041397514599,-0.9142459388058436,-0.199606130639215
0.0684784350541616,-0.966656988025968,-0.359642800162333,2.646038569581369,-6.73717068691336,-1.2637680689584034,-0.0208409443416902,-0.9142590439827304,-0.1993523313782463
0.0662228585448268,-0.9618020460434772,-0.3644727329657186,2.424410803993252,-7.348876504744312,-1.041563447412674,-0.0247390153190118,-0.9123307041822036,-0.2061412633555196
0.0676026701504152,-0.9788709235575016,-0.3665854738377481,0.8404960904927858,-7.636511491409601,-0.5228755245544273,-0.0171279277130332,-0.9248029411719354,-0.2061624049208374
0.0821401813567868,-0.991537937229482,-0.3526428473761397,-0.9885520808752332,-7.142229227769185,-0.6409642768516017,-0.0077768194507213,-0.9412629088596391,-0.2004657020482094
0.0865146408727566,-0.9902280587506256,-0.3471275388690067,-0.6342956909215401,-6.472958252434262,-1.0758463584757565,-0.0027831934518726,-0.9397712091876738,-0.1999531168432975
0.074515598800027,-0.9781626260521746,-0.3605055968970445,-0.0286751897423993,-6.804777139765419,-1.2940726084423857,-0.0035674950584601,-0.9337692113454876,-0.2033255569153492
