ADXL_X,ADXL_Y,ADXL_Z,ITG_X,ITG_Y,ITG_Z,MMA_X,MMA_Y,MMA_Z
-0.991701121805773,0.0073162847758289,-0.2447392987084739,-3.974718762647413,6.073663511943494,-1.9108460776315408,-1.040697123674153,0.033107308802577,-0.0688575742056237
-0.9916839529218976,0.0138897996822785,-0.249564501240511,-4.351511848818709,3.5065467039282066,-1.7064853388839905,-1.0402123467648468,0.0339048459962633,-0.0693459559065887
-0.9827360178050268,0.011857792760241,-0.2469185995995435,-4.574484138292896,0.7273299181007217,-1.5901776465590245,-1.0327679249909667,0.0336195078798433,-0.0739709133987043
-0.9745054397422964,0.0060627306897654,-0.2434624517945572,-4.756489982973433,-2.158446850228706,-1.6801254153377545,-1.0188352895345154,0.0289596790973071,-0.0726749091165551
-0.9640683191418448,0.008657497723164,-0.2329492744391722,-4.558119611900152,-4.419473844738174,-1.822365466052965,-1.013924556707201,0.0287662490821277,-0.0635829785691109
-0.9653440301142724,0.0085452864346546,-0.226196694245282,-4.215198997903356,-5.683999957804977,-1.7158209736904255,-1.0137472937019822,0.0284528744458164,-0.0584699714169116
-0.9593820758257868,0.002090279100762,-0.2170097157601856,-3.983068175157229,-6.483879936695208,-1.4111218810647264,-1.0097100216277746,0.0246348881844967,-0.0516084436340547
-0.9467578528501382,0.0009533533481601,-0.2093114547615273,-3.585901590821076,-6.788706020603228,-1.1079106142470718,-1.001994613561998,0.0217191717537651,-0.0421873558216233
-0.9493406373743992,0.0036213817384004,-0.2126131259106577,-3.074344301807269,-6.439213668398572,-1.005391148247236,-0.9988317632476,0.019845918125644,-0.0366811469118053
-0.9398243996633028,0.0045536190164058,-0.2120251568114692,-2.269750352742249,-5.88420714001699,-0.9073146466840102,-1.000326764023813,0.0237666724340394,-0.0324595385231363
-0.9324411950438364,0.0071848800558804,-0.2125484034375545,-1.7837716503484318,-4.919407095296097,-0.853070759859348,-0.9941886885137944,0.0272390356604144,-0.0321413113538374
-0.932177770067345,0.006171579421724,-0.2147628550583749,-2.037935563614897,-3.716076299443205,-0.8170484055288805,-0.988389680672814,0.025620407598894,-0.0354742958354579
-0.9286886319542946,0.0110296422400516,-0.2093186448102406,-2.3992113448091423,-2.828220838880273,-0.5515449119305046,-0.987168757497278,0.0253686350367855,-0.0333323267278818
-0.9349231353975832,0.0116665852509641,-0.2047993520862476,-2.6657320407245138,-1.8680834167160527,-0.3387836555302801,-0.9833107401131608,0.0246877895651565,-0.0264592574151207
-0.9308743404415094,0.0049737109748795,-0.2057696655377489,-2.4076729969063297,-0.973364675262424,-0.0100196712105305,-0.9829847742207388,0.0282778458696518,-0.021771820196721
-0.9278454065534228,0.007832247704757,-0.2007621490648635,-1.6606069202255798,-0.5238192227031638,0.4471113559625441,-0.9920515661277296,0.0317250272221497,-0.0187165439722007
-0.9419306226743624,0.0075723124825889,-0.1860624291806634,-0.9750416311682222,-0.1830217095079098,0.6342642235045818,-1.0016586512312655,0.0284768310764035,-0.0170637977395381
-0.9525059621392056,0.0109127183441856,-0.1929323005604898,-0.45141573598613,0.1686746310823333,0.8506610828730116,-1.005659905783068,0.0292905464323483,-0.0201183216698068
-0.9552746585492315,0.0182654485626382,-0.2038086873916554,-0.4743160721440306,0.5731765066358498,1.0543822222552943,-1.0088379905284768,0.0316368176726924,-0.0228804537786573
-0.9612126799557584,0.0155870521192927,-0.1942446645060777,-0.780182692802862,0.895281244041136,1.0896814850369072,-1.0102957090402869,0.0350142951691014,-0.022394131888992
-0.9643178498101356,0.0093598924575144,-0.1980700857199811,-0.848067018487235,0.7772534752529773,1.1217778024309035,-1.0134950440998756,0.0360046020143693,-0.0195450885002563
-0.9615401100001322,0.008050079736985,-0.1968423121459406,-0.8048483302648766,0.174019241430275,1.0678323450995957,-1.0182344528931486,0.0306977164054538,-0.0127663808640103
-0.9633493419376492,0.0130725266015611,-0.1910762988027632,-0.3796795191213562,-0.7461204526674535,0.9484311468319262,-1.0159831318443295,0.0304927531856038,-0.012394588284682
-0.9618275315396096,0.01813092881046,-0.196100761022617,0.1100324388922406,-1.66479793181836,0.6798342212791075,-1.0154567366070837,0.0319531643969256,-0.0140675954507877
-0.9689271947000382,0.0203049541018809,-0.1821406218820422,0.1087763415079065,-2.5493216997653434,0.3185618839584279,-1.0221122106590932,0.0338999178561427,-0.0102171825528066
-0.972521934100678,0.0117662052846053,-0.1773701928225542,-0.1461641237115755,-3.286226911503498,0.0878399246738964,-1.0223153558132183,0.0323518753199679,-0.0081731455340388
-0.9605439227975991,0.0076620201398295,-0.1864255790535294,-0.3430271812643835,-3.532409249310215,-0.1099377474640716,-1.0142359365749745,0.0254423863776703,-0.0076167094749206
-0.964735759865048,0.0178858766219834,-0.1871299384101439,0.2180600703452974,-3.588179721914797,-0.3172535963241848,-1.0104040219445023,0.0253403282201593,-0.0155517979636804
-0.9577405071595668,0.0115692134172016,-0.1903352376957246,1.2243097031142822,-3.87346997792909,-0.5215048343880032,-1.0091633863800726,0.0286659163063929,-0.022516669309863
-0.9445429349178844,0.0077384356008223,-0.1896172941111913,1.6486518856125596,-4.363809754759227,-0.5736068317383407,-1.0034906327497295,0.0328836186980589,-0.0227424165136909
-0.9540013827278244,0.0204371698868699,-0.2012426074814974,1.6038851401836167,-4.888837897942693,-0.4447263735900974,-0.9994088632416068,0.0363659618337019,-0.0256106927799928
-0.9516469285938596,0.0172937249616265,-0.211590502948043,1.183507549593171,-5.2077321875863705,-0.4866146692834518,-1.0001086956373195,0.0364643345378424,-0.0221684653044203
-0.9428185614999568,0.0147009867059511,-0.2042215450781959,0.446727587406808,-5.156835045798026,-0.5555548240668454,-1.0034432411203016,0.0376331049145522,-0.0190138395570226
-0.9447209723316512,0.0181439590482167,-0.1939127501539785,-0.4104246248044386,-4.971772657198079,-0.4017046220205647,-1.0047026391832083,0.039515264392548,-0.0143283165966178
-0.9471324215902006,0.0183302203893617,-0.1841349232961201,-1.2367737759808195,-4.718675891669521,-0.3155944202077957,-0.9962401672809694,0.0368015241138792,-0.0071585826166608
-0.947263209470148,0.0185651759706695,-0.1867236164035057,-1.8177956579586283,-4.416691250467097,-0.3059773749981813,-0.9923702631128096,0.0331530411137094,-0.0086049038707672
-0.9496043649112478,0.0107691944566088,-0.1800992252331489,-2.1426484636841385,-4.476032329045691,-0.1966909966489764,-1.0001012472788935,0.0338348078417171,-0.0068097320527352
-0.95129126246372,0.0119181798339485,-0.1829722411927008,-2.168253629466772,-4.566220839054983,-0.1263246784570249,-0.9988133086719252,0.0309820975734201,-0.0037590987887494
-0.9510174736135056,0.0117850305805201,-0.1897141667819311,-2.04573644874868,-4.473972615001269,-0.1258790071754772,-1.0005293549015275,0.0293970587873321,-0.0050006119958868
-0.9530157768220372,0.0066992718977911,-0.1757257729659941,-1.7642472691222095,-4.532044648052933,-0.072729445717632,-1.0093305332322275,0.0293668385322087,-0.0070054558467598
-0.9491588305959476,0.0097839953222158,-0.1813493544942475,-1.4225754893955278,-4.569857445697908,-0.0419792120748026,-1.006551783026705,0.0281153232973467,-0.0075357321365324
-0.9479297316973764,0.0088964148336116,-0.1854894122925428,-1.3345935629064745,-4.647921202620689,-0.0689935580784171,-1.009699169305434,0.0316730266754971,-0.0071626051357243
-0.9488936361466468,0.0159270705373867,-0.1910814831743118,-1.4306475982787243,-4.6965081549572485,-0.0653561925693994,-1.0101602122983209,0.0283161472416757,-0.0070340490828699
-0.9488704498573436,0.0147795966045082,-0.1890046406007114,-1.656214916138438,-4.625856934632266,-0.0970230900564203,-1.0007719218797442,0.0260338873772039,-0.0018900797019357
-0.9501682617789446,0.0037654586301309,-0.166405399502939,-1.7310315415335185,-4.662566285539111,-0.1838015089222476,-1.002196131153869,0.0294056292701891,0.0001878771739731
-0.9475145276537104,0.0058372411099612,-0.1670444071800874,-1.6537092037394037,-4.734665548376246,-0.2908319124280406,-1.0029156284836604,0.0241253658933407,0.001607481721706
-0.9482170839097116,0.0057815547598933,-0.1666616797054665,-1.6275084044550905,-4.931522556802562,-0.2730433174931738,-1.0042264793209417,0.0222397783435259,0.0038683254730484
-0.9414273716094222,0.0070493878910849,-0.1706973328104893,-1.533209924304747,-5.0550583507815805,-0.1257307631291808,-1.0047156914466524,0.0271322368516074,0.0032412070390914
-0.9384040372665712,0.0120116474200498,-0.1773621652208323,-1.527062150485106,-4.980616754949646,-0.059208653837876,-0.9997198719706296,0.0312531278432417,0.0075773852365348
-0.9475567853791844,0.0147360778341412,-0.1691388160599078,-1.6696540394162558,-4.999804018847737,0.018918204612775,-1.0004289412011813,0.0352178978177613,0.0091917931376469
-0.9509713997614456,0.0181946536813621,-0.1674937980863601,-2.013586189403327,-5.024692234793805,-0.0059494807754863,-1.0006008380768718,0.0360099966101874,0.0128810571353795
-0.9510119824370388,0.0176995197022964,-0.1614283974675493,-2.4676721373522814,-5.07747981211814,-0.152136733283907,-1.0031593542621673,0.0350987751554433,0.0183281157266507
-0.9461061999118924,0.0124864359944234,-0.1573943849841171,-2.769948781006847,-4.983856113985459,-0.2241172582488508,-1.003392977763569,0.030614687371566,0.0165563440717585
-0.9497228600232706,0.0104793666218,-0.1522811317074123,-2.899226110535752,-4.604270043647015,-0.2959754639910785,-1.0015067941718585,0.0255647772834396,0.0170433241359839
-0.9559615482543594,0.0141428077983078,-0.1505301386518254,-2.6914375701904536,-4.21548470524708,-0.3210018567171676,-1.0037684761076435,0.0272746637726994,0.0167201350127023
-0.9482614485412292,0.0128232955205117,-0.1613403512719343,-2.2560734220623937,-3.7613217328701913,-0.3589880337584181,-1.0010592114013348,0.0268856067903768,0.0177363060253277
-0.9432153228413702,0.012244870197268,-0.1662824088511066,-1.8010414847567393,-3.443411007228482,-0.3242820080734424,-0.9987894274326788,0.0271127565659658,0.0181157112960805
-0.94176095125322,0.0126234315177544,-0.1677408524686611,-1.499512608601955,-3.386369600512554,-0.3441343749915426,-0.9972578580853656,0.0296482437173981,0.0147121494548828
-0.9463833288042304,0.0060898502723329,-0.1562266825028565,-1.5312834389153394,-3.376643157182696,-0.5347659368435226,-0.9987970366408392,0.0266793656911846,0.0199656406690641
-0.9502756239520432,0.0086008744778265,-0.1463181289637072,-1.5502012535306893,-3.6056764955565344,-0.5489881193782935,-1.0001302384894657,0.0272590574040811,0.0222149770647379
-0.9452212649920662,0.011963996681439,-0.1521158717412213,-1.4827040917416,-3.9058037197680617,-0.5725136766698115,-0.9970541154117672,0.030340820712723,0.0186313079894833
-0.9437521226638548,0.0056298674299256,-0.149774530715336,-1.5424898826589284,-3.933380727184152,-0.5093264209124388,-0.998975205402768,0.0310398234974878,0.0216325263953223
-0.9412767464481748,0.0083439020599218,-0.1470505973302062,-1.6431790080280455,-3.737500962797097,-0.3350810925072218,-0.999087407205036,0.0305761681480205,0.0224519800469059
-0.9454900938067724,0.0130643672618333,-0.1486257397795925,-1.6975627223383891,-3.352363518660318,-0.2843470648909782,-0.9983284289207968,0.028373592336949,0.0216421513503027
-0.9492362635303466,0.0070802125016716,-0.1490433205625671,-1.7580189588316848,-2.902312265156526,-0.198603103795415,-0.99969730918684,0.0283494077725546,0.0234265301523912
-0.9423454447992944,0.0036215174573281,-0.1497277433034705,-1.83034035391622,-2.471008976867661,-0.2516417147624543,-0.9993746156079826,0.0281025353808288,0.0227581966592706
-0.9481622646277106,0.0080942718481256,-0.1475698573655107,-1.7961507843973123,-2.0945024055689654,-0.2946960504261818,-0.9993453536323144,0.0272608412126865,0.0258285365364189
-0.942354220590132,0.0087850101526784,-0.1453757264238122,-1.790111287439344,-1.7607974353013094,-0.2459784264476946,-1.0015849709156623,0.0285370057434344,0.0288271824522641
-0.936410896153407,0.0061340202102783,-0.1438483219520298,-1.811779030781747,-1.4118042857381263,-0.2663877197156695,-1.004147650198706,0.0273367057289991,0.0277608873301597
-0.9538925240828086,0.0113392284491458,-0.1438295486850162,-1.8153367523554067,-1.195134857307392,-0.2622649024533738,-1.000661395235436,0.0265209298250877,0.0292379770271641
-0.94715351503318,0.0163950596998371,-0.1427544209607568,-1.8598439402033315,-0.994951568687424,-0.2855915315368288,-0.9984441677780236,0.031422710605655,0.0303115136164172
-0.9420247579294472,0.0134303430907908,-0.1451591222085487,-1.8095201872060904,-0.7352722166949694,-0.3086711937405501,-0.998964809174365,0.0331658684096407,0.0322687481003107
-0.9487981579779278,0.01076936806914,-0.1462065342357577,-1.9798014134442696,-0.5463990553734954,-0.3675592793579164,-0.998392959277162,0.0308724245985418,0.0312089863817955
-0.9439593931165148,0.010708135530586,-0.1396506403822779,-2.4112001161453622,-0.2011149867959705,-0.3862295555166284,-0.9976355767097294,0.0290818238835497,0.0301535673148336
-0.9478850361136526,0.0089985792649323,-0.1428538869535933,-2.6383661212091645,0.1547619011382289,-0.39458586955466,-0.9956632352679796,0.0247621791522409,0.0356156532992128
-0.9480480578176268,0.0078642543540512,-0.1442199651113123,-2.598334550474161,0.3548001483460074,-0.4158376527222819,-0.9975040110966512,0.0214198516792056,0.0357287712674069
-0.9442229799379565,0.0076306045027463,-0.1398308829730211,-2.519607758864049,0.7080125335230849,-0.2595457361896887,-0.99748417774898,0.0241593525817942,0.0345567586209097
-0.9387239880384364,0.0100835538549039,-0.1471578045116591,-2.573574571375538,1.1221886899110902,-0.1664142825993448,-0.9975621625836182,0.0300518282416344,0.0308911077212036
-0.9408826199841877,0.0172141450228962,-0.1474785579036475,-2.615268457951715,1.3805080781654269,-0.1087907991952006,-0.9995158694795984,0.0289157680615313,0.0236102009812931
-0.9474846693637567,0.0140875910578938,-0.1435242411633438,-2.690570892232535,1.4205069109119035,-0.0322066513015465,-0.9985838403090486,0.0292368426791519,0.0251437451207717
-0.94203548084959,0.0152731364259453,-0.1516733533539059,-2.898331294418506,1.3810116506726062,-0.0541300622032591,-1.0012295149895565,0.0352978250910833,0.0237620238504396
-0.9454456735800664,0.0250789800360768,-0.154333340648987,-3.1189583742583307,1.4008660358400322,0.0180605214623717,-1.0004939822647885,0.0330781832652296,0.0214429201333329
-0.9470524433801129,0.0140564214934269,-0.1545465222686664,-3.3058862502027413,1.319655938168489,0.0460352874321159,-0.9977670076033088,0.0306975900366056,0.0256207341964508
-0.950460744586225,0.0120355707770944,-0.1570027210638585,-3.196197553699305,1.1068509443489485,-0.0460745934016064,-1.0008278327036435,0.0297243587375111,0.0255096940945833
-0.951690884475184,0.015808972849313,-0.147903664092217,-2.943578970829093,0.8207620050607619,-0.1386708966990125,-1.003390808983371,0.0299509654521112,0.0257266126704453
-0.9461283821803969,0.0089879270554605,-0.147409421963343,-3.04583157239091,0.7779036411234002,-0.231414250492359,-1.0040781068611635,0.0335376782842087,0.0258974815048512
-0.9556872925789378,0.019163756134613,-0.151295213289312,-3.6749511558910015,1.1628164634980562,-0.2648508699355437,-1.0062568537794414,0.0312364394043253,0.0257490758966109
-0.9483862425019686,0.010930332091445,-0.1384410978991941,-4.609058402780276,1.6715177631888845,-0.279773972506297,-1.0059476816145512,0.0287203929420743,0.030740460145522
-0.9463682607817704,0.0022666863225562,-0.1344509181746465,-4.73520555248828,2.164584491734835,-0.3031920743740787,-0.9998347977154228,0.0252451348370022,0.0316355006057873
-0.9562602128540016,0.0141858021375628,-0.1400564636171034,-3.650689565672728,2.388955454540396,-0.3162899821367553,-0.9997167253646486,0.0241508865477854,0.0264526479116191
-0.9496013164073572,0.0084810704532219,-0.1506962159012174,-2.6275882871383773,2.1108137939203058,-0.3090477854313918,-1.003626598181248,0.0287513804500156,0.0187165885046807
-0.9537105313972584,0.0123938633272806,-0.163257520750549,-2.346611435637666,1.457573613850032,-0.3119953384922844,-1.0026252418010542,0.0324800531392326,0.014676719705965
-0.9481444601280576,0.0182976176628843,-0.1593196319723498,-2.557706214322481,0.6377834024824748,-0.358879065965113,-1.0022634638051076,0.0352456674855698,0.016045129918344
-0.950309667934429,0.0175410811867592,-0.1612235823940352,-3.029696232118413,0.0565140585502889,-0.4345796808372192,-1.0049672045929507,0.0338096115742783,0.0146423757569506
-0.9610898189598672,0.0189601153689674,-0.1624440804687585,-3.5781999829002005,-0.1310455002499043,-0.5140807315922459,-1.00925483393477,0.0353540201540588,0.0160955782561816
-0.9494191271024508,0.0127091513482605,-0.1530652758713163,-4.279648317552811,-0.1247638823955517,-0.4887671005789419,-1.0093659782258286,0.0350471112077166,0.0210895195235442
-0.9537740234340748,0.013564157104424,-0.1550586010785374,-5.0637457609300185,0.0118790187152253,-0.4575429772621462,-1.0073258669413483,0.0322423861091601,0.0223586597503901
-0.9540711824620836,0.0071240452759076,-0.1536265499253118,-5.578596914475445,0.1530163281134842,-0.5881812669632259,-1.0070249876074064,0.0333144598326927,0.0222602816645779
-0.9478499988915318,0.0052758337526582,-0.1535300857014461,-5.5070356241186005,0.1933982965551347,-0.7195701706202992,-1.0078162671780828,0.0265203876824738,0.0218260089837699
-0.9524650407523778,0.0116157638730947,-0.1563991917279467,-4.899518072871409,0.2248436844231233,-0.7631303185068403,-1.0063602395971183,0.0246634970857366,0.0211699560562898
-0.951751219694863,0.0075190501140017,-0.1582272139325106,-4.177277876192003,0.1390635201384837,-0.7970063770541513,-1.003207183055541,0.0274114104429539,0.0231920854315878
-0.955805257971064,0.0079222497651638,-0.1595548003822518,-3.5577946278927546,-0.1266588619180234,-0.8053161395387258,-1.008048492402997,0.0262869937930565,0.0239904825014315
-0.9496897062148784,0.0072372944862023,-0.1458450425415792,-3.282510899643893,-0.3028767225015387,-0.7808532167327411,-1.0068811488221492,0.0311254098680156,0.0210391752585159
-0.9494670554663608,0.0078010361760253,-0.1418122289079976,-3.4426239176652964,-0.3574045925742285,-0.7511737265612045,-1.0027400915316966,0.0317654613559782,0.0213973237577079
-0.9582610142426338,0.0113542281678094,-0.1438858610183974,-3.7699592840091753,-0.4401110578809389,-0.7994674035649912,-1.009649769441012,0.0283955435754934,0.023113557080987
-0.9506329253283544,0.0097316638285885,-0.1476824651549545,-3.982958111979264,-0.5190871809170469,-0.9162624358437836,-1.00934732899909,0.0261835886186937,0.024871552151684
-0.9527774948477324,0.0050474345444131,-0.1510052985541902,-3.858783855906908,-0.5775122181455321,-0.9675155341793238,-1.0056695541927014,0.0250802379339924,0.0275197326291388
-0.9525629742569192,0.009544346359939,-0.1460493690510402,-3.6270955718277538,-0.6104804132246117,-1.003884783847449,-1.0046935654871256,0.0262099545515222,0.0269958282382936
-0.946098978963944,0.0163962845559617,-0.1539837113942632,-3.592867938991525,-0.5112122714477227,-1.0354010374882496,-1.002866530615426,0.0265412744222509,0.0259998016559949
-0.952288030113894,0.006152751029335,-0.1499607196804079,-3.728000484133692,-0.3109684647233184,-0.9467577498755791,-1.0050353616025092,0.0310105614437078,0.0238355415715837
-0.9493017504411672,0.0087490409380226,-0.144808390532114,-3.911621848970192,-0.2640739532361935,-0.8662645791941194,-1.0024811146563564,0.0307167152486085,0.0235467966809755
-0.945183019149804,0.011160895672264,-0.1463004948522813,-4.06640492847224,-0.3621726969640507,-0.9207855608492536,-0.9998516068079084,0.0263585903836539,0.0281561589250242
-0.9534769095444336,0.0047541347739665,-0.142345473794205,-4.289381624410216,-0.3631012461599746,-0.9064675446734516,-1.0035890331834794,0.0276622458662558,0.0281757914132369
-0.9504740457154932,0.013818460588329,-0.1493970060182719,-4.580637864015941,-0.3060713314873579,-0.8384036064179707,-1.003351669238338,0.0253822543490885,0.0245425509312224
-0.9384066086400354,0.0079872920513394,-0.1491736934554922,-4.786992758241784,-0.2286450045605134,-0.854071897290367,-1.0010001272390885,0.0230071597292726,0.026189032336069
-0.947882254655426,0.0061602843210594,-0.1478685651060272,-4.779535974157165,0.0115897310110167,-0.7476178436405064,-0.9991222451409691,0.0238051137960579,0.0281236604278565
-0.9526096254269212,0.009875927704391,-0.1460094450571323,-4.590427832823208,0.1467235323877163,-0.5938380934648205,-0.9969858083385366,0.024347286705707,0.0271198160117146
-0.9396684789687224,0.004743527252546,-0.1476204402118832,-4.465370915173242,0.0350267565297919,-0.5406272134661212,-0.9993960265932073,0.0254224782398692,0.0264941022449177
-0.9405791034882338,0.0087627662558557,-0.1486657286144653,-4.50763690920733,0.0257251066753846,-0.4666655043636445,-0.9998790519885672,0.0253021982064458,0.025938065675777
-0.9395356262237852,0.0036398276017367,-0.1379259787419103,-4.630622371689198,0.0794344035926733,-0.352133221632732,-0.9978619785236176,0.0257401426689803,0.0283999083124686
-0.942365603715792,0.012942862556883,-0.1490760317485034,-4.738147701885407,0.1153691903321833,-0.2034908615861702,-0.9985948607104936,0.0239480309397477,0.0309796785237174
-0.9468873867450552,0.0184835330321251,-0.1501247585133212,-4.754677000202942,0.1442164175898879,-0.1004272429743559,-0.9986501128772428,0.0228283962580927,0.0311872948912139
-0.9401736598355704,0.0033885081987792,-0.1391145005321651,-4.794900858708848,0.111582497642368,-0.0469068515222896,-1.0010601955408027,0.0266808130177719,0.0301338449476909
-0.944952762806504,0.0098776225222609,-0.1478059892348831,-4.95738290600043,0.1639143360695618,0.0492032979672288,-1.002438196293964,0.0275689988928981,0.0316295680818842
-0.9409544296215104,0.0075387441877997,-0.1471090948017361,-5.1053308425242125,0.3078855022198452,0.0716332155154361,-1.0016510236528848,0.0260747124360939,0.0376599768277901
-0.9372086314433,-0.0001758312907843,-0.149123802747372,-5.254132094043113,0.4987297636846448,-0.0720672217900917,-1.001314193249487,0.0235041993031768,0.0367612530816454
-0.9526359372717051,0.004820364399819,-0.148239679618891,-5.295134881410903,0.6098087023280541,-0.1675059077857712,-0.9998634424158838,0.0192909433914639,0.0365376675165779
-0.9560701125849388,0.0034290167079828,-0.1368581435297539,-4.871386707370755,0.7367987678234228,-0.0903061255634842,-1.0002265937945154,0.0203162965098229,0.0386047028489829
-0.9487007735814182,0.0058011983153406,-0.1446798110502727,-4.133123884349467,1.048891570959375,-0.0478000716130775,-1.0013939372196394,0.0213414450762308,0.0333557750639674
-0.9477325805547534,0.0095160554671308,-0.141148019023293,-3.563085861027864,1.2546992541219866,-0.0301301108804845,-1.005620084743924,0.0219765920084824,0.033354540184204
-0.9527011083803808,0.0119095121999368,-0.135381547648633,-3.37770667889884,1.3890569519620568,0.013799460539177,-1.007115977996691,0.0273609546926557,0.0326781316380501
-0.9503375471904492,0.0148131915119038,-0.1516560858842515,-3.5951409662973037,1.5111449703092057,-0.0384574401105786,-1.0037262931885316,0.0319453225637891,0.0274327832953998
-0.9402552661366907,0.0144366893484264,-0.1474761897208302,-4.087134039815025,1.5202551934904485,-0.1196775862717563,-1.0009362034509153,0.0351254256600612,0.0273579765280849
-0.940542066872884,0.0120150131495961,-0.1387119169522159,-4.553667189161197,1.5719042120383795,-0.2673800907644226,-0.9991014402555712,0.0331937345353816,0.0272487717940292
-0.9454726670695788,0.0110291184620618,-0.1457988329707516,-4.942308688518993,1.6695226847936628,-0.3645772276483797,-1.0021287844966564,0.0319268215195639,0.02807958628883
-0.9462155924844832,0.0130224604475551,-0.145610416433716,-5.335070152390367,1.7663850400055423,-0.3689433965399958,-1.0029079286884564,0.0325619299654114,0.0303294993953022
-0.9486689438123328,0.0148470419205115,-0.1405105035254832,-5.554654655719356,1.7239815135754848,-0.53489459235298,-1.0037173433840787,0.0280545042350769,0.0314841121347274
-0.949436651320104,0.0113831818892472,-0.1376208822751294,-5.507633014480919,1.6551281459493572,-0.5893071042495825,-1.0059030620593303,0.0279473390529669,0.0340452782770028
-0.9494886940890046,0.0045074666434846,-0.1374546514294837,-5.244827842271575,1.649654993161792,-0.5407211416615125,-1.0014487069145068,0.0264470223010975,0.0341414838921844
-0.95049197320916,0.0048125738715861,-0.1365519683606947,-4.82631163618679,1.3988480040144744,-0.5931598288801939,-1.000592121346596,0.0218784357611651,0.0306728948466661
-0.9526500802435268,0.0045442226977093,-0.1382019720572619,-4.45567396144128,1.1644511826248185,-0.5092980757525871,-1.0043451493926745,0.0218458905181629,0.0295240168837988
-0.9545687288927014,0.0084005274168128,-0.1442452754552318,-4.1937324485675385,1.135486669882248,-0.4186389831665031,-1.005186399420802,0.0232134338480203,0.0286203902628172
-0.9496776012224708,0.0135475813924367,-0.143294998599264,-3.899610679012022,1.1248605936344849,-0.3697596846736568,-1.0030966245576582,0.0285276573615049,0.0253577449941789
-0.9480325418502626,0.009413540848076,-0.1420735926506975,-3.8113511887450335,1.131118980550068,-0.2598006920471811,-1.000452584250091,0.0325715930282467,0.0225771004626824
-0.9479055225584412,0.0152683525720091,-0.1559210755499642,-4.064188379322412,1.178561240354587,-0.2570907976085719,-0.9996329367423,0.0316418269090294,0.0207823239590087
-0.9466061758526488,0.0137197811192157,-0.1614624222021725,-4.319861138189064,1.315825361866659,-0.3370062508527815,-0.9998222333474583,0.0287677518233789,0.0219842439133502
-0.9477975752147622,0.0038471967421199,-0.1439532719332842,-4.352252085695187,1.357400369237893,-0.3941467107022106,-1.0009529804492594,0.0252314575362165,0.0223260384728097
-0.9467933548423304,0.0062437049551615,-0.1418059857192494,-4.099746261602379,1.2607891674491916,-0.3996215947784226,-1.002745335622193,0.0253770984717405,0.0211988715831674
-0.9487931140263934,0.0052679263191415,-0.1514110190110429,-3.91617878537032,1.150991752532787,-0.374867924875896,-1.0025082643372778,0.025402808724653,0.0237703679784429
-0.9452978234690036,0.0020783467422792,-0.1445139789288111,-4.016911773230126,1.111157703756849,-0.3250382304392774,-1.0018196208359722,0.0218105959641628,0.0288379412829868
-0.9438415193821428,0.0011549947241936,-0.1363701696117399,-4.245548280617212,1.259894409348277,-0.1916321822440912,-1.0032071983529949,0.0216105984462091,0.0346392474241458
-0.9504609673891122,0.0030554996814153,-0.1388936299766453,-4.601223284580477,1.562090213573467,-0.0916270018467705,-0.9994682399734892,0.0208168013293337,0.0369007952907355
-0.950699760403131,0.0040856166755873,-0.1396156769732122,-4.350094356153769,2.138171099375476,0.0182554855682532,-0.9952268024428186,0.0151967026260277,0.0358030292102413
-0.9510115110667936,0.0043665364614164,-0.1365699700677649,-3.202622912500777,2.691746048376877,0.1620381394813811,-0.9975520628305494,0.0190341396398561,0.0321109607130729
-0.948337666821619,0.0092988006125696,-0.1483548410631676,-2.346989791985313,2.63135795993017,0.1448151350581852,-1.0014374672956885,0.0254278070184073,0.0270453654358331
-0.9436275455454552,0.0057288957390172,-0.151459920323931,-2.227064819531087,2.0877799941366635,0.1756297558340423,-1.004630263447288,0.0254600653716064,0.0248789100236708
-0.9386329046882208,0.0075765532277393,-0.1463459251150869,-2.4697552730124444,1.5645071990290338,0.3090621125590625,-1.001230125720714,0.0284573575690408,0.022865768366358
-0.9412823916796222,0.0224609210756266,-0.1559127922538707,-2.9622138938611,1.4759707798256767,0.3523686032070756,-0.999481672716816,0.0305375894545238,0.0233286467486786
-0.9519018240576148,0.0211174646436567,-0.1514198119320592,-3.510386965126572,1.723770451850114,0.3941975706765643,-1.0015789035386355,0.0341350033068033,0.0257558016192328
-0.9483122647079268,0.0105393792790756,-0.148571479996125,-4.025780285413051,1.7802296312679806,0.4046629577069021,-1.001264599545624,0.0355022974768392,0.0248237038273214
-0.9440642932481124,0.0127757072145483,-0.1520816276757938,-4.409131174531121,1.5911212582898535,0.3090482826751075,-1.0052889196076538,0.0317787762511844,0.0250824135872471
-0.9435686188321586,0.0127042053970094,-0.1437577991131712,-4.451753021181491,1.5042703680987124,0.1144024615901253,-1.0046386061299573,0.0341337970618666,0.0261985010368741
-0.9466029593128336,0.0092440613061475,-0.1482306090719542,-4.360347905160326,1.5475852197385758,0.0044294998553655,-1.001534518329676,0.0339536983800765,0.0246518483138739
-0.9510125061450942,0.010308478997658,-0.1533701580842592,-4.394461274955076,1.6412530694299394,0.0055843603506548,-1.0023629547498394,0.0299671040278843,0.0247085164678471
-0.9516570536646196,0.009585310764742,-0.1514345034918756,-4.448193008649524,1.8118569369150952,-0.1599330013005834,-1.0025534604041506,0.0269820946058443,0.0263154443718061
-0.9545205827207176,0.009834287796003,-0.1566857652263484,-4.349667448785886,1.93544042668368,-0.2469336035294376,-1.005056994762619,0.0241114394970298,0.02754120870892
-0.9445297431768814,0.0071165854245011,-0.1522970621540157,-4.161790581797776,1.9662848114882423,-0.2121218362044764,-1.0051888387177044,0.0268443117327006,0.0284209375801885
-0.9462150935066852,0.0110678116247225,-0.1442358533006671,-4.113365985177308,1.992059952086322,-0.2360436323784875,-1.004155748043086,0.0272176861841708,0.0263974571348877
-0.953862608209581,0.0159576970571139,-0.1405910330676785,-4.159753233994831,2.021798614461306,-0.1525152680474902,-1.0018166045238388,0.0263848382358682,0.0259436683789156
-0.9447191145239036,0.0096454249707127,-0.1363138102732798,-4.338010759603765,2.025093773440748,-0.1459606302759157,-0.9993438602023874,0.03146059518483,0.0265655163491668
-0.9487848832751704,0.0140720261201811,-0.1490792926328554,-4.66088578199637,2.021929616115284,-0.1580791084360038,-1.0015370835885382,0.0317465578080118,0.0236891319434377
-0.947732332204768,0.0177205937798332,-0.1613266515321094,-4.772360636944458,2.0123020646218643,-0.0716769179007778,-1.0019487779380971,0.0284027086097511,0.0230015760647867
-0.942992523244738,0.0126647954290503,-0.1531095533816896,-4.901905896752638,1.9933107925974267,-0.0982006311946401,-1.001546165778728,0.0313901841733973,0.0233825648480507
-0.9510751532113676,0.0118713209641981,-0.1552052692662255,-5.136893230052864,1.971440143130959,-0.1316523690953869,-0.9997942631381506,0.0327353695594566,0.0229220990011542
-0.949018038366283,0.0083847709324899,-0.1575522023926145,-5.186421069905816,1.8050557884508875,-0.103534602798633,-1.0028174189248846,0.0259149956079761,0.0228709593317749
-0.948481260463998,0.0045887159066205,-0.1431796734898883,-5.162449088997783,1.616867865927671,-0.0825518526741079,-1.00701100472775,0.0228126930062978,0.0228042204157932
-0.9548252748862566,0.006433300178296,-0.1491824341002237,-5.069870697159945,1.5782504243041626,-0.1143129984639518,-1.0016514791509512,0.0245518159838396,0.0242181843024554
-0.955468758561006,0.0095060170728166,-0.1563182720833733,-5.084699579338631,1.5978961188344305,-0.1324690517498975,-1.004368489865244,0.0254424405387356,0.0237992075302462
-0.9510181806296716,0.0080616481601918,-0.1403089699454447,-4.993026918918437,1.7549122264273311,-0.0683612427172302,-1.008196330447582,0.0254558375322867,0.0229624875444586
-0.9512324761335172,0.0095604362687088,-0.1411601222883433,-4.633050209999057,1.8353739769771489,-0.0363418918501223,-1.00313224133827,0.0223528297281201,0.0223285277435838
-0.9582974351954812,0.0143388759607176,-0.150066219501224,-4.440134834930041,1.7418587899487237,-0.0098069597073526,-1.002843469712325,0.0227302897587688,0.0216928794210352
-0.9540145276616538,0.0152007329859148,-0.1456730841547741,-4.329074861107723,1.682736639986276,0.0527786691876912,-1.0020775057278295,0.0259338819804294,0.0221787360202655
-0.9466112987452944,0.0118282441555092,-0.1476103503887409,-4.384443477740345,1.5912210857311004,0.096921802884654,-0.9989496482785224,0.0277806155895824,0.0197315902806722
-0.9460291154417548,0.0058854939392587,-0.1532269227122973,-4.541946200637404,1.552409771354564,0.1454629221688833,-0.9990767044293134,0.0304356234286918,0.0213467441690755
-0.9419134126148928,0.0077547494763708,-0.1551668035292135,-4.738032643862567,1.4503583708999268,0.1833511301044748,-1.0022556043273163,0.0331029523645693,0.0239973102936792
-0.9445870823668824,0.0100840254071211,-0.1549157574684235,-5.076485831905571,1.3139498391459332,0.1663948503280767,-1.0032302167614418,0.0326203257794041,0.0206394313798102
-0.948417032147688,0.012141393804302,-0.1470645016364407,-5.043720491854826,1.3168659991229172,0.1530132390637164,-1.0030629268893945,0.0284880415528297,0.0218117762105252
-0.946720483235149,0.0139191578630283,-0.145239224361386,-4.815539415156515,1.2984691350763562,0.1303649088481477,-1.005871441937139,0.0300027564897348,0.0240222342652438
-0.9510319725156096,0.0105445635544847,-0.1474403051148833,-4.633132115974184,1.427802870053947,0.0802606481517278,-1.004491472485426,0.0295500741710807,0.0232008813148833
-0.948218291880861,0.0144466471583052,-0.1446399383988001,-4.252050248116852,1.4770074051182889,0.1021681870257357,-1.0011155045656706,0.0271535662102152,0.0230484062724915
-0.9465853973808318,0.0116215367212019,-0.1538120487963389,-3.721734474365629,1.375260486665014,0.1103370009198384,-1.0010507370074635,0.030087944015746,0.0212406186671478
-0.9525405897251262,0.0056873679812656,-0.1554481519439595,-3.1304571865692883,1.4110089104964962,0.1121686413144873,-1.0029611418031033,0.0272220446361633,0.0193295735929826
-0.9513209138491008,0.00771654579483,-0.1580032505351618,-2.5345139790691538,1.147544476112775,0.1572102209188225,-1.0051503557642023,0.0284886590434245,0.0163725298209458
-0.954088345572879,0.0088046970207759,-0.1722867574772006,-1.9492506704023496,0.6732917904457968,0.0198503202136758,-1.006089051183474,0.0324796695600875,0.015280796601915
-0.959352534456546,0.0178036910018398,-0.1635047637737023,-1.6443127512094988,0.3194727252917444,-0.1907032086561207,-1.0063513462630478,0.0331219250529536,0.0146694955142289
-0.9557825894461548,0.020205627655789,-0.1643993917498512,-1.7108763865219716,0.045619551978345,-0.3056469442163703,-1.0057535654796224,0.0363811188191013,0.0112566381529391
-0.940194234713616,0.0098903063466573,-0.1650395440829723,-2.0966791372785027,-0.0829318816512975,-0.399020398809859,-1.0026988789441014,0.0329131586388564,0.0159453860907053
-0.9415712607856462,0.0118357403963221,-0.147502694373641,-2.702979629167854,-0.139308785466336,-0.4356305793139065,-1.0012453294843842,0.0270718067950456,0.0222801930496997
-0.9549460376404986,0.0137916174943837,-0.1502673922120488,-3.00049041512906,-0.0518156735529294,-0.4277037510918058,-1.0010366371353532,0.0224718418802498,0.0233261406421757
-0.9429518524948411,0.0055275378152361,-0.150270885275849,-2.951757504064002,0.060604760333388,-0.2828759712419307,-0.9984867335265002,0.0218054329088219,0.0277674606410345
