ADXL_X,ADXL_Y,ADXL_Z,ITG_X,ITG_Y,ITG_Z,MMA_X,MMA_Y,MMA_Z
0.0789645476931852,-0.7676015338558195,-0.7726988281795285,-29.8884751959868,-4.039044109360794,0.6008320768523894,-0.0160528123119008,-0.7208411890195392,-0.6210074254845632
0.0869953137716855,-0.7612440143216601,-0.769555178038946,-31.25248549681571,-3.863704424595984,0.8642194886431085,-0.002522987505216,-0.7173818461099626,-0.624923189590183
0.0949088609699081,-0.7710552065892462,-0.7617713125315106,-32.25135356964607,-3.267123859278534,0.6536235477255996,0.0084262559580211,-0.7229095581649485,-0.6198633702225511
0.1095089730832739,-0.7886368006908446,-0.7696549245273558,-32.57257044483354,-2.6643608633649265,0.0773649999869107,0.0187037921837515,-0.7354029557917607,-0.6237532823538776
0.1145753027166451,-0.7916463314784109,-0.7825497999177351,-32.86527867072467,-1.880189245171543,-0.872799579503931,0.0243804408573758,-0.7443732602509991,-0.6339891694366109
0.1151844906416826,-0.7887297640562871,-0.7926409601627571,-33.34952959118626,-1.1189271632035511,-1.765697324835464,0.0231577583212926,-0.742502256890084,-0.6387986312283634
0.1106283910897142,-0.7877152711859869,-0.7947141689239264,-34.04890723150145,-0.4148057053668813,-2.382336318728316,0.0217054283197413,-0.7374598551778968,-0.647312501957432
0.0993212258958508,-0.7798903683207803,-0.802866889818545,-34.724633466032934,0.2583877988868012,-2.7892583450855724,0.0156164878940908,-0.7316419504577831,-0.6559754741042134
0.1084687877212441,-0.7746630483230809,-0.8178460739388433,-35.14026904259001,0.4538078241515293,-2.811079750979567,0.0194997127278323,-0.7235706237976017,-0.6623937803643147
0.1073592568623394,-0.7599460335875983,-0.8238544845727764,-35.44630300844301,0.3579448487053267,-2.6283329627609446,0.0239416362984815,-0.7106499662437191,-0.6686848375373105
0.1071225408838011,-0.7444453188806883,-0.8264447226690799,-35.921175887275254,0.078439186029821,-2.2401398809765154,0.0206016797223426,-0.6991619707740233,-0.6687847977114207
0.1239062034410846,-0.7475518034824531,-0.8167278981061629,-36.36597959924092,-0.3700318469219057,-1.8906653587886175,0.0278719643816082,-0.6911289662196729,-0.6643661395620456
0.1118552325757291,-0.7439321216880377,-0.8021366447013604,-36.49324949825715,-0.8661388978880051,-1.9451604131138556,0.0301240545619947,-0.6866933008298806,-0.6567314793088552
0.103694459221422,-0.7503899889317919,-0.7977334912366956,-36.47241912212332,-1.774779966781311,-2.126820515840738,0.0191527656121683,-0.6942920325639492,-0.6494457200978876
0.0998292728909877,-0.7600803293659015,-0.7973277371231271,-36.07887694356815,-2.7766741448470698,-2.1666661981606694,0.012782527340868,-0.701111330646241,-0.65006059421802
0.0835487893943289,-0.7513648276734324,-0.805662311197556,-35.57928875727416,-3.3820558864671777,-2.0066705992026503,0.0063571125752452,-0.6988723380934274,-0.6587969839235541
0.0867386784719787,-0.7499161859127237,-0.8188230947656769,-35.21192385903569,-3.831296215544883,-1.9561170424267689,-0.0001329105087599,-0.7000121913480006,-0.6689365510946078
0.0783787075873181,-0.74343596995184,-0.8182299792712415,-34.446043057879365,-4.163135266809087,-2.2387103743664056,0.0004646637451453,-0.6975345216897508,-0.6750977351984333
0.0739850386791581,-0.7403661358205476,-0.8232266287794677,-33.38065130273842,-4.39133189744027,-2.518631201550384,-0.0067313051075559,-0.6902500652495498,-0.6848586602195691
0.0887697343766661,-0.7371686316367312,-0.8487314719358803,-32.15010849953038,-4.469078511134263,-2.5650635399164208,-0.012375755521343,-0.6788764413939309,-0.70108244645982
0.0770273855965128,-0.7179828271266032,-0.8659828691125198,-31.344172415819333,-4.277685738278658,-2.4875223731960863,-0.0071971039476874,-0.6620350826005704,-0.7122000372135114
0.0766171292074414,-0.7087513751683163,-0.8716064320609679,-31.420737950359573,-3.9629324054655672,-2.242335535762248,-0.0077979627518744,-0.6564061531981257,-0.7131044182037377
0.0967888965884347,-0.6951695225100782,-0.8699527206114392,-31.65739996844889,-3.568270550999571,-1.7805196194520745,-0.0006748466683821,-0.6482151647271924,-0.713861880249386
0.0987174241996172,-0.6876120120374961,-0.866121148499896,-32.100169438780235,-3.15056636604499,-1.385595577847563,0.0153278637024709,-0.6340765177469267,-0.7197696090414962
0.105559534139088,-0.6884788981125516,-0.8661539179857684,-32.829687111111866,-2.728371201772121,-1.3043653618028843,0.0210691342241022,-0.6318464805176119,-0.7173378304578006
0.1118110543495434,-0.6798618878064743,-0.8642080509064398,-33.40321538632443,-2.8366302794646256,-1.5846277358223078,0.0220715807218334,-0.6299107237873869,-0.710433710187083
0.1051221870792921,-0.6809660927861767,-0.8698488079121127,-34.23199365310079,-3.945511100463983,-2.045366310645454,0.0211974606236089,-0.625856712974102,-0.718044584463853
0.103289275272312,-0.6729663984105667,-0.8749377950478759,-35.96285279021481,-5.254319325891413,-2.525831173625477,0.0159252606882653,-0.6225185128607673,-0.7343880340219375
0.102652897222751,-0.6651752614699411,-0.8888523285343937,-38.611635046751,-6.270265437067836,-2.8147428897822526,0.0113773032477481,-0.6154062945698537,-0.7464959845484733
0.0990209607384652,-0.6646448170992056,-0.916112496472426,-41.8054528458063,-7.013083086424356,-2.4915367537601227,0.0112638979827506,-0.6057709303258328,-0.7572148319318015
0.0910023891569216,-0.6578686612642008,-0.9277922454643672,-45.31856272917834,-7.353324167923795,-1.8302851908295763,0.0102116413986415,-0.6038483574038416,-0.767354278140483
0.0829425371802279,-0.6644515047137541,-0.9310307892341182,-48.40451619771394,-7.456704956593653,-1.3785470991815667,0.0002148942808202,-0.6087122735553773,-0.7720335787180483
0.0800204475102237,-0.6602644416392658,-0.923145840183254,-49.70698742896745,-7.58962499984011,-1.0676163676721422,-0.0105880993452126,-0.6073981004845358,-0.7706246103485964
0.082186848302875,-0.651212660976583,-0.911471749125944,-48.64188985825754,-7.689421869639165,-0.8995001631251889,-0.012971480990114,-0.6032901936650512,-0.7633683342991796
0.0792634662523238,-0.6526492466571823,-0.909401966393636,-45.96949944625074,-7.230038509803953,-0.8525342706911907,-0.0145053951100596,-0.5944523815273642,-0.7608821576274278
0.0698775129828909,-0.6348925321187152,-0.9052821935802262,-42.98497344576349,-6.620495459963311,-0.6419836191913486,-0.0159882738287721,-0.5838651706470515,-0.7638487390248344
0.074913362653861,-0.6137574009589075,-0.9177038404840492,-41.37747302849907,-6.639889061247034,-0.2277198646639848,-0.0143384941304692,-0.5726443918986674,-0.7671822149480433
0.072847235251765,-0.6098532711103966,-0.9265040047527386,-42.074438817646886,-6.695398626024121,0.2400471329705473,-0.0152673082318667,-0.5649898010524306,-0.7763055860695672
0.0626535434521579,-0.6037618849517471,-0.9261323660186548,-43.27363419329798,-6.429111337720857,0.546211689471425,-0.0184184012090969,-0.5639125514166861,-0.7797577379242369
0.0674663369079273,-0.5864225784994497,-0.9460607353092114,-44.60426226525892,-6.438764568880934,0.83075402477595,-0.0203183270519884,-0.5472258822370235,-0.7867756635005336
0.0688844637634494,-0.5863242143524698,-0.9583092662549504,-46.64595151932151,-6.549499640332686,1.4192858682370717,-0.0180719676915786,-0.5388980141068987,-0.802857501367189
0.0724695912203597,-0.6019421055956884,-0.9556919561153344,-46.76560768878625,-5.655470658917736,2.055499901399899,-0.013992299235137,-0.5507909946996722,-0.805793143010491
0.0756142745408846,-0.6137719900032932,-0.9519923478121614,-43.56174730139004,-3.796502642257882,2.4470519969163806,-0.0157229160820126,-0.5584460508326088,-0.8084011683488166
0.0738178354279109,-0.6290036178044448,-0.9623920422394266,-37.643050682365136,-1.824134332840871,2.828271332153567,-0.0166880821278891,-0.5690659333538216,-0.8154842191364388
0.0747128722184291,-0.6241686715699718,-0.9785448361157808,-30.64096063245829,0.0441832627680754,3.2708592215475303,-0.0110766627032149,-0.5701893968767286,-0.8177210259048906
0.0725195690980719,-0.6105642885870778,-0.9751848089072428,-24.51526889499117,1.4396896155217709,3.48133946773155,-0.0087216706417716,-0.5594492418128838,-0.8220048299691931
0.0730518429783254,-0.6147040890753541,-0.972627291904964,-19.068548649492463,2.33227053277384,3.4620485607788805,-0.0134075196510258,-0.5541996605405419,-0.8214879178419359
0.0638285204565729,-0.6037944997177598,-0.9700257983566511,-14.061321312622605,2.5712029902055398,3.3151429196832582,-0.0216155359612575,-0.5518484741644949,-0.8147976621235947
0.0510513425889496,-0.5889044199268233,-0.960306011165372,-9.66712167543174,1.8739722526090736,2.915769233078528,-0.0300735201345487,-0.5480153152881515,-0.8100750680853783
0.0492196369068606,-0.5904575479530131,-0.9535533336862202,-6.839075116782,0.5416556249879984,2.258551259773105,-0.0357860568088294,-0.5381602527850473,-0.8058201509550265
0.047629545425282,-0.5794384698859724,-0.9657928301891372,-6.666088898859103,-1.937454057790742,1.7743528003909783,-0.0397553798426802,-0.5277111224321668,-0.811202726452559
0.0393639625114086,-0.5527310202028097,-0.9895845697753028,-9.483524083899283,-4.814196434049298,1.7786283026458285,-0.0449129462706899,-0.5123888453698797,-0.8358438075135486
0.0396311647332277,-0.5321760231822141,-0.9997358771772338,-15.555129224891054,-6.797243838047386,2.1819064567554154,-0.0444209382468881,-0.4901828021097538,-0.8647678842170189
0.0631468403017618,-0.5133261711224879,-1.026385329354312,-23.484953092810557,-8.056170361797253,2.920270893112344,-0.0288543552892016,-0.4736452131469493,-0.8864345489210037
0.0780828106711976,-0.5030076321832967,-1.0569124404982402,-31.83255152420729,-8.06039538231277,3.3870681513542054,-0.0083195618375795,-0.4698940947019406,-0.9019864378061372
0.0954198990881679,-0.5181220295321631,-1.054395799471016,-38.70196617027249,-6.758883607091915,2.9715531114126783,0.0047382853528064,-0.4791673554694439,-0.9057886901626856
0.1127537512893386,-0.5200057797439868,-1.0461573751310105,-43.18596245554384,-4.40826369270848,1.9491200324688,0.0125724623405621,-0.4783125206723383,-0.9007603909355332
0.1095655107265901,-0.5127794425754448,-1.0389361678521465,-46.92793883897257,-1.5055559395663245,0.7675748084792317,0.0190952670665297,-0.4733243804201923,-0.895612210159644
0.1171664864655505,-0.513336037379828,-1.015131295354048,-49.83307640919018,1.1643415758178373,-0.5082006468222391,0.016782964006912,-0.4698174226549929,-0.8740233255207188
0.0972407903123738,-0.4907098307209258,-0.9885300823570012,-52.92915007391881,3.7024428726810665,-1.6554852451622606,0.0046668181360395,-0.4489333873764965,-0.8375058753305462
0.0678987850253274,-0.4820779324629229,-0.9787056974055228,-57.16160116068491,4.751570635781864,-2.0697828435169088,-0.0080050993312854,-0.4406441274369732,-0.8219357553980471
0.0606292465117594,-0.4887290378575211,-0.9701686485276226,-60.35123645659203,4.301752095641866,-2.0868557482102847,-0.0300380306778548,-0.4444389573001253,-0.8179129823480772
0.0288530440679462,-0.4841003261636278,-0.961906919578668,-62.13082073322517,4.10627036561036,-2.306690955465652,-0.0556061290270681,-0.4381860333074096,-0.8089357650001298
0.0066510357282303,-0.4876396725602676,-0.981126425777214,-61.98485231963595,3.5839274690722176,-2.297266930208163,-0.0682727768118485,-0.4346814106435457,-0.8271747766488395
0.0101122327643596,-0.4841081216692779,-1.0071153661275385,-58.904854552359815,2.3720173175808417,-1.4688171105858074,-0.0730172169209701,-0.4326256839131523,-0.8594645027924244
0.0238477384501662,-0.4790800592264932,-1.0204202211215434,-56.20367392931757,1.2538349618834468,-0.0717318873207128,-0.0636887836645724,-0.4266256338611089,-0.8746708144700617
0.0432643014375968,-0.4759893501169706,-1.0446634035256397,-56.00868364550684,0.5164949128388326,1.1652456758878964,-0.0420566058739086,-0.4181062726326824,-0.8966593545337174
0.052981682692499,-0.4601112317467823,-1.055253001012416,-54.30723452198188,-0.2577855527968732,1.7598111900403373,-0.0289073717311099,-0.4087810652282902,-0.9140096427200992
0.0594480987752731,-0.430537033793992,-1.052099777616664,-50.332665133087886,-1.194812206613738,1.3694122622689295,-0.0245324776864167,-0.3805887760558336,-0.9143451241183044
0.0573048698841605,-0.3946844784900837,-1.0724829766436772,-47.15510956731755,-1.371247504358433,0.6187231140295986,-0.0254573100265566,-0.3436897918375214,-0.9227816453775752
0.0502896775283529,-0.3847233941900166,-1.081686506669753,-43.63375784796637,-0.61444834553148,-0.0852669176932701,-0.0388378738745887,-0.3324592853157955,-0.9289132423822748
0.0415515700917672,-0.388515425163667,-1.075391448234666,-40.20827000986052,0.4686962412058071,-0.7303565554643385,-0.0497368527271288,-0.3337256952063257,-0.9261006708382432
0.0445781805514915,-0.3834519771494247,-1.070613311288598,-38.8031098140508,0.7925966669024669,-0.7430145880732335,-0.0420249074989859,-0.3344255239658932,-0.919087572548272
0.0641565129212408,-0.382767777289008,-1.064623809968314,-37.925110600373806,-0.0341289286450262,-0.563199574036598,-0.03140837333626,-0.3292841833579264,-0.9169778380467332
0.0634304137016597,-0.3720193189005377,-1.0727634229688,-36.75592338881113,-0.6965150927082759,-0.2302558605515967,-0.0302511783480976,-0.3165713969538761,-0.925901622640553
0.053168579305031,-0.346676858605742,-1.081691276943739,-35.40700593669006,-0.983896620728369,0.2154462585257833,-0.034820551317303,-0.299177288139775,-0.928865766948911
0.0528481732068205,-0.3387871298980224,-1.0841396996395876,-34.54864212876759,-0.8846582111567017,0.2170019972848252,-0.0388729424217291,-0.2886251829258583,-0.9282791193210752
0.0468001132090617,-0.3489945065515869,-1.0870905092171037,-33.33993247528723,0.2930010473658355,-0.135871127184803,-0.0460488505116009,-0.2969638590852599,-0.9389336686453704
0.0331025710507412,-0.3494938713958175,-1.092103580220084,-30.59319578613044,1.8530924204465435,-1.1834158797186052,-0.0557412118212367,-0.2999316970121632,-0.9492919190349856
0.0224725560083474,-0.3526214815796319,-1.0960340764102685,-28.745857790236688,2.6088963569111514,-2.2340645983015475,-0.0525538754460939,-0.306326455466107,-0.944330460535564
0.0256551114786194,-0.3554329321040906,-1.0955143972290122,-27.01354207492028,2.1953814207337903,-2.6535922899585387,-0.0481115175674384,-0.3083322664966198,-0.9456567109949072
0.0404130689460126,-0.3271903885435346,-1.099593174897207,-25.03481239564774,1.97612105246244,-2.7786602106217453,-0.0444047837487553,-0.2814734369485944,-0.9492498355429084
0.0476984526363619,-0.312016694839543,-1.093397389463016,-25.22147314056979,2.605087415335584,-2.429704600634526,-0.0364685582463104,-0.2732705928972115,-0.9405138394070592
0.0464814577233692,-0.3271122391032359,-1.084453383507301,-24.737856772094304,2.5363475111308924,-2.3300059317231843,-0.0368128877622974,-0.2779829158033505,-0.9387527082935128
0.0576021856100103,-0.3286098268740193,-1.0897240919914466,-23.32128454785229,2.001755115900472,-2.5955643042996264,-0.0312169585049206,-0.2742158294901385,-0.9342984747404092
0.0630686458281312,-0.3282005714166269,-1.0739558314762578,-22.987125749062077,1.8438974269006465,-2.39251218189907,-0.0264817832769022,-0.2809939263271835,-0.928979350656002
0.0530768699413396,-0.3224793992941487,-1.0632910218102374,-22.025138334525018,1.1220750992670074,-2.22696505027717,-0.0322101621349844,-0.2770468964032575,-0.931789501199592
0.0551070593404151,-0.3037498855855719,-1.094679582672217,-20.252173996065597,0.250541717488157,-2.5188688781128348,-0.0362118322606856,-0.2626078297496138,-0.9374964718619454
0.0555991909253002,-0.3048515792821713,-1.0993832864244413,-18.678179303581928,0.398877139292993,-2.7774385618444457,-0.039006732407307,-0.255652748273283,-0.9470127109982854
0.0490769738269964,-0.3098540495879793,-1.0792076954573735,-18.27529856110913,0.6670818274784953,-2.6569152196556223,-0.0336204558032089,-0.2609242661608591,-0.9400708410269362
0.0435461271805199,-0.2973350622298198,-1.0821000794732976,-18.57413907304491,0.297265295545867,-2.3881600025099186,-0.033978780601142,-0.2612447204207125,-0.9293457030510018
0.0368035384682558,-0.2815931972536333,-1.0742215096399703,-18.284318340961857,-0.0796680342003059,-2.1684567904514886,-0.0434410257688449,-0.2429170061926551,-0.9325624411859594
0.0486580001544059,-0.2794663434078855,-1.0691350696462447,-18.86412888491504,-0.0186125195903357,-1.9569508697758955,-0.0384499971561578,-0.2367069661489015,-0.9292661245813376
0.0610705431081803,-0.2888418071230387,-1.0796828812274843,-20.123590064576995,0.5950224680572928,-1.6821816683931257,-0.0325004962438761,-0.240247744271379,-0.9271539695034328
0.0595685120161365,-0.2850453528013095,-1.0833822592437252,-19.7020678738313,1.3778701327906655,-1.0844113260486516,-0.0344625500997338,-0.2364257585989134,-0.93559836082079
0.0637771479166374,-0.2824064769344029,-1.078938088291683,-19.16649152571915,1.972214211584867,-0.6337856327231093,-0.0280687859840682,-0.2354847402555664,-0.930221449414147
0.0659724622905071,-0.2930102468832162,-1.0688564103580531,-19.26934374184328,2.276284036471185,-0.509336540032235,-0.0233477272835035,-0.2445334343363714,-0.9194062383778608
0.0610702088177788,-0.29053375078358,-1.0793819391973178,-17.36398241958805,2.008196882487564,-0.3807009960990539,-0.0302135741412605,-0.2463667328760873,-0.9305007619202788
0.0644215769641917,-0.2823628093692873,-1.0852168673157572,-15.406221339248344,1.1779064872653084,-0.5368077199299888,-0.0272610683371628,-0.2341928811552774,-0.9332084186230872
0.0679309582691961,-0.2831919360998779,-1.077128086641692,-15.37590188401748,-0.1537907907601425,-0.8886315735929544,-0.021174568371574,-0.2386923884184743,-0.9242343859081414
0.0491562395448476,-0.2825806157239861,-1.0938431050878203,-15.119660716304995,-1.1079328014135017,-1.590591489642758,-0.0346985290725963,-0.2375845673328391,-0.9398707469825966
0.0377668366881099,-0.2705324111465266,-1.106079337758635,-14.728430442397997,-0.3760433162194265,-2.515114298384216,-0.0442502798825738,-0.2182659208307537,-0.958010590187424
0.0468692386889214,-0.2630168183964951,-1.1019258317594098,-15.591265757436638,0.8467500061847703,-2.903318040435821,-0.0382327382997005,-0.2204986830225326,-0.9572248100350216
0.0440278787669288,-0.2698743474261106,-1.1155926919596677,-16.620610704308945,1.2463553227774933,-2.818361187683025,-0.0409026583797822,-0.2245352436560833,-0.961003090627579
0.0459717517935074,-0.2680106686489986,-1.1273102451798818,-16.336016926723115,1.973057252870059,-2.374162766394764,-0.0440300267397152,-0.2240633797915579,-0.9711251869802742
0.0557876843191622,-0.2694885628648459,-1.1139341748497245,-16.17914429671719,2.074440190155386,-1.7909727445185766,-0.0356039370869514,-0.2358811176943023,-0.9689211698736884
0.0532374320436554,-0.2765149111551769,-1.109471117543585,-16.35307808025021,0.8699927286450554,-1.3389971198881707,-0.0312253679385636,-0.23449269039122,-0.9659148445285676
0.0572139802416382,-0.2662659095473754,-1.1184046807261732,-15.766497518758364,0.325292843387615,-1.0006541726347584,-0.0302507541541972,-0.2249588909785111,-0.9713403655045756
0.0591713466056628,-0.2513641738876386,-1.1267583720137258,-15.013986734684632,0.2015376148099906,-1.178017456999921,-0.0284469537545788,-0.2158026281928239,-0.9757118053723186
0.0557533147692187,-0.2467651172286866,-1.1232061320689637,-15.406779593067624,0.4345707335766107,-1.7759610226488045,-0.0265403691606365,-0.2058378204525203,-0.9675671830681856
0.0661408601336348,-0.2484439231686399,-1.112586315961405,-16.380772629124024,0.894261136070366,-2.188935294233391,-0.0246596285173486,-0.2015568554881689,-0.9663271572537008
0.0709260623593592,-0.2403531039100193,-1.1162981263128535,-14.933578967017292,0.665092497610038,-2.550227406468084,-0.0235173084621924,-0.1910779367283404,-0.9769304781699903
0.0695040153214298,-0.2419725104590729,-1.1054049679899725,-13.7018967122106,0.4157162574201763,-2.9104745317350997,-0.0235214759077514,-0.1910800388334015,-0.962809429812261
0.0667324677410737,-0.2462352924394361,-1.0945955127331666,-14.064900290100056,-0.0324774601546446,-3.078261179305722,-0.0282930972673808,-0.1969104246765811,-0.9489602755634718
0.0550677892790658,-0.2323670677802647,-1.0973450182831128,-13.578389608040885,-0.1257235436324995,-3.318552426793935,-0.0300061071462906,-0.191287408127632,-0.9500741515957176
0.0498208761615683,-0.2333286043320487,-1.0936969597841366,-13.01057646131482,0.8004127460182698,-3.340424004138513,-0.0318335405408107,-0.189197269054484,-0.95106852442683
0.0557308827194498,-0.2367289008726356,-1.0900569678001255,-12.55770506494116,1.31633834015263,-2.9055895816337776,-0.0302851434664275,-0.1880930309110225,-0.9469657487022596
0.0618725509526759,-0.2333159118591423,-1.0892070574198218,-12.767937143870007,1.3387700253052812,-2.423446547867972,-0.0218737924319197,-0.1846567359581055,-0.9465701430355312
0.0636816052407945,-0.2278331557270405,-1.1136487381169895,-11.128911083006372,1.849650334936948,-2.0148930201914603,-0.020240336062298,-0.1772027511062937,-0.9672275557945896
0.0738461559740226,-0.2262884794583827,-1.1196567634680488,-8.80197539414256,1.9331958141334973,-1.739636504718994,-0.0137935731589127,-0.1813477139335776,-0.962547697117272
0.0755298271551172,-0.2368423343883118,-1.1079530256081376,-9.108135750902427,1.3514947515187556,-1.6019124793550803,-0.0148833850510357,-0.1876416365456694,-0.9550153306860768
0.0622387393219844,-0.2307684168068917,-1.117567103628251,-8.23392166879415,1.4075680183656494,-1.6908329332341911,-0.0245978353697642,-0.1777757004497654,-0.9656520401909668
0.0640608017622722,-0.2260231088480274,-1.1021213716260378,-7.476840315069818,1.3312446849509507,-1.9998910224405688,-0.0253065379509558,-0.1759683441061179,-0.9520971858758532
0.0560680505126052,-0.2250814441776717,-1.0974530072679631,-8.649840897204161,1.3034777450615076,-2.31957165925296,-0.0368195237831498,-0.1679142840901167,-0.9512701931879796
0.0440734351217243,-0.2142544494222393,-1.109658545811922,-9.857963284168196,1.8227451746506025,-2.691810422384741,-0.0394844773567852,-0.1600282533286261,-0.962413595128034
0.0549490333599645,-0.2247736747124013,-1.1246281357261316,-10.801824589951792,1.3429213853874562,-2.78471011045651,-0.0314287110899947,-0.1721824073079499,-0.979750588476872
0.0509179311164547,-0.2379658223317758,-1.1634730359516556,-10.063796485746437,0.5340558892063618,-2.73421819614804,-0.0392173344883594,-0.1768557024272539,-1.0119082411534457
0.0405532755230111,-0.2299786574077687,-1.1670823575324651,-8.543966393432607,-0.1821515042074982,-2.777602872211002,-0.0422980908320143,-0.1796448301758598,-1.0171292759194186
0.0565011479304303,-0.228977843722834,-1.1577630271502688,-7.743133664877085,-1.1668960121243743,-2.2183979196659376,-0.0341780466132639,-0.1859945285306838,-1.0084073220395444
0.0810219221868512,-0.2320415055574702,-1.1527467675206693,-7.601539372714175,-1.6388859823929591,-1.4425806345242007,-0.0186621392839754,-0.1777481535530178,-0.996886454207519
0.0926120729925405,-0.2183163483587237,-1.1319289879496708,-8.27864227867792,-1.6024051979332707,-0.7828857357349848,-0.0043666129725689,-0.1644251450747599,-0.9810911623121192
0.0902246556084259,-0.2080764852562576,-1.1436197462574902,-8.578284634726954,-1.0229126630805547,-0.1393004815205434,-0.0027475919271737,-0.1580426394682059,-0.9903151162028974
0.0848850064231501,-0.2100184280101601,-1.1445417184870137,-8.34416193488928,0.0578540919537275,-0.151784513132869,-0.0028798662898488,-0.1588254538916176,-0.990245772833416
0.0818995246404578,-0.213524599104775,-1.1193214069401336,-9.24422801042488,1.510907394487742,-0.2716589395350515,-0.0033550642630648,-0.1642032522691972,-0.9639203365401534
0.0802860597169519,-0.208808405279404,-1.117173304491432,-10.510361162533156,3.070595256065079,-0.0344323996932136,-0.0062178101413722,-0.1557838519456365,-0.9615287540956384
0.0751595015187274,-0.19759899846046,-1.1099231276012966,-10.82171207124525,4.057963945475342,0.3700338379746793,-0.0148821091407017,-0.1432785926611052,-0.965010914309651
0.0623536291874686,-0.1969848434785093,-1.0976514828045585,-11.02802817323598,3.7688901636647594,0.9292893416178732,-0.0270735301873606,-0.148485500695943,-0.95384450663985
0.0519193833333414,-0.2012366937557858,-1.089619640138329,-10.607960347439418,2.1708681462360246,1.0742336128339474,-0.0307984099320173,-0.1542471561926131,-0.949155567149504
0.0488918999067439,-0.2118345454846335,-1.0889436118294715,-9.41770939041074,1.0051747090615142,0.7901576121799778,-0.0354217929850308,-0.1611784298819072,-0.9420822783639784
0.04310460294587,-0.2218970863581108,-1.1024264076532109,-7.654057363046244,0.6289601744136103,0.3205379570817302,-0.0449202211262458,-0.1706071140745245,-0.9423064958834384
0.0433344681273169,-0.2242397514472628,-1.0945272873800118,-5.4826903529079045,0.1976591994044813,0.0145535079706882,-0.0422648512062379,-0.175984713297342,-0.942792632619622
0.0526272304711397,-0.2259111405249199,-1.107058924386792,-3.460599434631229,0.0530722732214497,0.0691020155668275,-0.034837746953048,-0.1753114308601994,-0.9516387298972734
0.0626367726448589,-0.2236561022626333,-1.1239940228226049,-0.3948541840591884,0.091901867644236,-0.1857632612013754,-0.0286685520322954,-0.1697156385724643,-0.969240273483552
0.0797080523619622,-0.2232409546426634,-1.1021232848500129,1.4514151804882605,0.169812462594092,-0.2705119904095032,-0.016296124743415,-0.1707110369848281,-0.957706829886562
0.0750076124820601,-0.2059834171784614,-1.1343370927793028,2.600041901027929,0.5421028144186995,0.2626952568676347,-0.01798867601704,-0.1608318352548168,-0.9796068098224722
0.0619342753597764,-0.2015774422165347,-1.163590743412732,4.828867537460025,1.1179559680346296,0.5689928156775771,-0.0268217408786805,-0.1558423248320642,-1.009592712006806
0.0658326690715192,-0.2153364349791079,-1.14344742717384,4.819492916306416,1.348487674644904,0.6597717348307195,-0.0282086461649043,-0.1589705206183473,-0.989876005823456
0.0504416380374061,-0.1952163011830169,-1.145467005819013,4.534343084222844,1.3496271831846045,0.901338995962636,-0.033224993767119,-0.1479001065366359,-0.995045864765895
0.0455709973230929,-0.1880355809003555,-1.1417536952645972,4.299963985668935,1.4873268280029897,1.2160130923775423,-0.0358836720501376,-0.1493291232672714,-1.0027991097776143
0.0482813008149219,-0.1957620423419151,-1.1463455793125532,2.5298156401792693,1.3466774074264196,1.3256596576052286,-0.042098920760026,-0.1491602591624111,-0.9953522466845048
0.0420098194420234,-0.1978265414337882,-1.1503938111489904,1.190615538576119,0.9713626502160752,1.2630668174989506,-0.0424822859705461,-0.1483369722647897,-0.9932029318969536
0.0553703910408771,-0.206468298864869,-1.1309966433327427,-0.7120569633565742,0.3078425820219082,1.649284287513925,-0.0320650971089393,-0.1597719849565002,-0.9730205212723392
0.0538532832378655,-0.2016482211771053,-1.126478140310713,-1.6963698281035493,-0.1197769016711223,2.083990518985593,-0.0336839484041962,-0.1576664788077761,-0.9699993627844476
0.0588487631049096,-0.2082797861048488,-1.1153418167510205,-1.3495535213283565,0.0064812053714454,1.989067799798032,-0.0303265338924636,-0.153351973381749,-0.9693363049465248
0.076268504694527,-0.2094430352834205,-1.1017708089871556,-2.561375880660809,-0.3052061884092836,2.047914099820649,-0.0187079547870737,-0.1520464546766091,-0.9489417199312784
0.0689035913093301,-0.2046494771703806,-1.1040970800338488,-3.1721929949607475,-0.6234946212843318,2.230372704669895,-0.0167605677244562,-0.1550702074273923,-0.9462000005607448
0.0593452453736803,-0.2125973146589257,-1.1058557123342014,-1.4262276732083687,-0.4044768218767144,1.8647313619907315,-0.0267395501112353,-0.1552328644155455,-0.949964014383494
0.04874050197482,-0.2040783632030599,-1.0973221948335556,0.215386615480902,0.1075026529493049,1.434594703502271,-0.0434109080509984,-0.1530207177307965,-0.9455660480412846
0.0406056902991776,-0.2159323684008204,-1.09194386187641,0.8314720414709406,0.4922937738017924,1.2628668537371126,-0.0455557498554866,-0.1696900281833357,-0.9427997547934548
0.0376017280674229,-0.2277328691265593,-1.095856977275058,2.4448761334827167,0.2984165247816755,1.118863326349045,-0.0449674844492534,-0.1752103289983161,-0.9468638649679528
0.047091082860904,-0.2124958562148567,-1.0804822426917626,4.051501371356839,-0.0205699021696161,1.309949969871273,-0.0438346647901994,-0.1680874899195069,-0.9431675288684253
0.0604441668202799,-0.2155883049149352,-1.0872931011880345,3.8288616301631193,-0.4794130779065167,1.763495477535797,-0.0264129221866272,-0.168740446557779,-0.9379366812125004
0.0567857467465375,-0.2192312003542137,-1.1204811497602052,4.185727219028074,-0.8168715585492198,2.118636519844248,-0.022494549395092,-0.1673723482424275,-0.9570844619803658
0.0604626685043393,-0.2122685749051465,-1.1274650297894686,5.317149547090302,-0.6183820434072935,2.2662458392626017,-0.0302521068264132,-0.1675014637456516,-0.9761774997629904
0.0578469817050282,-0.2134707096306537,-1.132230998721157,5.2231387746038624,-0.2316543235408258,2.1689395537176743,-0.032320346286886,-0.1696133836119043,-0.9810427989520164
0.0477153815074134,-0.2239459691023135,-1.1365179892856712,3.956104916093297,0.3670511622976745,2.080962088993944,-0.0382723765939319,-0.1782473705458478,-0.9823760239494532
0.0450739961382044,-0.2353849212222124,-1.1384883950496063,2.685803094743209,0.7157447288536345,1.9572651699688064,-0.0422641738057381,-0.1907551321309042,-0.983218319142825
0.0448362748385874,-0.2398329084424201,-1.1399259539014113,2.055869941742188,0.752164584250102,1.8351549381970071,-0.0422362813027487,-0.1919367874828742,-0.9828267364640106
0.0502526830215007,-0.2375557505521249,-1.1308704989756704,1.7758589462457892,0.897099377297105,2.062523063345417,-0.0428933835105244,-0.1856769796673225,-0.977273390444098
0.0447228108678927,-0.2375222196483538,-1.1227982665043834,1.82402711008139,0.9165114348770396,2.2737680917223124,-0.0428652895680947,-0.1880628095284465,-0.9689252994987084
0.0376650187977967,-0.2415245561131153,-1.1078412703873486,1.652359659995981,0.7274714658631407,2.346592064284815,-0.0458105028135973,-0.1936613686595624,-0.955736858647074
0.0348372140933997,-0.2356555507733808,-1.096748673968965,1.8583420386219556,0.2601159142847858,2.767516303607464,-0.0518040635012767,-0.1925497966543214,-0.9452556380757964
0.0368366109631284,-0.2379887059393981,-1.0850519167703156,2.14475026131767,-0.2698947777322498,3.223554347389676,-0.0477599388830521,-0.1936211861077781,-0.9329754024454286
0.046890132498645,-0.2421783834973953,-1.0769282747607392,1.435440102596902,-0.4343880033273437,3.310710889460528,-0.0401753020276492,-0.1867908717765719,-0.9293254206879648
0.0518740692243711,-0.2337794749005962,-1.0966084442526578,1.5319559791469577,-0.2912574448731425,3.236076159448306,-0.0372423995581778,-0.1805742522684637,-0.9463641491600436
0.0573211530564618,-0.2429612011265693,-1.1026715072133428,2.0913574786047304,-0.2078191295309664,3.028666030299492,-0.0336904651432944,-0.1913417954188893,-0.9489357658584692
0.0531222357384819,-0.2482354695351059,-1.086758524505253,2.191339485811572,0.0189744364393513,2.7730394132089047,-0.034359483569789,-0.2020690099207721,-0.937512871972981
0.0437687901429805,-0.241917320197925,-1.0890565281616351,2.3910969422356407,0.2434071385119086,2.405862533815305,-0.0345030405053764,-0.2038766392052166,-0.939557387399954
0.0394270393270856,-0.2464609949406757,-1.1127703983127095,2.977227763718367,0.002567570144998,1.9190828778155145,-0.0419484326547148,-0.192796974219922,-0.9575185258478358
0.0276140804905898,-0.239065690376333,-1.1330384605136228,4.209630152206165,0.2953034376618973,1.9634457070493248,-0.0537376337295589,-0.1846757821648329,-0.9715677230885345
0.0253958514480616,-0.2296481475288268,-1.1259018796230371,4.67251194409655,0.6832619998998885,2.5009877515214765,-0.0508561696219213,-0.1872717415349698,-0.9743317152026272
0.0400738476190217,-0.236599681176401,-1.116354727265528,4.147724063054951,0.3157373777802347,2.8926808789098235,-0.0448105812652967,-0.1866511638600821,-0.9726916990360476
0.0479583861716634,-0.2387706157449489,-1.124819711732063,3.344743985019147,0.4730283028324626,2.9668710407504344,-0.0387790431709263,-0.1924390199725941,-0.9666678179845568
0.0498473749309417,-0.2325349282818907,-1.121020983326187,2.655388286113951,1.1551980170013196,2.8755788981536834,-0.0319575336225867,-0.1937651505394875,-0.9663498400252928
0.049572300793505,-0.2333600303124394,-1.10558517156765,2.164893315039098,1.4712188792261642,2.984452069715704,-0.0338053841711958,-0.1875021331878127,-0.957593935691838
0.0405400215773874,-0.2387794328625201,-1.1033431116830823,1.3448162450474246,1.4153466358433668,3.2009103884752057,-0.0424436702270107,-0.1887489273409421,-0.9552665042476056
0.0376885219538601,-0.2363332271723228,-1.1154389558279678,1.2390724125769577,1.5125057965097062,2.9817864367539224,-0.0463646576281719,-0.1870006775671327,-0.96883349168123
0.041083384183106,-0.2377564974081943,-1.1110096207362246,1.261625910157452,1.7592534991729805,2.403311106579212,-0.0445707307913326,-0.1916361621488693,-0.9582436752228308
0.0424859508660012,-0.2447027681210179,-1.096655026278379,0.7871926915948957,1.4555248841071795,2.0362629854374714,-0.0436171823326042,-0.19942317496816,-0.9495128480249946
0.0459648364760094,-0.2457402731698481,-1.1101773161856006,1.3319516239387703,0.9510058097892706,1.885860847471384,-0.0401615147239238,-0.2002734431433912,-0.9595539227995968
0.0501496322568033,-0.2549184058767055,-1.1175880804953668,2.400241209376643,0.7566995066974677,1.6025276305195189,-0.0374094377023509,-0.2120603515478679,-0.9648646208710548
0.0518204270576609,-0.2617581295688775,-1.1154355987654063,3.2748292203264917,0.7904367226994148,1.1625070532493842,-0.0338495024027011,-0.2209074259437287,-0.9650291499724172
0.053638501439406,-0.2543973357352332,-1.118607291009527,4.076834295034038,0.9704538012059588,0.7196372997711562,-0.0296432698429347,-0.2144481211321648,-0.963925486712478
0.0622376859294002,-0.2545428057598454,-1.107467525440837,4.325724724680899,1.3509704130329918,0.4688298512339772,-0.0260697448357535,-0.2091078501013794,-0.9658555414921296
0.0717930680626701,-0.2580977371803379,-1.1069888530710454,4.066663092348652,2.030095660514972,0.400894968067891,-0.0214664440904287,-0.2102385746899943,-0.9645720637820518
0.07449058596549,-0.258988212019121,-1.1203695133479057,3.9619821828780974,2.7995264518871634,0.5036892164397381,-0.0242054657168553,-0.2137065710792529,-0.9690130960319064
0.0641543963249724,-0.2568802068483655,-1.1239600107435113,4.105015968335976,3.660904927093543,0.6559509545097089,-0.0252966768339766,-0.2132482260043086,-0.9781803526187768
0.0578681929911312,-0.2518901670899757,-1.1201503661915193,4.337825836709929,4.325314945678279,0.5584549012167032,-0.024179787329532,-0.2126542270805819,-0.977732408280656
0.0649932411941599,-0.2593405368313953,-1.116994916076101,4.468255237992623,4.435173679658752,0.3369443282214268,-0.0256452036658434,-0.2174878424991365,-0.9716712706432752
0.0614815658076853,-0.2652984281353517,-1.1087314745726262,3.8528544574231383,4.425707287668615,0.1431473520972815,-0.0268175153176508,-0.2215994866021339,-0.959019669607576
