ADXL_X,ADXL_Y,ADXL_Z,ITG_X,ITG_Y,ITG_Z,MMA_X,MMA_Y,MMA_Z
-0.0295906023438483,0.2010954801664297,-0.0509938677464952,4.718279997354395,42.04866393463409,35.50331055513766,-0.0361666682723716,0.1776682291838898,0.0172919486273228
-0.0317349763262544,0.1909864240862653,-0.086028252756472,-6.521957993624799,46.38307182901047,32.57900887678509,-0.0338638076630656,0.1629322501104301,-0.014342550989589
-0.0344514422157278,0.0868797817142019,-0.151633574817472,-20.498821494587816,50.47867794419263,28.49362403967344,-0.0387156269038997,0.0707415981931941,-0.0810962769710324
-0.0523892525682887,-0.0575884533475238,-0.1457501438894372,-33.603032794795865,51.80116679825514,24.88083849329237,-0.0615153789741771,-0.0597054510326189,-0.0765946589052554
-0.0707831689930121,-0.2002765474687646,-0.0949394531835229,-36.78018890772832,49.12559124825296,21.960567227431707,-0.079775713687358,-0.1924788310329077,-0.030283965841806
-0.0762007517612705,-0.3362966291481546,-0.0458940917861224,-33.04769844002821,42.23505418161801,19.165997825602595,-0.0897966550748314,-0.32561061614013,0.0166316708516882
-0.0840543975815316,-0.4958550370853809,-0.0054978858133687,-25.47960382047275,32.75838031162982,15.56349756985249,-0.0979194486297534,-0.4685668711085745,0.0578411727298469
-0.0798032596679,-0.6441894242563545,-0.0394651543019378,-17.71482877569602,22.363732019678533,10.790114581585744,-0.0960747676549311,-0.6089137269411329,0.03042192369408
-0.0713433171114953,-0.7520864389189501,-0.1326240391154773,-15.085183802882222,15.984987976348265,5.931507141085203,-0.0973552766670846,-0.7300088995859781,-0.0603409843325866
-0.0884324043091582,-0.8649069664813301,-0.2118254465912337,-18.354821522137453,14.643318963820416,2.010965200839367,-0.1159263379801179,-0.8336362783592308,-0.1451547196613504
-0.1478702941505449,-0.9789009082676576,-0.2279070361612369,-22.36721857198066,15.36464409251388,0.3422259857888623,-0.1656380686949879,-0.943348945926427,-0.1646424770113619
-0.1799685114086656,-1.0890416370443432,-0.1704283437661782,-22.7000916808342,14.681510511884737,1.7741545138011223,-0.203717516115037,-1.0509719196622256,-0.1058162009374668
-0.1303163817532253,-1.2378639845637407,-0.0746462785715654,-18.28206396402952,13.3206453440566,6.341506447641897,-0.1682895036324114,-1.1815496664784266,0.0004616047940994
-0.0457475935644857,-1.4304424141573215,0.0578549858695048,-6.279426331422588,17.504628126620702,13.158305264381164,-0.0898340377921607,-1.360829578568269,0.1314119491832966
0.0680867665703724,-1.567386760295994,0.1283026378398434,12.972957460955511,24.54936230720182,18.568138767656617,0.0137366819339661,-1.493668962315365,0.1977528406144118
0.1120662689438388,-1.539101640695303,0.0494568500818027,30.01358449178097,28.180886825608944,19.40556205440912,0.0718919919801837,-1.491741030596471,0.1276226470227451
0.056372140176206,-1.4213536246234182,-0.074437391695043,33.74153966780454,26.29512672258461,17.093031705569878,0.0358874170262769,-1.397609145417421,-0.0015000821204171
0.0183306594827334,-1.3384352866472868,-0.1596945833718245,25.007423701744607,23.335582748688477,13.202208377086452,-0.0128436330855772,-1.3096473881943202,-0.0890679492048929
-0.0071355930171897,-1.2967006738529403,-0.168548324839711,15.482989707185885,27.21409812555721,7.506652040012116,-0.0533566909686609,-1.2545166197620157,-0.0908158992545754
-0.010452205575198,-1.2681884929357838,-0.1096118526345027,12.859317117913196,35.73468091924197,1.1281831056194822,-0.0559447027182581,-1.217106307354222,-0.0271787392017043
0.0300057021980024,-1.230882492531802,-0.0669181086730975,14.146747422518438,43.26981315576514,-2.9922522048770213,-0.0048106307127469,-1.1878583392790791,0.0170411518209974
0.1001223615248457,-1.1768851134313003,-0.0882871663809306,13.197625401532372,46.043397392593896,-3.017616543984595,0.0672993608300806,-1.1390829709198496,-0.0053970774216608
0.1301069735821049,-1.100377082225084,-0.1755901503283501,10.001601829173058,42.51509519716954,-0.6542463975069399,0.1121703128928882,-1.0810910219589651,-0.0931098603513419
0.0838337232289366,-1.0095757822150289,-0.4022954553881883,6.135273689455713,33.316960557948846,2.812165922297795,0.0742873154704825,-1.01484487320681,-0.3208526041293987
0.0686093577850795,-0.9370244697634208,-0.8163916223153146,-3.65998018010808,21.47938990579714,7.516384716328583,0.0388912316765132,-0.9367783498315324,-0.7459148668501268
0.0355423874629899,-0.8620729047992571,-1.2069739368765802,-24.153943257408446,15.689000271620648,11.176518882115078,0.0026397088165687,-0.8735953794442747,-1.157421513099914
-0.1244316710288697,-0.8204094998957705,-1.34796759851722,-45.83566499231377,15.07388320557744,13.400339244027306,-0.1407329619203939,-0.8350326214301276,-1.2985214969942191
-0.3694218828059493,-0.9082917993120808,-1.243320863050614,-53.7327923430837,6.471980976574443,19.2638891404986,-0.3466774835092129,-0.8785571701369241,-1.2138149243419003
-0.548430281389583,-1.101099703594202,-0.9937612707465596,-47.4732077038143,-18.34227549756554,31.535669623320384,-0.5146111914743258,-1.0424330988158104,-0.9809645671383306
-0.5740403809285268,-1.3542587671377206,-0.6560039568301221,-32.98702078950721,-47.30595668129883,44.65730038257357,-0.5787139696263245,-1.276078600323657,-0.607771878352131
-0.4972675913879938,-1.553358276886555,-0.4029604771504409,-10.798601525312614,-61.25669713602765,51.30279615130505,-0.5201018103699422,-1.462701290871577,-0.3365826411439541
-0.3164587514897556,-1.5511700218430935,-0.465391458939199,10.761051519922225,-63.19853892234503,49.341839303604885,-0.3530161768708753,-1.4826103640381012,-0.3852174770538974
-0.1857640757305804,-1.452923886093001,-0.689273489177633,19.57848796159487,-62.5900141650636,40.67485948013438,-0.22667264056759,-1.410850236826512,-0.614483286184959
-0.1545266126598981,-1.4534171126458102,-0.8462555410513886,18.67284330998365,-59.457491967090725,31.20977835039936,-0.1976592861408496,-1.4146478345746931,-0.7902706520578405
-0.0075921395313347,-1.5380660973599651,-0.8903709076895441,19.34994083275013,-49.65481792995297,23.43238655320368,-0.082310255085627,-1.4817404180705176,-0.826001062565512
0.1353435405388637,-1.5216139827053394,-0.7775340757472049,25.83495128639333,-29.42277151856573,12.88153212866366,0.0562653353676533,-1.4771621536136303,-0.7329657159558407
0.15514797524564,-1.3860498874128817,-0.6079456175421637,32.13144920641083,-10.94583899959519,-0.7058647237036381,0.0997443967290172,-1.3598766386835663,-0.5597159668380556
0.161335958301624,-1.2453153583595122,-0.4779407389981328,32.895528191935085,-3.639757889419207,-15.487674809295653,0.1148258141692066,-1.2072685401532368,-0.4043342728887992
0.134810297569864,-1.0787025581224885,-0.3834114327734811,28.958469580395786,2.3286009778227723,-29.793585334074283,0.0913160791361222,-1.0543946142401373,-0.3159966238077114
0.0759463806544959,-0.9119015922868964,-0.3077482668350493,20.09622304542824,10.426062922130283,-40.50374985980028,0.0444865217253488,-0.9068163204195704,-0.2436535607542337
0.024491402553683,-0.7972771088970443,-0.2172363988842861,11.136212560544656,16.94471857687472,-47.72129436683684,-0.008814681983861,-0.7824935828098766,-0.1527750814944496
-0.0335420592496956,-0.6682763915044585,-0.1338147431113979,9.828703426759386,20.58012946221661,-52.48577180160663,-0.0654528978735701,-0.6447041035618107,-0.0561824747065453
-0.0928833720458638,-0.5124240177540192,-0.0840488961365401,13.808940377768415,19.8505131197317,-55.21705876113398,-0.1047468163408668,-0.5043512504409475,-0.0054798696766379
-0.0989921226634945,-0.377994581930176,-0.0818608664835261,14.988318015487131,16.052793510962413,-56.00251276544571,-0.1151926661016982,-0.3871968389883169,-0.0170846905605128
-0.0862974610739485,-0.244275633216997,-0.0798098718918271,8.988887249342126,10.531797226926406,-56.71498122516302,-0.101401646319847,-0.2454565647626534,-0.0130879110835175
-0.1342879836878155,-0.1043079061704747,-0.0359868606246415,0.8606878587518676,4.279821293623301,-56.85526507885635,-0.1349470947188241,-0.1035116725909194,0.0269375996189027
-0.1498271711452707,-0.0126829628864121,-0.0311413471363221,-5.45740265623889,-2.656526892490309,-53.43210063522898,-0.1529965599437762,-0.0271380425848773,0.0291004845908082
-0.1244427201990055,0.0244692149405226,-0.0546768947135334,-15.312264013557469,-11.427371596403228,-50.22582293539397,-0.1265202625346118,0.0020832222283329,0.0045730280680032
-0.1307161016061954,0.0301157894799224,-0.0397416081710063,-27.056812967331755,-20.12927515227233,-47.3056455998876,-0.132310108345979,0.0174035910870147,0.0214610396887561
-0.1133609822921902,-0.0002209248248072,-0.0345958011881964,-34.04414363911176,-28.090071400040777,-41.17808626671823,-0.115609127224582,-0.0079028539857316,0.0361141279164477
-0.0758483269714193,-0.0741185836720831,-0.0693322097788833,-37.874027930600754,-35.34690398006783,-34.44749241436665,-0.0806802738240519,-0.0894378178107557,0.0039558504354125
-0.0460362627807601,-0.193535589180501,-0.0883464046351178,-42.42007626693267,-40.429084655092346,-27.34570026087484,-0.05394478134694,-0.1984440901011613,-0.0170452580866423
-0.0188266877191116,-0.343176777326276,-0.0606425071944487,-46.44638757064045,-44.02637904810243,-18.922443920104563,-0.0259881198179011,-0.3307448180194305,0.0055065124527374
0.0092046780726132,-0.5089827041530796,-0.0161922828226375,-46.00298626390418,-47.39750728217612,-10.431945633816948,-0.0048581087861935,-0.4916748497820358,0.047514119759198
0.0590244193834107,-0.6979225003255629,0.0134118469408306,-40.62757548098957,-52.74971100681397,-1.98454207273072,0.0413740423094354,-0.6671846173532516,0.0762182963148991
0.1249591058905482,-0.8738123771259019,-0.0366041890536143,-30.192744848642423,-60.56978976769357,4.858410678249343,0.095195088239124,-0.816490103904207,0.0402756888726212
0.1947651737909127,-0.9701971282435032,-0.1788057069115463,-17.8067777082761,-66.08014630027112,7.661000617725319,0.1581791400109282,-0.9210177871018296,-0.0915880056426204
0.2373796402782447,-1.046306713729011,-0.3218355878282256,-10.194047488477027,-67.12663460954025,7.508226996941341,0.2060724425082178,-1.027280219142514,-0.2484517552854752
0.1998416691436745,-1.197906951835052,-0.3665785671269778,-5.486498205577362,-67.17216513997396,6.310853273500486,0.1628517764565031,-1.1640752982866962,-0.2904530153665481
0.0773650439585977,-1.404700656129951,-0.2489989216625133,0.1738589057967539,-70.67558285353932,4.501237450487337,0.0509523054523692,-1.343651314414037,-0.17788516562953
-0.0403165639757048,-1.6188816181804602,-0.1003114008075947,10.20583097978328,-77.57730953984627,3.010816663953356,-0.0676410321226904,-1.5391205530134264,-0.0388184372213968
-0.0217973390540451,-1.748661846197649,-0.0952373240476306,25.360795469516077,-77.6637179894092,0.8089945929107447,-0.0814599474878607,-1.658560674075693,-0.0100017054864083
0.1192995957756279,-1.7153186247572867,-0.1729416739604762,35.181726105941884,-62.43158067877018,-2.986824364241285,0.0409228886227864,-1.6559402891662032,-0.0809470025580443
0.2614082709747135,-1.5748750493626,-0.2024560021017036,34.517453905321126,-39.95214163440384,-6.206995129140266,0.1871535711830759,-1.5445109607430978,-0.1231868238721472
0.3785318554577002,-1.4152696103531903,-0.1420690390212741,27.523005316871583,-21.586185488103094,-7.744077318282022,0.3107122596234988,-1.3884085151841026,-0.0648102762696535
0.4384099723032771,-1.3097817735014672,-0.0170650853478381,18.940138784992392,-9.388264105239314,-8.587960763171594,0.3726497804095587,-1.28053293443956,0.0615656492775202
0.3767863933828513,-1.2591773382943592,0.0752987712117497,14.36163236659864,-2.8677156230723506,-10.42536846023533,0.3251558039942995,-1.2189666240718586,0.1554275915797814
0.19847231934484,-1.1615208692748584,0.007013059708223,13.380755686291698,-1.0949803039351005,-13.096525943638524,0.1646567304492807,-1.1331382061018995,0.0871669898514789
0.0206317679330368,-1.052289513201112,-0.2144596044913206,9.407436181392502,-2.242796518072077,-14.0725748458554,-0.0008146908636707,-1.0486756774670432,-0.1162935344424259
0.0011107003061848,-1.0360295531079076,-0.5322777754780563,-0.3892476068797704,-2.1335453645424525,-13.28803891461072,-0.0289793925324997,-1.0315980186927065,-0.436089292271994
0.0352416427558117,-1.0245165973123376,-0.9264564576790536,-13.417321961995178,1.8532363665726983,-15.449687379185724,-0.0087212403046864,-1.0240369044746918,-0.8716341808843294
0.0038254154560069,-0.9696326505417506,-1.2695544397252552,-30.42310089423864,4.799616037295286,-23.25532788877747,-0.0223465037257203,-0.9745967788222764,-1.2203810813060838
-0.034299459368783,-0.9147499236172676,-1.468706666733491,-45.92236540740778,6.291881824735594,-33.04035304432356,-0.0633854627798757,-0.9121317933010752,-1.4171709372896202
-0.0646795374180573,-0.8226131821609465,-1.504656319108249,-48.79542333722908,14.126000316880162,-41.69361469795396,-0.1212995443623575,-0.8284210828059368,-1.453766415504964
-0.0155053793683072,-0.7830005831812679,-1.287065609507794,-49.18951914261575,36.73661413424136,-47.69005299131257,-0.078915513386827,-0.7915535171668984,-1.227653469408429
0.0661108656829677,-0.9332567536526694,-0.8360138157498787,-58.22471101292778,67.8500573878365,-50.04894406066243,0.0212677515833453,-0.9117312230353388,-0.8085880595415236
0.0708011817752419,-1.1638132841826003,-0.4034073158336064,-64.20193036896295,82.42585548283922,-50.63797084798552,0.0502165636201054,-1.1076526996854152,-0.3675455771684711
0.0395302294449735,-1.3003928482274956,-0.2433745671245918,-57.03001371492113,75.85275831178068,-47.25587907714611,0.0158061528984073,-1.2422242999674786,-0.1729671223172026
-0.0154585328017253,-1.370018904710064,-0.3984505774285374,-44.07526020500964,64.06789813749863,-35.20681109985431,-0.0330872324312688,-1.3290975992828638,-0.3407711616288273
-0.0131088982609724,-1.5091722236691425,-0.6838990086261431,-36.21440385820192,47.34536143321924,-18.855760201406284,-0.0206786124539673,-1.464149437149615,-0.6204324491521116
0.0586273140940748,-1.6966421597862835,-0.8587620212385889,-29.887471294132776,24.980194814866824,-8.170810535421486,0.0310473339884543,-1.6276439262861908,-0.7917437362954294
0.0796558555199431,-1.7619211210367267,-0.8455762349325155,-16.77642848719407,7.846511845082551,-3.953954306499924,0.0423864677687946,-1.680062305318779,-0.795028146909327
0.0655805848332307,-1.6674250997593805,-0.7162324602332368,5.876157414638899,0.5513867593631988,0.9440814218889954,0.0248370342537862,-1.5943019246363697,-0.6652414913634667
0.0416220039044261,-1.483491334495593,-0.5349037694562823,35.55989591887861,-0.5317846522881281,6.359400706397473,0.0023124611711884,-1.4198853912755731,-0.4744081713718237
0.0170881319924253,-1.2360303865862403,-0.3532786319377764,60.80851949122966,0.8698185433218483,10.212094617636849,-0.0106958541552529,-1.1895246036499447,-0.2877134556486356
0.027092120397571,-0.9913421786204896,-0.2397560652918348,73.56820445946809,2.036392507442895,16.06988438272204,-0.0014300180196583,-0.96235834137244,-0.1713091255175422
0.0428007254458872,-0.7765993478629316,-0.1743125777992066,77.06154349126115,0.8708581697491518,23.361536599536805,0.0144008751507665,-0.7486489037724351,-0.0980364955482838
0.041230668194644,-0.5586871460567874,-0.126099348320424,77.3944641697366,-2.23484232564205,29.590289254716144,0.0183430506108812,-0.5492412296934946,-0.0497169206920443
0.0247548741222898,-0.367774333042701,-0.1211542267638034,74.03049659371776,-4.261812732055192,33.997789827633454,0.0095767663266875,-0.3863712942445108,-0.043066100490373
0.0085484037970286,-0.2138902862707969,-0.1141311169264569,63.787559778977375,-3.0771508717781426,35.260471187167006,-0.0046807930166696,-0.2427835919186421,-0.0370740560587368
0.0019990025609639,-0.0967239140436223,-0.1020777819948513,51.5611676055206,0.9736952094349364,34.73572638936355,-0.0154779003795233,-0.1169650070224187,-0.0299683866852558
-0.0175765516792185,0.0035851761155786,-0.1047773207830825,38.44502607155774,6.259070297476825,33.564552937741155,-0.027351219186251,-0.013838135513999,-0.0248298716914582
-0.0301605965071251,0.1125627865207817,-0.0680633596008133,24.39825385665653,11.77064405667288,32.61575108650481,-0.0396835850803287,0.0833219376665128,0.0045055339678037
-0.0041376675975158,0.1461541546858984,-0.0531494020325651,12.932828896096243,18.42008638355669,31.80986626965833,-0.0155605966555341,0.1169576451777796,0.0022237831796976
0.0094676186643606,0.0858887433141019,-0.0927443273060677,-5.152809153428501,23.771475680879504,26.87907339676709,0.0087531232099262,0.0516330016894043,-0.0339328970605058
-0.0196563879488292,-0.0150779541861828,-0.0857076836066823,-27.7294460777996,24.977718657700105,20.07688451095105,-0.0271030328490817,-0.0338556041472424,-0.0157600530473823
-0.0430131649630514,-0.1338312229276051,-0.0409505778000383,-38.32420562602427,24.404153635993264,16.48230715367638,-0.0526356891488552,-0.121687346063617,0.0248697120629023
-0.0305121889902289,-0.2268977683977951,-0.029781825049162,-40.002706025424594,21.97055498773841,13.657581796265063,-0.0331631568967848,-0.2262879522183571,0.0307169499266539
-0.0155422791017683,-0.3286560839967425,-0.0507407799363635,-43.041040201507,17.753894000149717,9.30035919286936,-0.0310831946343987,-0.3370265447345669,0.0203697808123992
-0.0547629910655546,-0.4695405875268968,-0.0783978438054208,-49.9826316255029,13.911499636437156,3.897583748545781,-0.0739416744133132,-0.4672859567251798,-0.0081037172448072
-0.1216465519637461,-0.6259048102116676,-0.1323641502195972,-57.94880237567675,9.863790827058356,0.407877446493779,-0.1362432863960846,-0.6088778284924588,-0.0620349738846812
-0.1592141912838978,-0.7908785506785401,-0.215425606845416,-61.60719437206517,6.276503499429653,1.0364069394603437,-0.1743289679417484,-0.7528715992780577,-0.1386683863989839
-0.1672772713858244,-0.935923667368832,-0.2894283396991643,-60.52193404377447,4.070719429898873,3.81774530143382,-0.186078644046081,-0.8915404643400255,-0.2194800985891459
-0.1669325429542562,-1.0767386163797896,-0.3345788632138566,-55.84886236419558,2.198423176588264,7.373878486308499,-0.192290969696578,-1.037411886047366,-0.2588166874470189
-0.1601299782637852,-1.2600751315582563,-0.3183116691280945,-48.915589970645286,-0.2601017481519288,11.962375579468276,-0.1895339684761585,-1.2138728542172197,-0.2506473031271499
-0.1035410825765523,-1.4887061177668637,-0.2422815845558036,-39.02233026987447,-0.8104004959482309,17.99705540944744,-0.1476988814954475,-1.4125204174582329,-0.1774675156424363
0.0124596957636385,-1.7384693856043292,-0.1222856014784866,-20.02628161998581,4.760752570989542,23.465529687074707,-0.0379564366114626,-1.6434898610403992,-0.0330973180563714
0.1276335501708162,-1.9097857913933,-0.0164511538011636,7.902433048979951,13.592430593282602,23.442000558419814,0.0766671493517234,-1.812496274890249,0.0648659564481372
0.1184844477794232,-1.833763607975453,-0.035523491600616,32.67615802902609,16.898982673417766,16.290344538428283,0.0752215394223881,-1.7568617073719806,0.0425968808373565
-0.020188063015412,-1.600726678567946,-0.1232518443811318,42.285575041718026,12.980390319627684,8.756159034323366,-0.0353785775747221,-1.5675739369789778,-0.0388245441696694
-0.1625432557025835,-1.441715593716089,-0.1333238107229956,37.37167215226332,8.414869075955005,4.660388823794827,-0.1827193743017841,-1.4088516154717918,-0.0595738233158585
-0.2793121729303987,-1.3308699992902937,-0.0600475116556341,30.061532030285992,5.869734271812874,0.9854647087479984,-0.3136355560405497,-1.283360239113006,0.0102933010235801
-0.2658119239231157,-1.2461822628883463,-0.013743530827114,27.511624212207607,7.336851090966832,0.8004813909240269,-0.3017634227894863,-1.2062486296358368,0.0570997092378885
-0.1342698400969232,-1.175770507607368,-0.0684504631239311,26.219452735864632,16.122249076443506,4.272326508146058,-0.180712872383027,-1.147706420708015,0.0148634344196024
-0.0916912803102958,-1.067710568181137,-0.2137340920386914,20.36388381339123,26.444094352895984,6.5275587058633375,-0.1303748598065134,-1.057287952786535,-0.1319176359530664
-0.058053097216395,-0.9736899377904288,-0.4672467429156353,5.702758029006232,30.379363061510865,8.146873710107503,-0.0961783692307906,-0.9720826840162624,-0.3868317097296833
0.0578540960273932,-0.9051631863897788,-0.858639485986264,-17.179665333931393,30.264094042231857,11.626767238455328,0.0129412233002503,-0.9156193778814492,-0.7626847968108781
0.1380153738983633,-0.919246641443542,-1.183359448990051,-42.16171382536477,32.4300526821215,17.50358642429984,0.1021728448771833,-0.9246383371981256,-1.1117113615367893
0.1266460804546808,-0.988058755508784,-1.2392293388898268,-53.98758786329359,31.952689826034884,20.22426280874687,0.0972893503177524,-0.9600310404805544,-1.192072100088834
0.025669731945572,-0.9891443208466278,-1.1272467032965527,-40.4608518919957,18.50519283435097,20.209220008380463,0.0215475029450376,-0.9433279105484392,-1.0843965562226836
-0.0919927284448218,-0.9811018655940466,-0.9003129995794144,-17.35923312705291,-9.093668181347136,25.83028602496139,-0.0741341385027392,-0.9375777817303022,-0.8691696061745471
-0.1457373563432507,-1.0415188607508423,-0.6420835268349527,-5.052539855445514,-42.27752133615688,35.32902499256174,-0.1467871633247132,-1.004409574803914,-0.5971480177027453
-0.1225606377920409,-1.1550400157188798,-0.5131978180153904,-1.2388787602562543,-65.81283553201861,41.41639584187246,-0.1434629228126266,-1.1148862022064383,-0.4485442135967996
-0.0929306321368227,-1.2223099355786435,-0.5398293033801937,-3.2933372048011096,-75.30757947802195,40.719111119998765,-0.1157709253334497,-1.1938128188828194,-0.4704669081094238
-0.1621203551253676,-1.2709597320655477,-0.7143419753814776,-14.399384785300844,-79.86436751717224,37.17523684101937,-0.1912137268195432,-1.2527504496276167,-0.6436763843493329
-0.2327879956098343,-1.458306293992174,-0.8881397748668025,-23.70626603328056,-78.61232559484351,36.87502071114585,-0.2827309062738946,-1.4059362173064778,-0.8173221848805858
-0.1761761519320765,-1.6706233960806212,-0.9389983076776756,-15.056697461438596,-62.329429393253726,37.27397722915097,-0.2434022641556488,-1.588039354629721,-0.8680644420336834
-0.0512402009569385,-1.6711367482380437,-0.8823736389427586,9.721886132106052,-32.67360411158596,31.42807098443413,-0.1159584780603136,-1.5856590810507925,-0.8226533372835716
0.0600152386399476,-1.433849538372692,-0.7524240531416517,32.35444887470754,-6.702352304007611,17.470098963759614,0.0058326970772681,-1.3888492108638768,-0.6897188625276718
0.1262269632970125,-1.1672716610344576,-0.603276428072348,39.78901187456441,6.12217132687916,1.662240886635415,0.0767134836016112,-1.173572895985421,-0.5346233149001751
0.1445246110183661,-1.0121091185435285,-0.4572596458349326,33.71721799596779,14.9572106760779,-11.69656962801216,0.0937373571524325,-1.000758419931903,-0.3998130228780879
0.1215700801004156,-0.8823712618156172,-0.3429037322389684,20.682001128084806,23.60631141964608,-23.9475447437491,0.0811420688601834,-0.8587599648013512,-0.2746059351155838
0.0881765873334286,-0.7594676364272899,-0.241863329045637,9.74358425651794,30.141885980712928,-33.85030117245476,0.0634664325244281,-0.7511070599315011,-0.1667102026274464
0.0695083063251688,-0.6487865426112971,-0.1544201406116604,5.957929874174645,34.868773968223984,-41.29947041660482,0.0458271170002887,-0.6372303990648853,-0.0868193490310182
0.053261985228367,-0.5297002882972537,-0.1062176147214625,5.925763350079564,35.713493569900095,-47.30911724814163,0.0255744550363749,-0.5170789182432827,-0.0284087547471042
0.0263096865477752,-0.4284476445855959,-0.0903025818956515,7.679092782209504,34.10027425962793,-50.17128544997789,0.0069929194228449,-0.4177398949852667,-0.01500592114135
-0.0134967906570522,-0.3026587519163382,-0.0870715239104933,6.283478776177329,31.21177178213676,-51.1447932327689,-0.014105164467797,-0.314653132416037,-0.0194818790780028
-0.0733223911019162,-0.1492261589152213,-0.047591367061275,4.405523620647373,26.73086418868913,-51.619886056491325,-0.0683120192442278,-0.1672314232390532,0.0302498859902558
-0.1459788055877746,-0.0472492399577644,-0.0368501625181261,6.168333244905028,20.67351563008368,-48.41927836891548,-0.1442370425474706,-0.0519039538123576,0.0279498784216018
-0.1561604687124505,-0.0227812593793899,-0.0844993116980346,-0.4317149504850711,10.030399435715053,-43.417900138296375,-0.1570077852286192,-0.0386202792204751,-0.0301023219765665
-0.1576034990445661,-0.0123731889996298,-0.0881620995130475,-12.477013557508752,-1.9167032125514447,-41.31454923401037,-0.1579902015023509,-0.0321271415094979,-0.0226731750627485
-0.2196102945256504,-0.0094674498133154,-0.0468360470042883,-19.455835842773507,-10.394162159305209,-37.062157555751625,-0.2154113959422371,-0.0223857817958651,0.0137107777134993
-0.2015448797956375,-0.0710156220320152,-0.0243691029054186,-23.38233815245477,-17.804300576448018,-27.9085137698294,-0.2079953867515155,-0.0687270012612437,0.042164909093948
-0.1385871255735181,-0.1738330696187595,-0.0100987051874296,-25.121693810895067,-24.39392546954414,-19.26574418906684,-0.1481240778567261,-0.1624691294186138,0.0605713849932946
-0.1192328371118515,-0.3090250224152276,0.0233869156228224,-26.825322916514075,-29.800654029542383,-11.405908912124268,-0.1246167407854471,-0.2973876549013031,0.0851792229924289
-0.0671301757941675,-0.4617540582584921,0.0406776723200665,-25.813467250276197,-36.18025858625685,-3.6212230394587865,-0.0803621876682163,-0.4422391657260633,0.1114201466425812
-0.0190530153970942,-0.6091270468753407,0.0219243895721934,-20.996099293476234,-44.42081510642682,1.7180471923605338,-0.0260659071908649,-0.5878308839454042,0.0962504955574722
0.035543881014386,-0.7419858569741946,-0.0573259482010606,-19.09309067475595,-54.002822632796885,3.979875756175821,0.0235553932402691,-0.7253640583159087,0.0202724450333438
0.1514281825827603,-0.8361770374420999,-0.2220755818423786,-20.503182969722538,-61.47276629858432,3.6925917430831374,0.118387280509623,-0.8206010995203391,-0.1364726201967662
0.2257311130701756,-0.9658428783505127,-0.397793126075901,-23.5944649771378,-64.60657164406902,2.8775052629642874,0.196829824285624,-0.9269753006375224,-0.3189576317798497
0.2120731973669204,-1.1640844358386917,-0.4822301294241554,-24.282855991830992,-66.85762683769606,2.3838364196031985,0.18138243495249,-1.120422275321836,-0.404275247667651
0.1277282155886481,-1.421422014282705,-0.4100618420925452,-16.269502567410346,-70.47460799249907,1.25854915991713,0.0837203680601526,-1.380455495925305,-0.3237333511280039
0.0039164009793763,-1.7034399258708175,-0.2575292123104477,0.6314650168357411,-72.65266788983843,-0.0458220996024502,-0.0371034300046675,-1.6170565580245642,-0.1694727979721478
0.0199362815810233,-1.8221874098280664,-0.1620375041700381,23.06619374905555,-67.98647534307459,-0.8379259063341801,-0.0454136842926663,-1.7289744896263064,-0.0780995069724657
0.1975066995690441,-1.7451347559555608,-0.15871923851501,42.09550702058139,-50.35491730830294,-1.278944206521358,0.1035278140140829,-1.6907402462597756,-0.0713396156176687
0.3593025604608138,-1.644357928488493,-0.1733491695488969,44.68056532441152,-23.697276600387507,-2.8991391018404977,0.2781303204795097,-1.6047727515732302,-0.090344136035559
0.4867655546801369,-1.5589669744453272,-0.1044775738258658,32.945272683761026,-2.3344293532640266,-6.084799496353424,0.4136595961954504,-1.5213821397372675,-0.0375429650134961
0.5173840076354935,-1.4514441794280974,-0.0261779052191027,26.22956472657667,6.153692667438495,-8.262970743530863,0.4591610779393402,-1.409314581834963,0.0493887122217558
0.4110616685144021,-1.3462124344275883,-0.0367087083628839,31.566071510844104,2.672613097459553,-9.176967054849106,0.3756221614611703,-1.2987901520690364,0.0427821722019508
0.2816291765641184,-1.1935961598499696,-0.204610262887294,37.90541214339009,-5.325682813186381,-10.815328304307826,0.2403796996353012,-1.1599133592122,-0.1389417407778716
0.1745812526555471,-0.9643546434359588,-0.5938529911042985,32.50308615906781,-10.105487489728034,-13.126435627532508,0.137281587509648,-0.9711900883944732,-0.5263887604301674
0.1385704069620913,-0.7930798406651797,-1.1004718879247783,5.923328505162746,-12.741522393052554,-16.676256132445126,0.1079695648461594,-0.8324764461524685,-1.0103440393385072
0.0981587701791224,-0.7650872096273766,-1.5423047487133263,-29.49528590475052,-9.647696439125252,-22.11600930464863,0.0587604410311235,-0.7963221558115322,-1.4474972167850275
0.0205909141598613,-0.8143370061041317,-1.723126822473379,-48.95805399760782,5.257471001122404,-28.787695532749005,-0.0302567486727413,-0.8210367467646151,-1.6619977309367535
-0.0308084421560929,-0.8439865837592282,-1.5344210685863988,-52.336493761645976,33.21472561059158,-36.0838575689812,-0.1028993593534995,-0.8341294152062703,-1.4744250326727784
-0.1448656009083067,-0.9118232877222092,-0.9949041301104457,-51.78998372583779,70.99405743440529,-41.31239708006444,-0.2034357039691284,-0.8943925391578098,-0.9402170204167732
-0.2291623519057819,-1.1018410354670003,-0.4004544483567118,-52.77573925977834,96.7872349994818,-43.98964585788499,-0.2517140930449086,-1.0601338578925223,-0.3667931809183189
-0.229850231549571,-1.2979745179724675,-0.1347940799753424,-50.40978795531245,94.62752627680828,-44.48521234109742,-0.2457392956080965,-1.232365601133542,-0.0717021573803614
-0.2151841601332025,-1.3863507984114902,-0.2016049916878036,-39.11233110260815,79.95862045130048,-41.431196805006856,-0.2367622111518265,-1.3339409063973404,-0.12592600066393
-0.111650395672949,-1.4375611003409912,-0.5004900879227042,-31.211663479761963,68.35213613528806,-34.42503719319986,-0.1422697589855952,-1.3761261257572688,-0.4115598357867223
0.007998852794892,-1.6509219038664802,-0.7916513975353667,-29.103882279066525,53.80352842250154,-24.28942278615697,-0.0173929215463139,-1.584736892041172,-0.705671680382873
0.1084243363454413,-1.9822905814821856,-0.9026209646594529,-27.70089064850048,29.09137682952581,-21.652446139956908,0.0833406422885993,-1.9271655929423568,-0.8566697573608044
0.179134270007005,-2.0661158845783443,-0.9814460808124288,-19.20010501102682,6.612448830828684,-26.18368831556895,0.1328965765527887,-1.9621822329371683,-0.914138636426398
0.1459612848610382,-1.7836387929100408,-0.92689257358888,18.631982426270795,-3.48680519011239,-22.16094174178451,0.0968747305929462,-1.6930046459955996,-0.8636240754273489
0.1139189168041937,-1.37474540647283,-0.7101451588956749,62.04847016533042,-7.305093743743411,-13.83230923141637,0.0681627474472316,-1.35723224544668,-0.6634218576520159
0.088689904074134,-1.0493534111629113,-0.5062560495151656,73.24510779293644,-5.801969788447317,-5.671247357779461,0.0474501937976692,-1.0460629293170898,-0.4217231094959307
0.0428714732511442,-0.8433467872187401,-0.3133789264590862,66.36992712533862,-0.8105562257972586,7.498097282996243,0.0125210841197394,-0.8431515004874799,-0.2473800670616315
0.0201247319639985,-0.6919335694394955,-0.1998627272243182,60.314992317586025,1.7641772041259691,21.38824197648429,-0.0047024404898738,-0.6833423918635981,-0.1493780600594899
0.0033452876075968,-0.5559371959878525,-0.1881323605155752,58.63656051030181,4.00064072321286,34.30949739694303,-0.0158245294631942,-0.5445066725723818,-0.1120997617122025
0.010618910541657,-0.4490960067183703,-0.1730816123362142,57.14552807943248,7.50895789187812,43.8725339332243,-0.0082919960017874,-0.4498667216720392,-0.1000577553738803
0.0187443330677573,-0.3472184037795517,-0.1641752730137351,53.19287625142112,11.929329606402924,47.354429857605226,0.0002721084370024,-0.3476535079404002,-0.0838267368614222
0.0373404712095193,-0.2340169922326129,-0.1732820549980277,49.79095755040586,17.613166257520337,47.35169984386928,0.0199055062611052,-0.2446269300562405,-0.0839790573972773
0.0609675708206734,-0.1164612482586125,-0.1436892370495186,42.574503520982,23.075034891449214,44.365280681835166,0.0419329520115102,-0.144874873455929,-0.0745199565956964
0.0295932213786345,-0.0070241461061774,-0.1020721211865144,30.416967416719014,27.758120089824317,39.63390367279908,0.0176076166079127,-0.0450834232167619,-0.0457072587702551
-0.0105112290955261,0.0716668846219237,-0.0897440790649389,13.666609692545167,30.835097889281258,34.53956155701175,-0.0180114842388902,0.0479174764624937,-0.030615857956587
-0.0312945135169927,0.1196918707104681,-0.0900957084335402,-4.8691224078927045,32.32421988857925,30.847306079132547,-0.0440640798411307,0.1041922759179051,-0.0236328081279795
-0.0268532745967488,0.0984823944052423,-0.1154653098842216,-18.059076345797195,34.498622032374534,27.67278978399788,-0.0374436638113949,0.0816644193151636,-0.0399994235191541
-0.017790213813852,0.0188850252792473,-0.1483612064885206,-27.62696073141924,36.20090392887952,22.403826399121925,-0.0227931842679052,0.0053986629743155,-0.0699420193138601
-0.0334300485821157,-0.082482981298501,-0.1469412006913616,-35.02857226592576,36.06231963724078,18.28275584864107,-0.0390584702626375,-0.0969240605082867,-0.069927034051533
-0.0392900111340861,-0.2284644540414656,-0.0950757885905206,-38.88469934234576,34.064573768441804,15.370399076057176,-0.0377990879916948,-0.2153755838594775,-0.02912223614877
-0.0439578327203942,-0.374031040898352,-0.0352290555713476,-38.02074320003868,27.81064153182789,12.066791521301822,-0.0414964241621249,-0.3428755579100595,0.0335170033428728
-0.048059466643537,-0.5100010636279929,-0.0217508667799603,-32.83130215784259,17.832852806965594,10.4798950102222,-0.0592260707158979,-0.4877930248716219,0.0534560711361748
-0.0465454028479274,-0.6479794998262715,-0.0799679577982303,-29.10573434800424,8.648724717821533,9.69990297237654,-0.0629004618751082,-0.6329319859393656,-0.0239131519084011
-0.0681177262399979,-0.7479360637782813,-0.2298661183132883,-29.92539750953891,4.033233927649171,8.643909196961467,-0.0894602706401833,-0.745470734960724,-0.1627647518139919
-0.1012004631571788,-0.8656093181988435,-0.3459382751151764,-35.45698866788413,2.9655744946637563,8.417041955038707,-0.1284661788210477,-0.8456354429420581,-0.2698485286129851
-0.1176641440136093,-1.0226101377446022,-0.3704726808465544,-41.18625567656186,3.091042874997872,9.725012862408464,-0.1483556581331129,-0.9815787774282788,-0.3039955883760306
-0.1239771399096006,-1.1823594572135712,-0.3055591093247763,-39.07459634778567,5.88655231918446,12.592839730318545,-0.1661778706673704,-1.1359529461774738,-0.2294965211276103
-0.0872000120906699,-1.3976083742008387,-0.119577576223907,-26.030204762313936,12.189712897473497,18.08904972404673,-0.1371009267072284,-1.3223626153029666,-0.051234578848757
0.0205903316733856,-1.6304955134705206,-0.0080575356911443,-4.584901700664741,21.87748863565582,23.999802274019583,-0.0280286409550382,-1.5416083284273017,0.0711161520869135
0.055327398543323,-1.7000840740405847,-0.0201169771150324,15.276324908848968,28.515465445982123,22.53568214292099,0.0193929623647117,-1.6236651932267931,0.0609749678027944
