ADXL_X,ADXL_Y,ADXL_Z,ITG_X,ITG_Y,ITG_Z,MMA_X,MMA_Y,MMA_Z
0.0533393587349887,-0.9760739974409188,-0.1747986085445699,-1.04479179558949,3.868711249692387,-0.146833108053833,0.0238259335629651,-0.9432254868947828,-0.0974859783763315
0.0533358196921981,-0.9802894683367432,-0.1700355014513982,-0.9325632349260344,3.819568532492915,-0.0504503594118457,0.0245206250181465,-0.9384601640571538,-0.0980280935835981
0.051078725155284,-0.96880812955995,-0.1864426654607521,-0.8961096410228703,3.795004978757932,-0.0225173212833189,0.0212505627630244,-0.9393686173803336,-0.0977563809737343
0.0567620334240176,-0.9721713401945504,-0.1796173484380644,-0.7974312580802919,3.7273472434765926,-0.1283630778876577,0.0207612454808435,-0.9401140730384988,-0.0978674943294372
0.0578582257855646,-0.9789677485140252,-0.1760487959622839,-0.7978933423654042,3.76179927817454,-0.179011567951718,0.0193305843775321,-0.9390194621756138,-0.1022554236466969
0.0510692348505361,-0.9724147164195752,-0.1921558487094466,-0.8766842148201683,3.807023976242617,-0.2555305367385663,0.0200357557229966,-0.9410697497033564,-0.102195506154856
0.0534913042476812,-0.9846004737472084,-0.1814983842493647,-0.9716445841383444,3.79714410791122,-0.2838022225617982,0.0194009781557484,-0.9417584776161207,-0.1000488074232037
0.0519634391084892,-0.9858913064046932,-0.1783033103508725,-1.1212333502281362,3.814226793016978,-0.202039534288819,0.0213721920604609,-0.9385230619333548,-0.1009175123757717
0.0493573644590214,-0.9770702745056196,-0.1844213046601636,-1.0905303151024086,3.810295845207427,-0.1298320473250331,0.0207019035572247,-0.9426513624413564,-0.0988257579688318
0.0543583756060482,-0.98327958722425,-0.1763602855392952,-0.9416868834743404,3.7764564905770026,-0.0841988881520416,0.0195688955548105,-0.9455778301975286,-0.0956191826794803
0.0515383377844676,-0.9792927363470548,-0.1769276603352527,-0.8249426616210763,3.672594953401865,-0.0295915480233717,0.0227275863189154,-0.94162235089276,-0.0941932572354345
0.0494632687363937,-0.975746958923007,-0.1686504070952383,-0.7474295883531858,3.442948627288624,-0.0221525613317728,0.0217576205526151,-0.9430529989057056,-0.0954230999095495
0.0524125017318621,-0.983251764670922,-0.1707949215486282,-0.6859693209153077,3.325583873970389,-0.009978371366069,0.0234314343706489,-0.9429938948792628,-0.0935520241058255
0.0589799516021495,-0.9824209761337476,-0.1797548162299368,-0.5296372890588182,3.332708020762185,0.0202056890657444,0.024478356749625,-0.9435639012936764,-0.0916876718500231
0.0617876974071315,-0.9778543738957364,-0.175394075164543,-0.4085666528831848,3.341845937857192,-0.0733791874785693,0.0235372599390508,-0.941907860199862,-0.0969300225138178
0.0555675798849331,-0.978551663907962,-0.1800263628346568,-0.4186831648983594,3.4419909469125543,-0.2089859296387309,0.0224627005103868,-0.9379688776076338,-0.0985887497124293
0.0554201714087012,-0.9778319500656496,-0.1748044190137303,-0.512169048930772,3.525303977755391,-0.2568284603950735,0.0214630031744074,-0.9418938964315068,-0.0985390491418857
0.0495111834766622,-0.9760495070468282,-0.1702665943046689,-0.7349251403635417,3.6273708257961226,-0.2569054462631127,0.022745211025509,-0.9409479305792516,-0.1001790285554677
0.0485008172133204,-0.9776507546117242,-0.1721289154238914,-0.9975536006390716,3.725468171166307,-0.2993908416390721,0.0188572067689597,-0.9401687712358772,-0.0978827969639446
0.0566115640661556,-0.9763443458880584,-0.1736309516979493,-1.0847230161943786,3.72307591677492,-0.3564298203488579,0.0207052707560934,-0.9407616053228754,-0.0968042096786361
0.0531578658728133,-0.9769401130448232,-0.1840472554233589,-1.0557034751628531,3.766077973152336,-0.3103814531829959,0.0246207368333538,-0.940408450693834,-0.0970000769615783
0.0577667253854552,-0.9839408775613564,-0.1821630481416933,-1.0225600615720143,3.714343119300721,-0.2293294293389415,0.023331899804575,-0.9461421049933374,-0.0977735217998146
0.0580971542399472,-0.982894905443215,-0.1801646802934954,-0.8682609809908476,3.574105615641461,-0.2061149782997745,0.0241658828859098,-0.9428614187577018,-0.0984223415954344
0.055408544527508,-0.975341511700722,-0.1839636091409958,-0.6762014988283895,3.5642619221353784,-0.1921163774773514,0.0216137053860815,-0.9398511823705508,-0.0970422989864143
0.062641277418425,-0.9754032740464318,-0.1770401697041375,-0.5389686202493468,3.523509752433696,-0.1684302605991301,0.0225824641343426,-0.9429819215900392,-0.0977512881826484
0.0545765174350342,-0.9776374819320766,-0.1693210211004167,-0.3472303409410766,3.487371175403652,-0.1589088508879436,0.023523103560866,-0.9400176161630112,-0.0980258513702755
0.049010069353261,-0.9767595285694712,-0.1706853883709878,-0.1610341320607945,3.602996922740822,-0.1540093239396988,0.0225674715434483,-0.9423751446402256,-0.0970844620419753
0.0511082429424002,-0.9775441804554872,-0.1804192781317649,-0.1340390279477294,3.6487759482572737,-0.218974996067113,0.0244918240453216,-0.94333775110001,-0.0968090773434247
0.0496672209583801,-0.9766439274008116,-0.1824184467316179,-0.1781493762078838,3.69034634817372,-0.2935106456324912,0.0202955898457669,-0.940235205902389,-0.0983046785548163
0.0520795192323123,-0.9765733890493496,-0.1726110284149871,-0.1852490305775851,3.815532928029175,-0.2994349092988468,0.0200036417131613,-0.9440792911020914,-0.098451189848179
0.0527372740150728,-0.9802156221952872,-0.1709590654536354,-0.3151694413960522,3.843584157951278,-0.3755617154804173,0.0234156981855105,-0.9440699590119934,-0.0962317031715637
0.0546955888564814,-0.9803080789911474,-0.1809581595159211,-0.4743083207583422,3.8559306531979054,-0.4128175556242909,0.0238255925937532,-0.9416676091049448,-0.0968159740146786
0.0591506066090307,-0.977753809833293,-0.1807337739476007,-0.4992645449521029,3.793688183430596,-0.3718544883485234,0.0256360748270332,-0.9425681573157916,-0.0939062815575797
0.0560133147467875,-0.9761314688210634,-0.1740580423715669,-0.5556070641943469,3.617683538395237,-0.3511921077162782,0.0256655482238818,-0.9420034674951568,-0.0927640494121483
0.0488269754999191,-0.9739775851722748,-0.1751815318091678,-0.6396379385547338,3.4911384993893817,-0.3209117317172883,0.0261142043917632,-0.9403950882095964,-0.0950548297809201
0.0518686903046345,-0.9730618275244662,-0.1747113392092103,-0.7068280055017887,3.3700933498953223,-0.3544592605886142,0.0237874569669529,-0.9411782334724426,-0.0940921351326154
0.0543713862220584,-0.9763807703916773,-0.1759857254586332,-0.6891716301231618,3.3374380966202226,-0.347299169055824,0.0214185581760942,-0.9439799262271368,-0.0970194386994872
0.0517062602642922,-0.9816103678267076,-0.1753346216629347,-0.4648697890063011,3.454783717730875,-0.2885857739595671,0.024828775109167,-0.943428145216165,-0.097321356196404
0.0550811163204693,-0.9823461085459192,-0.1737072896284532,-0.2417090171801487,3.6683961986504072,-0.2601730369389675,0.0232907350231676,-0.9409352648175352,-0.0964800158307383
0.0530234152340191,-0.9796959712521512,-0.1772395363865976,-0.075814833058161,3.8171233671136937,-0.2467368637539932,0.0211157458384236,-0.9396426417129936,-0.0981309451978995
0.0541992779353857,-0.9816491329314332,-0.1751686045276335,0.004883126411855,3.75867733495995,-0.3574288457183883,0.0235394743403869,-0.9399953408982846,-0.0961781017933816
0.0568963632688659,-0.9745796524677596,-0.1738067994550408,-0.2164522528606601,3.734495028912209,-0.4847525837528837,0.0236032528362775,-0.9387344941936115,-0.0958435266076281
0.0506624202852715,-0.968309292973776,-0.1709214592023155,-0.4923751724693885,3.672760820841884,-0.488864526584675,0.0231661187987439,-0.937337491162857,-0.0933300827857108
0.0549186515314968,-0.9791729719595076,-0.1696830124395682,-0.6567306626861893,3.536788252806822,-0.4735019804990292,0.0213085438444185,-0.9400669783602348,-0.0909140739948923
0.0524708734820247,-0.9762361100032056,-0.1791241318248916,-0.7422572040788938,3.549056193751881,-0.4992534092588597,0.0192279076338009,-0.9416046228242227,-0.0905052098193173
0.044881585673813,-0.9741768839459928,-0.1759394062906908,-0.685415072781931,3.5378573955655326,-0.4539268225237703,0.0222095464605383,-0.9426483500827102,-0.0887981421130199
0.053111841453193,-0.982862002232808,-0.1670783290724229,-0.7164962694401189,3.522477273947931,-0.4054350870794111,0.0251394773735723,-0.941581655399678,-0.0947555651964609
0.0540314186152063,-0.9771544844749652,-0.1737000762546916,-0.7927855782997391,3.5198974987341365,-0.4377100883901718,0.0224607720903974,-0.9435908345557056,-0.0968777355799279
0.0530896784980754,-0.9737724366944024,-0.1821999636867545,-0.7306880280589759,3.51138948368467,-0.360266018833671,0.0219854557935873,-0.9508119932145688,-0.0936141139692546
0.0559165327772664,-0.9755704084025796,-0.1836912255394918,-0.5791952356012584,3.650822239971988,-0.3191012224562344,0.0279313089497019,-0.9465401908436792,-0.0957033887129283
0.0534113530982175,-0.9767660660955536,-0.1748820611411041,-0.308012144736792,3.692285965685706,-0.3566966164505687,0.0261429762350663,-0.941498041065088,-0.0943960766013633
0.0573303335986696,-0.974856949522806,-0.1679878134146253,-0.103216031185341,3.6326119055055073,-0.3129133898033516,0.0216497072190844,-0.9429006837983872,-0.0949941380184549
0.0531988077750185,-0.9694272471972872,-0.1751426968474094,-0.1054968955922892,3.650857676929261,-0.3063461603487922,0.0258985557604739,-0.9414524552246636,-0.0938332269913965
0.0509369886001836,-0.9707118844451932,-0.17633324391451,-0.1495816513731857,3.60807023625237,-0.2416232173641346,0.027063854646586,-0.9417706186158958,-0.0896497228576409
0.0644903605845631,-0.975384985507806,-0.1659783162295676,-0.1922917792554797,3.564113663855032,-0.2103665847002038,0.0252110623137374,-0.9401732256762796,-0.0934521023615651
0.055674953886024,-0.9767902263098602,-0.1618552113257688,-0.3593985769111508,3.566151163470076,-0.25937632173367,0.0246059045134326,-0.9409118718049893,-0.0922508213049867
0.0471601555586085,-0.9741165082136796,-0.1671353380950926,-0.580179123509271,3.5218282603198503,-0.2595264614715949,0.0255916470792142,-0.9413736991651828,-0.0921608556027694
0.0631928065444414,-0.9798443884698792,-0.1716916164842344,-0.6606989995334536,3.4586832482578784,-0.3495831868282895,0.0278890554743789,-0.9385115347936336,-0.0976357094103656
0.0605236527530824,-0.978789154910022,-0.17219674131132,-0.6873184298806286,3.45870305467658,-0.3133664683320812,0.0273185946730569,-0.9451552497694584,-0.0944559268077497
0.0506497434746394,-0.9713535551636708,-0.1723550071369329,-0.6943018990337789,3.513072027075028,-0.2380466068853528,0.0285395326205759,-0.9450765672628824,-0.0929586549417827
0.0585590875322409,-0.9768626787149044,-0.1724086984404224,-0.6327161173206193,3.5458301400183285,-0.3485491203671663,0.0274047032271363,-0.9414098766025688,-0.0947112276209146
0.0590667443335373,-0.9714370965245952,-0.1703150865178589,-0.5535712829316706,3.559291687302369,-0.380089627643236,0.0224721034770235,-0.9430541100581918,-0.0926668927829063
0.0505142217034502,-0.9746430304610334,-0.1739890660782908,-0.397313670118662,3.612508720877541,-0.3194528831638084,0.0234326380980309,-0.9410565452908276,-0.0942462698827801
0.051431962626014,-0.9840604307226112,-0.1848730025230062,-0.2400308088628413,3.8117984542102583,-0.2966478621906564,0.0270465342402935,-0.9462306131574968,-0.0983658177405337
0.0562423253227689,-0.97487858575189,-0.1839089098641892,-0.2119193166184283,3.978822793190581,-0.3388365038153836,0.0256766809549705,-0.9440462947557324,-0.1002317854555716
0.059325437608867,-0.978763400490031,-0.1713875958482482,-0.4025828984438599,3.931645504588567,-0.2555579394651135,0.0236611183743266,-0.9376170017373392,-0.1004517866715748
0.0593243572355416,-0.9834962507790108,-0.1702599070333411,-0.669610411203088,3.84255742870317,-0.1177369854776592,0.0253320054115562,-0.9417293727659832,-0.0967108968171721
0.054812275113558,-0.982244101388184,-0.1772880335229869,-0.7091625067594635,3.706297026750827,-0.1269198982061549,0.0250908346408065,-0.9420815346390052,-0.0939462679256404
0.0505274187784732,-0.986181567944145,-0.1729797846307666,-0.6761112904635489,3.6121665347732743,-0.1483084760988221,0.0251988951719679,-0.943102339501736,-0.0962921985707175
0.0516297048907575,-0.9816969662412186,-0.166397742236913,-0.5871166014455076,3.6659021157058542,-0.1986557959277753,0.025616662464669,-0.9416357493533656,-0.0936628609499448
0.0600693968931339,-0.9783947845891808,-0.1703452908157113,-0.4001391510482793,3.699944711959432,-0.2053719847798091,0.0232381150877599,-0.9387084207166458,-0.0886162918653515
0.0583784507673556,-0.981851558846408,-0.1759067903174875,-0.3229998314177074,3.65604657118948,-0.1973050920571084,0.0234467493295949,-0.945119322565567,-0.0901251354854731
0.050949503618653,-0.9796138305483806,-0.1767059286672855,-0.3029399102395863,3.650363901381098,-0.269251095763486,0.0251742716002028,-0.9449596398633076,-0.0910160320563334
0.0514151883179508,-0.9751531778684304,-0.1735063357104416,-0.2860685880614646,3.7828462903773823,-0.2994963717322146,0.0256981512177018,-0.9378829828988724,-0.0899221506391515
0.0521543477553757,-0.9819047787008346,-0.167286680109446,-0.2455106529766007,3.831564863662343,-0.3246341473144471,0.023814211978164,-0.941154865958462,-0.0939404700570535
0.0575540080659816,-0.979216766138034,-0.1661476395364762,-0.250090065601021,3.786206119428236,-0.3063468843436212,0.0238708419908661,-0.9436716839739178,-0.0969843973965353
0.0531309258772803,-0.972099862261518,-0.1699707902403857,-0.3681513473043192,3.785640919763668,-0.2553427418510658,0.0243410605918036,-0.9396381864016194,-0.0925300311474424
0.0497061223007584,-0.97795920062561,-0.1722753124170793,-0.4893924555108091,3.717456333529498,-0.2568581268239152,0.0214065750040126,-0.9424523408698902,-0.0935335411291682
0.0610341616604328,-0.9723479957991008,-0.1801671789479793,-0.5704722587883303,3.7170840075164944,-0.2489046988173062,0.0228622400628292,-0.9439814389382224,-0.0970138270901606
0.0567650160214833,-0.9733259885206984,-0.18114372295886,-0.5809632075181612,3.759534860113935,-0.2209422255264647,0.0235143190993465,-0.941282139605205,-0.0924972097585725
0.051257043041405,-0.9816370095306032,-0.1692323223403155,-0.5979884478715654,3.6613098662144905,-0.1578461608794976,0.0235246304046771,-0.9427498500047276,-0.0934306427641905
0.05126794907824,-0.976596974321365,-0.1637668246198275,-0.5695794660900854,3.5863280733746383,-0.1253215579558272,0.0241026122505545,-0.944135716210726,-0.0923761205993162
0.0490041103541283,-0.9805325090654328,-0.1638048568908247,-0.3887153170213701,3.6114743357314,-0.1321292746778616,0.0234701749561226,-0.9423436015307448,-0.0897686455266646
0.0516368616597685,-0.9841616904374156,-0.166258800977215,-0.2141351671876239,3.625103154944252,-0.0620005710109854,0.0253340826013402,-0.9408463533827844,-0.0948619747782328
0.0525356372495922,-0.9776345531830564,-0.1675470037381412,-0.0501567123182305,3.66762808565026,-0.037797613055178,0.022146959737971,-0.9417659464275688,-0.0907263551446774
0.0546055492340622,-0.9761159719807072,-0.1697431778938192,0.0668890767087587,3.725842569845321,-0.0875941244520643,0.0239744603976318,-0.9406886471305916,-0.0879981710476125
0.0485380682707019,-0.9767216311965922,-0.1757793782312426,0.0043364124199023,3.696707094575842,-0.1217153381213361,0.0274495121164637,-0.9404258499210372,-0.0913415268238412
0.0507280745966104,-0.9754253004036052,-0.1722413117607033,-0.2085314026837194,3.659630724975722,-0.1702127488133453,0.0253073501858709,-0.9405108801218096,-0.0911147752506407
0.0603373006747482,-0.9741443539988544,-0.1703219270002381,-0.4898804276138551,3.649961686278185,-0.2099891517805219,0.0295204195392682,-0.937116490734284,-0.0922710908259686
0.0530035222751042,-0.975783879252668,-0.1700851681192324,-0.7008693542499046,3.6180463588186393,-0.2972387528762819,0.026857602557286,-0.937916311167732,-0.0912739334211842
0.0549978510463653,-0.9764524027471206,-0.1690479879430721,-0.8863349544791851,3.5176695187073963,-0.3594330296339948,0.0238965860383366,-0.9405463108323672,-0.0928345636144008
0.0574954760392542,-0.974192656705819,-0.1757755770417239,-0.9782578122326456,3.3755716511265805,-0.3106062418661606,0.0268499845523883,-0.9398700993405738,-0.0919964778300553
0.048481489501084,-0.9757323130515922,-0.1638695813362162,-0.9182223857032824,3.3010292805202344,-0.2561458602333423,0.0244672048167577,-0.9417471855682888,-0.0872315545350866
0.0511205759677369,-0.9746850937951348,-0.1568945222374528,-0.8913027524503657,3.311806093636073,-0.1874795868549044,0.0253712280374157,-0.944979639983061,-0.0877639314058952
0.0599576823477011,-0.9783398974519456,-0.1744717809460423,-0.7331437726596176,3.375300445255073,-0.0866473648441715,0.0246441366629919,-0.9425078283196184,-0.086167273567146
0.0577452907150479,-0.9855779201084908,-0.1784553140588449,-0.4767651084463269,3.404495042494782,-0.0042032746068884,0.0236362930416771,-0.9448488037029124,-0.0885655627834797
0.0517172465757,-0.9780817659461136,-0.1775719399547546,-0.4056089904353186,3.441241978584546,-0.0139100251397522,0.026552325278004,-0.9495107317969056,-0.0935879527103311
0.0552080495989846,-0.9774368820621104,-0.1768254302966494,-0.3987467648562575,3.5138422294493656,-0.0761313215015922,0.0268234463816537,-0.9439300539044484,-0.0912787205887506
0.0592843293742182,-0.9806473511072888,-0.1699877691889483,-0.3526571669044858,3.5124649293325976,-0.1388697515243612,0.025590738189882,-0.9440883999462776,-0.0908121048415395
0.0615074042453002,-0.97483346803843,-0.1646182121059843,-0.3523009073277751,3.512966833058979,-0.2024703348550792,0.0249919564791802,-0.9451084162084984,-0.0927767833860256
0.0600432671974925,-0.9772448446493682,-0.1642450882413926,-0.4096469749776096,3.528888231667497,-0.2226632204304219,0.0293404105137609,-0.9401224780759784,-0.0930072692881767
0.0554142988426609,-0.9793654057164378,-0.1733523059687799,-0.5270198870789414,3.558232811052916,-0.2742921592345346,0.0279977984470231,-0.941770071082396,-0.0944961166970216
0.0552105860637734,-0.9770224209560732,-0.1683459625275064,-0.7064540385215853,3.5944565847786896,-0.2799057524575363,0.023017616082222,-0.9418869980691498,-0.0954593811203095
0.0543632208656766,-0.9724511288919716,-0.1640841417226247,-0.8136780917740389,3.5412334889729604,-0.1795859350024755,0.023567936135308,-0.9408709368176372,-0.092726796240438
0.0534925678632773,-0.9696067913728488,-0.1764518147288804,-0.7393389641747814,3.592379640699358,-0.1579001502425989,0.0224942755031554,-0.9407202175028536,-0.0907252010219703
0.0522318169352975,-0.973216921807017,-0.1760872690934588,-0.6423465378127806,3.709439567767829,-0.140644577591674,0.0253233881977761,-0.9396191662390476,-0.0935161702524377
0.0556175076267483,-0.9774807595372622,-0.1799960923097847,-0.6526306870768458,3.7862031995162138,-0.0239384715729731,0.0254730932927424,-0.941951481390221,-0.095655693069479
0.0630045249998516,-0.9805327566094666,-0.1830490317071192,-0.6487862836414748,3.94042456855566,-0.0059712689223009,0.0226817807593657,-0.9413397772832356,-0.0934434651074803
0.0568493484940359,-0.9734228281772004,-0.1693979336498964,-0.5981646212396656,3.977538177798133,-0.0788937378338596,0.0258335590070001,-0.9407582782857687,-0.0923751438863724
0.0527057995766925,-0.9737613205344152,-0.1695260329806284,-0.5247508942728413,3.928098423014287,-0.0519024689153237,0.0247988526715562,-0.9423761531284144,-0.0905972286893783
0.0623306960362444,-0.9831858006613448,-0.1711551938781538,-0.4853602181327329,3.9221641574739783,-0.0256576916985753,0.0231661042255137,-0.9428702417288772,-0.086366158134837
0.0607698174483181,-0.9782134918753552,-0.1657121214387687,-0.5936236676102377,3.906488710134418,-0.0643437448990994,0.024602879145779,-0.942307963189059,-0.0875516047805872
0.0596841541088744,-0.9779729442595492,-0.1714868418866658,-0.6749934009266155,3.8340072102689615,-0.0929888869883886,0.0251023229925113,-0.9417774741725478,-0.0884997078915635
0.0612927909681858,-0.9810927948344366,-0.1729762583787198,-0.6778714432320414,3.6156622081690855,-0.191962363130092,0.0270250063494488,-0.9441334496210544,-0.087194531125389
0.0555579016315442,-0.9774399990825264,-0.1688232070765455,-0.7427345686224262,3.501545626794309,-0.2592935123973307,0.026415196099167,-0.9433211967810742,-0.0890543857590153
0.0592408411718215,-0.977377826460022,-0.1666567791258407,-0.8308410314994654,3.537710745738816,-0.2299358607147691,0.0232046191403682,-0.9416775119424772,-0.0897689033996195
0.0510848613675857,-0.9778941373202584,-0.1641728731279798,-0.9605255696960922,3.4365573173618364,-0.2525168516307771,0.0249015375203265,-0.9414734843961216,-0.0898805978714561
0.0505915984528286,-0.983811844705978,-0.1703770216247658,-1.0011491649638098,3.3615520086587085,-0.1938256050513624,0.0268802156919412,-0.9409780049642468,-0.0904914938682243
0.0589406085379228,-0.9866390904764488,-0.1724813585301747,-0.922802501477028,3.48279626473079,-0.1052171474682221,0.0252463837955663,-0.9428656061553924,-0.0921404520711435
0.047189207550581,-0.9791663579895212,-0.1691847216974682,-0.8950792084657516,3.636608176341883,-0.1157668547604267,0.0257624688128264,-0.9432810963779656,-0.0935195056675299
0.0548234136170675,-0.9798494505274046,-0.1716448196091247,-0.8419078086185249,3.714115639094026,-0.1303996779861665,0.0248465344747387,-0.9419093610331134,-0.0923696744181818
0.0559191407054169,-0.981601793578038,-0.1678764987186519,-0.7053626524689728,3.7435951203804,-0.2343414298623956,0.0227277778592623,-0.93940337999004,-0.0918316225286235
0.0493915875650086,-0.9783974626593774,-0.1657048884230432,-0.5048690437683867,3.7860720160557695,-0.269626578534027,0.0243644952338627,-0.9407842270349188,-0.0938019805137146
0.0588155347246592,-0.9811353691591692,-0.1711514236825637,-0.4929361815186194,3.8573310390641575,-0.2464013898954483,0.0249810319258587,-0.9435324336685286,-0.0958557827653331
0.0501948647690869,-0.9770015449828542,-0.1719762982353089,-0.6764430135101557,3.9462756434919473,-0.2633391984915778,0.0233277774147263,-0.938516355500965,-0.0943721044995962
0.0516731074990887,-0.9754077255837578,-0.1717788955291003,-0.6914849226315117,3.879424232006927,-0.1052439090474668,0.0231819001249211,-0.9378932687803296,-0.0921340799553437
0.0546334561913457,-0.9820616194419848,-0.1725880939306138,-0.7847102948201315,3.621082145297912,-0.0287202063379984,0.0238644184522757,-0.9414835881709284,-0.0899993490324592
0.0518901735962616,-0.9812510634741368,-0.1680239361710622,-0.9421562488763828,3.4803038701543385,-0.0338016595516311,0.0231983656013988,-0.939367300412572,-0.0871509426925467
0.0640565909343186,-0.9822885854914826,-0.1685392307584404,-0.8098864620327875,3.439139372794852,0.0254849945743103,0.0254171967302644,-0.940763285389551,-0.0873292497673691
0.0574304463849025,-0.9786518341868016,-0.1707422069558834,-0.7424691076283612,3.381306584465269,-0.042422397216809,0.0266809034525132,-0.9406180322516218,-0.0896341735681354
0.052174147833951,-0.976732467224208,-0.1629196678915283,-0.8155341042070183,3.406823383771467,-0.0833930660861889,0.0235708020884747,-0.9397983757397324,-0.0888070059939655
0.0522170332726744,-0.9797961063842848,-0.1633927243571396,-0.7707227362951928,3.4083321229255352,-0.1122962461251017,0.0247211402688264,-0.9444515659368028,-0.0858767470837194
0.046849183260588,-0.9762289652735968,-0.1675012325929571,-0.7336420558949323,3.3838601293006776,-0.1746242444089981,0.0231754279988443,-0.94045436256872,-0.0853891201187657
0.0542526529677282,-0.976375074405154,-0.1629239029365065,-0.7346775331853812,3.422545220231732,-0.201530004561133,0.0207511362101538,-0.9415796526412088,-0.0874649058711963
0.0530383550165408,-0.9758058995394152,-0.1670032242239764,-0.650158936538656,3.4605030755619013,-0.242687090720828,0.0233039001102445,-0.9483182391014756,-0.0915013742048891
0.0536654780522428,-0.9770431174552664,-0.1736097785133059,-0.6395660955061447,3.6276618183713487,-0.200217445957387,0.0210041229008181,-0.9439255017840302,-0.0922178714121108
0.0586619667452339,-0.9769483806478952,-0.1714602296627484,-0.8755078031337021,3.7898003942284526,-0.1864505048529081,0.0226974170956666,-0.9423973878051002,-0.0920990588075195
0.051501137657098,-0.977860567698292,-0.1732774970948663,-0.9815704110379732,3.713726394358973,-0.2514629033553031,0.0276374927245351,-0.9426141862197642,-0.0951141025408893
0.0543191589285,-0.9865687375471798,-0.1741301993332808,-0.8871910187505432,3.7152200249989273,-0.2403893293040495,0.0244806038469367,-0.9419132811428732,-0.0933197652677023
0.0563806780595637,-0.9800080785747478,-0.1737007798748513,-0.9038471303287406,3.795787499521861,-0.1973167054924015,0.0235715784414852,-0.940922960807116,-0.0940047463916144
0.0507721834120657,-0.9722392602418864,-0.1766077665760596,-0.902942152091784,3.7650968620221072,-0.1422332053236787,0.0264223724857991,-0.9383791016929498,-0.0957074743936743
0.05635424212359,-0.975985959107226,-0.1678902370929469,-0.9341068660695326,3.710463683843732,-0.0505798115724516,0.027028122924626,-0.9414079319598228,-0.0914090529854751
0.0549917247348063,-0.9758647103163476,-0.1615956350452623,-1.025321675494988,3.600886048668462,-0.0396154178863609,0.0293470016154315,-0.9423475250235775,-0.0917241271159802
0.0522670415457344,-0.9785671915686918,-0.1656417482061139,-0.9647844766321884,3.479279961831899,-0.1067183614519512,0.0281568142750112,-0.9417051833555716,-0.0903127947570447
0.0598360280243347,-0.9815546776675818,-0.1733984585595057,-0.8086356272562427,3.3925126615358825,-0.1227156764560496,0.0207267331021437,-0.9423256744907806,-0.0871522803596972
0.0542571698136514,-0.9813517002649248,-0.1756000196090317,-0.7138520692808418,3.3996103930384054,-0.1605781753486174,0.0215841315873427,-0.9417661067500354,-0.0867211339773811
0.0519454457185228,-0.9818510015966412,-0.1666040857123453,-0.7762986666906532,3.46956625581073,-0.2184838267087377,0.0255202808668417,-0.9420321054720324,-0.0864888774708698
0.0575378200619717,-0.979166380637856,-0.1702023484597598,-0.9047254939698764,3.462317138329135,-0.2087053706307589,0.0235356248465862,-0.9422773921717428,-0.0909937177086841
0.0504703124202721,-0.9757055923846538,-0.1721647168712413,-1.0289691116731852,3.472990036892033,-0.181552299450571,0.0264240123942233,-0.9433069576991818,-0.0882928998520454
0.0513389499354212,-0.9790119887105624,-0.171539946754975,-1.154141971961764,3.5479069828501006,-0.1913444695550393,0.0268663857850976,-0.9423869497224692,-0.0838284805881039
0.0564134115328762,-0.9811218227906294,-0.1763016255057907,-1.268604544563653,3.5760350746959606,-0.2938211824737639,0.023499678710588,-0.9455170436306976,-0.0879512797158893
0.0506784281659559,-0.976342925563844,-0.167977759769353,-1.4425147306371608,3.447218689712457,-0.3238283502424988,0.0236054760786375,-0.9490505658856784,-0.0886117920423714
0.0542951626976985,-0.979954777240724,-0.1694349213068938,-1.5443526108449208,3.387415063427848,-0.184196510490131,0.0237517657923909,-0.945218604157584,-0.0886147416070777
0.0579894710436936,-0.9796190361959292,-0.1712293586273521,-1.4646007748337362,3.471879388844588,-0.1243497063448298,0.0263061309331817,-0.9439605997249548,-0.088540106135197
0.0529118239052976,-0.9732607589616944,-0.1661907946609695,-1.3961385999182274,3.413506008075712,-0.1268177942256284,0.0252150180663654,-0.9427409027940792,-0.0861533088947301
0.0559683888788285,-0.9780931585062892,-0.1715257297665268,-1.3367950388838068,3.351754116549213,-0.0706974624837268,0.0248236817652001,-0.9439386291698796,-0.0854612539294379
0.0549539876206496,-0.9795226583286264,-0.1723777716331442,-1.1453257229066802,3.3326151122766645,-0.0587563889180432,0.0270162311074823,-0.9436234883826424,-0.0867053076915295
0.0523883812294172,-0.977629382864938,-0.1730983169464711,-0.9663706924998384,3.3508582183834457,-0.0573491374333173,0.0241167483315614,-0.9396042549206604,-0.0891148374362805
0.059156068460378,-0.9745112623350364,-0.170790527265973,-0.8712030206350968,3.4494085588467067,-0.0689736877516408,0.0261415719361813,-0.943336398296817,-0.0902125500519149
0.0575415447665258,-0.9737198234345557,-0.1696169853624811,-0.8345826121861436,3.41922429904966,-0.1813517930477105,0.0272214250498669,-0.9414742296052084,-0.0937615721568071
0.0569429265337973,-0.976443964874862,-0.1788353334672335,-0.9532004003101212,3.39223639612516,-0.292406245045606,0.0240624028566355,-0.9381728234250972,-0.0962494934246408
0.0578561816924998,-0.9704369631326808,-0.1781071280455315,-1.151083584789412,3.4004464870017403,-0.3060500750754857,0.0238928670992179,-0.9386281246558508,-0.0947598386546363
0.0508830300574219,-0.9724113521040396,-0.1701222589449992,-1.3906644719555026,3.370275563544513,-0.2603089528478977,0.0243920010687245,-0.937796283547049,-0.0927642644588658
0.0538665251058354,-0.977131633784512,-0.1769501006026906,-1.631663209441273,3.383383084395093,-0.2621974620043971,0.0256565474183017,-0.9439773664323448,-0.0895606208861053
0.0568331467074165,-0.978104971664109,-0.1835877533439985,-1.754666590925361,3.3335644381149265,-0.2551561146597025,0.0230796770436723,-0.943816307411406,-0.092216420701029
0.0560456582014788,-0.981731788658992,-0.1753031414908319,-1.8139012926812712,3.317219892250624,-0.2023367468664584,0.0234469501507396,-0.939812619433048,-0.0948246253169992
0.0576553485241236,-0.9769832838795622,-0.178714318734134,-1.7187084431569457,3.4961114297179954,-0.2237818460265971,0.0266136254055233,-0.9429542376688156,-0.0941204617556761
0.0613422256412756,-0.9822356726299152,-0.1748448885932385,-1.5534153172220675,3.696660270751436,-0.1711298067508365,0.025081337817932,-0.9439692964550652,-0.0941974909675406
0.0624130922167063,-0.9887397859417372,-0.1666254479189781,-1.5196605898667188,3.7028395500176647,-0.1508223936092983,0.0242245677985533,-0.943884556673338,-0.0918619291643018
0.0510956897088302,-0.978841148690998,-0.1785886766649732,-1.4245107859393926,3.6179309694411312,-0.3089140724447705,0.0218466169805377,-0.9446631483873664,-0.0954557263133839
0.0523445569234671,-0.978010342468114,-0.1745476782366939,-1.2895523927719386,3.556592709704671,-0.3771547069654299,0.0232680939429151,-0.9463434253117804,-0.0967624722034604
0.0423746489273438,-0.981974889096609,-0.1709324150620921,-1.2155259110407928,3.550425637377829,-0.4029857266792303,0.0242996720705506,-0.9459415178975188,-0.0946178790348513
0.0302325199096359,-0.9774054159396102,-0.1652671757706935,-1.148909553828228,3.7105039116320255,-0.3360919523552941,0.019887671906272,-0.9419939976159262,-0.0983454745042705
0.0609803899573261,-0.9720047387954228,-0.156491199263834,-1.1881139915427703,3.813255645296158,-0.2038108426600798,0.0224077745947473,-0.9422274108402636,-0.096934991500007
0.068757025520111,-0.9728809616711158,-0.1731203394500499,-1.2526660423650724,3.776978107795004,-0.2183784665991407,0.025679014547985,-0.9420059011441286,-0.0950256490403431
0.0545934434516898,-0.9766712705567266,-0.1683202311210018,-1.3790280157903068,3.7719749867485497,-0.1756842602984611,0.0251625353987149,-0.9376189046743484,-0.095103768321648
0.0583141493516418,-0.9750638225831838,-0.1679103774881204,-1.6662741396216003,3.6517548545360574,-0.2015410277832698,0.0243625975598765,-0.9375827474385494,-0.092241582206682
0.0536306108298738,-0.9712700732961984,-0.1830919868289558,-1.8354337110457155,3.5226824268950074,-0.323106572294248,0.0241315257262495,-0.938444394797258,-0.0916466477847505
0.0529353153432908,-0.9738246125489448,-0.1684912962598093,-1.8802118424066008,3.584150309228807,-0.3593263847840378,0.0243589916493391,-0.9376373093579188,-0.0934053106310861
0.0550857062906476,-0.9800280216271062,-0.1671401237740322,-1.9728590480808972,3.515177462105148,-0.512087923258103,0.0204409315216963,-0.940497394271983,-0.0932645638164229
0.0474899209371617,-0.9846755795394956,-0.1710290607724708,-1.9353578688325028,3.421490969927896,-0.7007455986965345,0.0176914236337744,-0.9469419362661622,-0.0927658074639395
0.0510400628984821,-0.9967764699732544,-0.1704115606153553,-1.3582118996497472,3.752532390776111,-0.8942981554656507,0.0241269819786021,-0.9577372834360904,-0.0956627495767165
0.0673073873067804,-0.9972321726630572,-0.1766657518102612,-0.0358076614649616,4.101099820852171,-1.2685777751009706,0.0397876823728662,-0.9673256973776012,-0.0993747400253853
0.0770823133083703,-0.9831259022012896,-0.1741714778332491,0.871758269784623,3.873697918129736,-1.7439919612709889,0.0535956913570422,-0.9618869078871382,-0.1096420393560509
0.0766825174125803,-0.9774139808603444,-0.1924104250501092,-0.1589350385144722,3.029468060831218,-2.096120417917219,0.0561668878095267,-0.9427603064598836,-0.120632532849031
0.0765256976918908,-0.9583297861525472,-0.1936394044122808,-2.297379539265409,2.1772945424137187,-2.1037207850556854,0.0506285274969892,-0.9269288727507372,-0.1219701157147232
0.0751257635115968,-0.9409948076138916,-0.1782564011116462,-4.013653037142356,1.6460832888871026,-1.971040763100785,0.0434385407698559,-0.9166250345044966,-0.1154173756718549
0.06943561049391,-0.9443372821483412,-0.1860668287462931,-5.312935103387525,0.9600611686752112,-2.045962309617365,0.0396476310143181,-0.9078957130138402,-0.1019257858454788
0.0643569752557357,-0.9452121451013726,-0.1705911829133739,-5.965352857086681,0.4567365969285834,-2.2083234540244674,0.0382366185606257,-0.9114456264433608,-0.0951582999065661
0.0665159079310021,-0.9561006599358984,-0.1540522459596527,-5.7019883875507205,0.7195702962573437,-2.3468683701373187,0.0380504067772082,-0.9251574741231652,-0.0883786123934779
0.069302254240784,-0.9760621143783016,-0.1641553049978799,-4.870419636034318,1.6686251836656447,-2.535927555139042,0.0397963981787317,-0.9368919009336308,-0.0765023936677712
0.0605989756031575,-0.9856509495433124,-0.1718745165786972,-3.92747954371054,2.4165695143552965,-2.774201038835495,0.0384374185175042,-0.949510217002576,-0.0813120492131569
0.0507005038664186,-0.987763500575594,-0.1711602064616938,-4.141899472372326,1.703085969633905,-3.042352467942671,0.0263784931599195,-0.9556192567582404,-0.0955989748484323
0.0427572923144027,-0.969436185417389,-0.1734995257640741,-5.628800719541201,0.4975339588965822,-3.252372487963506,0.0141188779081874,-0.938740425127091,-0.0985250086070662
0.0325888774915189,-0.92659745472375,-0.1749504193191771,-8.670230060387002,0.3556633787056008,-3.649192421727519,0.0074464644765732,-0.9059757166044258,-0.089749098779391
0.0222247772598825,-0.8890103874033414,-0.1564605912294253,-15.780316652332983,0.4815699894410237,-4.166416333759708,-0.0031132251820091,-0.8726377174458642,-0.0791255801373573
0.0202467250622185,-0.8597267747215833,-0.1537678796500439,-27.303762556790986,-0.1101145017922923,-4.284867357960822,-0.0021008479603337,-0.8453320664533233,-0.0810912483350013
0.036947647823734,-0.8461409431894937,-0.1831632003289047,-40.466721561575866,-1.2841424990768933,-4.343068542553772,0.0148644367460406,-0.8366301296857253,-0.1065135492021109
0.0552902688720454,-0.8620115942487011,-0.2066877071654424,-50.605786960716046,-2.70208801258478,-4.614314290811056,0.0310805863038006,-0.8480444867863808,-0.1377539570515751
0.0700761658853113,-0.8831447261244758,-0.2387939830609754,-54.044571299564666,-4.005282969104186,-5.052507816565231,0.043984782060908,-0.8603818514619402,-0.1637175759664249
