ADXL_X,ADXL_Y,ADXL_Z,ITG_X,ITG_Y,ITG_Z,MMA_X,MMA_Y,MMA_Z
0.081648657486789,-0.9883003046616112,-0.0794910523106419,-0.4559607674299551,3.052337563283346,-3.321806166711603,0.0518280055692757,-0.9540500978069936,0.0030025518680387
0.0805816676410471,-0.9858263751426593,-0.078501626312289,-0.8348263220822781,3.2071442551952885,-2.5950861891213632,0.0493937016734068,-0.9550979778136216,0.0010893526270684
0.0715986668758685,-0.9867148065687606,-0.0674984673339338,-1.05965796650909,3.597558369701449,-2.02799301988296,0.0487212352805777,-0.948148733321902,0.0048133762005133
0.0728803531024105,-0.98481776727044,-0.0653798751929361,-1.2571127618371092,3.975219635138199,-1.5938732541025074,0.0516738959537795,-0.9460294414855586,0.0076595949027705
0.0822414490528787,-0.9838762634425496,-0.0654202588720114,-1.1333265866655071,4.215217700635768,-1.2207575284107706,0.0549968962705965,-0.9492266736066396,0.0130484097498667
0.0793695632344542,-0.9822274325295572,-0.0574021851003984,-0.7313865640729742,4.481771918156081,-1.1106409383026496,0.0559180706396317,-0.947224059934934,0.0173462823381441
0.078655645686208,-0.9812026453699728,-0.0574036456873256,-0.3031467467862717,4.694805008875623,-1.3795814907707231,0.0582255482672912,-0.9423212944835552,0.0198490744587316
0.0864931823858031,-0.9881312577866324,-0.0488832412857632,-0.1032436511943715,5.198919185335656,-1.6229715992853702,0.0637395531609867,-0.9500486492815768,0.0300713026659442
0.1071079320226115,-0.9937600703122956,-0.041374103147507,0.5713269362241663,6.132469548621835,-1.9600478132018175,0.0762908616674824,-0.9635425424862796,0.0402354224312377
0.13441858726036,-1.0030425918285557,-0.02160626267123,2.276207036634849,6.521361858001784,-2.905193703280415,0.09702863505128,-0.9749403002813076,0.0547473090492166
0.1582072802116069,-1.0123169059507764,0.0028368391199327,4.716553896791928,6.414974309602416,-4.359734132836056,0.1195778761159266,-0.9818868736669476,0.0712307886057562
0.179803134048345,-1.0084672914393278,0.006651840641028,7.3656519482586145,5.816044018746006,-6.424622118043379,0.1438013961305071,-0.9797954685693496,0.0756175956742477
0.1885155843876279,-0.9961635638947148,-0.0011964168202199,8.839383303345638,3.702811231624658,-8.920506209733688,0.1602922987453213,-0.9691584556808168,0.0636253025833264
0.1860203326685047,-0.979827657193643,-0.0465080927661266,7.254158570166113,-0.1813509502276122,-11.551753699649034,0.1607783732212544,-0.951078597135821,0.0309211758322137
0.1794661033737995,-0.9654414237504908,-0.0858319293974799,2.079009831402834,-5.272788244827631,-14.114209922591217,0.1450726982017379,-0.938519974885599,-0.0023637941148629
0.1537458750265087,-0.9598190738692662,-0.0901210752726321,-5.076302423640908,-10.080495216234908,-15.682853753103274,0.1168501193561761,-0.9325057701282352,-0.018624765312796
0.1234452243721823,-0.9691682710567512,-0.0992843370906178,-12.110106995247472,-12.8752305289571,-16.012017920909848,0.0966822174752942,-0.942060437536986,-0.0215271551189302
0.111234470699967,-0.9975453802005504,-0.0866755254431105,-17.082825358902678,-13.427173697663411,-15.683827674755388,0.0850050467307425,-0.9704896336364373,-0.0108835243247081
0.1066847662494783,-1.0335058368938264,-0.0756393227229797,-17.88743233965244,-12.331704219302615,-15.1470645013194,0.0765500488527698,-0.9987678617019736,-0.0044157353119881
0.101121873032826,-1.0604325130631511,-0.1089250852942861,-14.233868709716637,-10.049076416915602,-14.882216064306954,0.0651278644718425,-1.0240173932493244,-0.0243111249480928
0.0830571753119643,-1.0700992495288022,-0.1366891810763201,-8.152291451506015,-6.966122927584079,-15.31187333912964,0.0435941777202662,-1.0339069663721916,-0.0510039285986826
0.0694009168515982,-1.0682672579365535,-0.1326147224821691,-1.4094331074183777,-2.934553331032463,-16.29542087147202,0.034894458624233,-1.0333469562824067,-0.053123265393554
0.0698550879227322,-1.0693854742677695,-0.1211080186592682,5.411782925718349,1.4093943218468112,-17.82661102024937,0.0330175436558559,-1.0334659101434909,-0.0392881527550123
0.0570099828886822,-1.0664652168562043,-0.105644546629196,11.46987969064783,5.047783519969644,-20.398991047747707,0.0206310617615101,-1.0260261826115755,-0.0278886076999332
0.0448311376085363,-1.048472106797026,-0.0889084749902354,15.748876988160449,8.049562432561983,-23.54515661331812,0.0109638135054913,-1.0137067604975454,-0.016153589837817
0.0377161318565373,-1.0256130344457968,-0.0859739424647534,18.002415728257688,10.43320607859888,-27.16161704201209,0.0071575803878872,-0.9969390738414364,-0.012909072814104
0.0326209478927991,-1.0115822585481635,-0.0972295337226825,17.878828618104432,12.537307487854406,-31.324127786341936,0.0035731127685464,-0.9790454812733712,-0.0262407774413108
0.040143467868205,-0.9948258098985784,-0.1199756749964548,15.469973940871458,14.648278069041636,-34.61702401436533,0.0068110657716964,-0.9604948151644684,-0.0448410468748523
0.0422613907756957,-0.9726367015502396,-0.1362422610005016,12.08986761157041,16.532659129582154,-36.778241966154965,0.0133486985031113,-0.9464996677039774,-0.0601259546471675
0.0509142593538392,-0.9759811194320258,-0.1364156765303252,8.87857355008308,18.046939759085348,-38.27667782932125,0.0212101339757586,-0.9440108725698332,-0.0625331609398004
0.0696551980848801,-0.985397674747372,-0.1311541784233604,7.472114783311846,19.17734968359786,-38.93857227915954,0.0412200007730025,-0.946178849849878,-0.0535544318436163
0.0833187586325224,-0.9829117372650454,-0.1133487641290643,9.253309228076631,20.354940754353777,-38.499235799123234,0.0531746008273336,-0.9456496140804422,-0.0383513061136961
0.0985109294823476,-0.9856464680600556,-0.0839467082877544,13.853033101230452,21.459858906843703,-36.72263881380045,0.0636795430859779,-0.9405019611409654,-0.0105841196565376
0.1091642367564873,-0.9793921961749266,-0.0682712075731863,20.41037497689569,21.43028733251296,-34.78820461130912,0.0866893185881992,-0.9352869591565458,0.0102206887555438
0.1231334579610788,-0.9685514282143368,-0.0704712394284572,26.769718016232797,19.867097298456223,-33.46327949003425,0.0962959627976247,-0.9272181690463248,0.0061340202165122
0.1352816703784929,-0.9638563128624408,-0.0654359494265182,30.879876622390714,17.963239550989794,-32.4753937777727,0.1052654329208807,-0.9274739386049178,0.0075513879551788
0.1376177203129289,-0.9625191027334392,-0.0579615702676784,32.43553078399505,15.877663862296572,-32.50446822846996,0.1137325825443967,-0.934446620803066,0.0204656616078023
0.1345617229248603,-0.967936858451899,-0.0601438510207467,31.199191884062955,13.040165934113803,-34.05754384179775,0.1027960292738827,-0.9349681581598888,0.0164760636003303
0.1181420425354209,-0.9795880042778496,-0.0581070677500043,28.34777839446666,10.510409015739905,-36.71421100849527,0.0923929888340727,-0.9512364042617036,0.0128140743246266
0.1189635838918518,-0.9994155443537044,-0.0539623521429874,25.857317171905027,8.55832298034518,-39.87195396710952,0.0908120664239135,-0.976327395661548,0.0208574812854765
0.1282416979969235,-1.0227532055069393,-0.0538529974934504,24.75063232595222,7.392272600002186,-43.59950764815335,0.0900043234192111,-0.994423802951958,0.0253945539255319
0.1226557720346775,-1.0336588302327223,-0.0424230321291932,25.4035409608056,7.250653563622027,-47.59673414122854,0.0933558660643817,-1.0086074685009443,0.0339177565116445
0.1387345194345345,-1.0289166050055545,-0.0127060822172446,26.14439083671688,7.628237461257333,-51.11522524037585,0.1032013880813538,-1.00711524871613,0.0515869890363239
0.163854824145663,-1.025695249833241,0.0210001735017519,26.551052200770933,9.139257463562805,-54.14066019651326,0.1201238979739722,-0.999476283577463,0.0838990620719293
0.1801977617418934,-1.012788163291653,0.0366193988568428,28.94556363117896,11.277718872462998,-56.31004792073875,0.1426445619429469,-0.9830243275798268,0.1147450215905803
0.1951322754471695,-0.9767782717485196,0.0358509168770074,32.29481478897684,12.749454772860185,-57.74106754323826,0.1621071493256179,-0.9432049930684792,0.12084765588124
0.2126060153100306,-0.9448989994097574,0.0528219660128633,34.15669192096697,12.590719878916568,-59.14169445762532,0.1886882390894935,-0.907598003958496,0.1280831024155209
0.2396897659627179,-0.912722730004972,0.0715001313456017,33.97891104260888,10.17900102458808,-61.04377399030653,0.216678172422054,-0.8834190783161529,0.1408987948698024
0.2543117292684577,-0.8663586356928932,0.0686269774381297,29.759798190585325,6.686045794843243,-63.4727627730233,0.2248465216743662,-0.8502286483531603,0.143218185253228
0.2590321106883107,-0.8444878722839679,0.0653278213619384,21.40899732334425,3.1482029890461307,-65.40728057433803,0.230231487507183,-0.8284685713375209,0.1408084414509467
0.2659722757863945,-0.8569090663143888,0.0623460353871237,12.54817371590452,0.5337428538042457,-67.07915661844446,0.2382246500224817,-0.8344878580815234,0.1364771910748668
0.2695068074873186,-0.876786936669393,0.0639493203112832,5.93654244457239,-0.4094861016352705,-68.67619762026744,0.2394119026321655,-0.8518324997448019,0.1427462202070608
0.2819974199448891,-0.9162428863496718,0.0734643091017637,3.934989953775449,-0.5401296735232354,-69.39443353365873,0.2475828328139149,-0.8809714598598101,0.1635074683309345
0.3150295638377325,-0.9610412446549425,0.1016677718680846,8.096165852428964,-0.7604721543108922,-69.85715095652735,0.2741932742442803,-0.9135504643651686,0.1866241289869238
0.3538963669814853,-0.9657625511150184,0.1355064245476895,15.663026223537836,-1.178055116107097,-69.99780504284116,0.3073010985960193,-0.9223334712654792,0.2012962451224079
0.3951460843170163,-0.9494852137141564,0.1363165315977011,22.65014175854373,-0.9758167656466888,-68.88142754559777,0.3446788406273902,-0.907152096337814,0.2052155522231501
0.4361419607542733,-0.9260017365663152,0.1271987764017584,28.239412415338965,-0.3425284055507073,-67.13973887815042,0.3815998672054225,-0.8888206116389797,0.2016501285216453
0.4550115531231491,-0.8986611238878305,0.1219730902937934,31.918317583299743,-0.0589779666625334,-65.69072884973248,0.4031752770316049,-0.8767619542294369,0.1957070645065061
0.4776662767532534,-0.8908702654773855,0.1284408655771137,33.52669682888861,0.5837946544031418,-64.24914431207365,0.4321777452677978,-0.8676098326698783,0.2016750515572429
0.4873783749860472,-0.8808173213772925,0.1492687911796427,35.10316840918932,1.697695556711475,-62.4110449480476,0.4434018482788661,-0.8574978522003794,0.2191314526393326
0.4792266152720512,-0.8557882295690163,0.1610574667086481,36.159397760860536,3.019466252382397,-60.58907743594667,0.4348775773084117,-0.8331466257167439,0.2368239690704659
0.510147146520109,-0.8157836178234341,0.1702408740130488,35.47245182386897,5.091378190332993,-59.14046286526735,0.4620004144678382,-0.7965709209176051,0.2381551678266891
0.5364825784332432,-0.7720690479531571,0.1538876029604485,33.5340027791262,7.809731230358165,-58.34210550030842,0.4858432326968839,-0.7668947960783494,0.2205710578689828
0.5572635284232671,-0.7492835700271278,0.1145124191287566,28.82942566946388,10.225222739931978,-58.40124737216333,0.5109770474496544,-0.7418770362666752,0.1910287492734359
0.5942108979684434,-0.7299370695679246,0.0935324189133121,22.01660190004368,12.21520903203642,-59.25169020464895,0.5472609829107691,-0.7199922357938178,0.1558468297285924
0.5865238167908053,-0.7183579187888113,0.0740495762665375,15.804685404712478,14.62917125440718,-60.88254176620288,0.5380132430551043,-0.707007536342457,0.143279934448612
0.5689219181315592,-0.7326304910401598,0.0641223824894674,10.951772643963562,18.066743938193145,-62.06288459359431,0.5218635425478508,-0.7130861560386419,0.1500132544745462
0.5875922608130553,-0.7509240411008145,0.1035640066471,9.725312986819526,22.50692751929603,-61.99083551239484,0.5331270224984965,-0.7277942339451708,0.1751914139451835
0.604027477031266,-0.7365249527537545,0.1470945576099541,11.767824586239133,26.19702375034885,-61.71645772991531,0.5516294166690503,-0.7112617664341582,0.2110849425250427
0.606660462200942,-0.6948706232233994,0.1538212959739848,12.492807588007834,28.20881918610178,-61.16886649212623,0.5610653857434447,-0.6821472375447268,0.2243408155586279
0.6115634697093937,-0.6823986719105943,0.1775249823677991,10.85432913087068,29.75356151371429,-60.01849315979023,0.564315228440921,-0.6746935240872666,0.2414745045085382
0.6307900945994241,-0.7095737184338473,0.2096252263444296,8.921792776225177,30.459327139994848,-58.53418538170009,0.5833426773012589,-0.6856091864103501,0.2635373402968302
0.6562406425915437,-0.741850767084598,0.2056880414005277,9.154444407566832,30.34443900805415,-56.74620875946233,0.6004241895690998,-0.7135163423021484,0.2663053289779221
0.6640455200834895,-0.7591907171981461,0.194679294291872,12.610059262450076,30.300277364225337,-55.54745303384352,0.6088713417272317,-0.732662597278413,0.2580517985104332
0.6663277142379412,-0.7545044284608122,0.1794194159699721,16.94268510548923,30.548877069325485,-54.85410441872292,0.6168037486180572,-0.7309451674221032,0.2431089872412827
0.6811807173556247,-0.73262311187213,0.1606106495862513,20.78332897559672,31.997495949222703,-54.26873433306599,0.6265302937475072,-0.713852718147538,0.2312363306959697
0.6962512084426237,-0.6999950725221826,0.1533599193935395,24.351200320777902,34.052991888481166,-54.40709342345207,0.6393168049150795,-0.6795385875429687,0.2182466809115024
0.6893923481873152,-0.6654887449067259,0.1569137462400154,25.857499584739,35.79805126332827,-54.62698220366517,0.6358540697120674,-0.6507013303226703,0.22231757561798
0.6940144748129549,-0.6525958480824439,0.1758859401421832,24.85173179122746,36.97194778992351,-54.728946396735296,0.6466628387539475,-0.640648344042016,0.2457619610831782
0.7252573573953731,-0.6604331342813796,0.1855366626050784,23.25589594250616,37.36799102488381,-55.24194957444509,0.6745411971809099,-0.6469030712530792,0.2519279160211309
0.7207843731219884,-0.6659061704335477,0.1943916658058674,21.096140278347523,38.11046138807428,-55.87538131776655,0.6756984221694888,-0.6562931587229882,0.263281626945048
0.7226384083395092,-0.6711785467915744,0.2149850010628564,18.745463564890255,38.52991175323316,-56.62878015687368,0.6768797295003822,-0.6588162460701583,0.2796159604979589
0.7361900567790272,-0.6720740684450267,0.2196854798804064,17.704352079939756,37.82504362479829,-57.526125836246415,0.6815719812275907,-0.662877651603534,0.2823110466870142
0.7086782109601087,-0.6799221325134815,0.2253701446000572,16.72405766243282,36.62146023880301,-58.609750854844506,0.6716251479151334,-0.6675305585135833,0.2934842971532576
0.6988608293115541,-0.6919770804613332,0.235112617484654,15.384812369973806,34.931437992113416,-59.844106051381175,0.6592558392324641,-0.6709514536174552,0.3008729602373136
0.6891679835713566,-0.675569075541722,0.2332015634195055,14.91753479524058,33.53823932971205,-60.83954263918093,0.6402572751769081,-0.6616147043338048,0.2991950604449434
0.6641307950050971,-0.6575318886996082,0.2351160558950746,14.604126590629578,31.98298780938108,-61.54759945634755,0.6197017896566378,-0.642111198525765,0.295979255097054
0.6470085551091731,-0.6438987712189852,0.2346823592208201,13.828868796408804,29.49703286402433,-62.19073990869956,0.5990727945000464,-0.6337988924688387,0.2930425209686141
0.6232056634487655,-0.6318508271564295,0.2459554359009172,12.492890511359144,26.76952939675626,-62.78810755542767,0.5857189930795916,-0.6272861648552863,0.3071368065005943
0.6227973363846093,-0.6200845528243015,0.2738457345490239,10.944684174816286,23.34140787231308,-63.225817506816526,0.586824338235493,-0.60902128257744,0.3237286922941421
0.6421179694478679,-0.5770735131808935,0.2559332529627083,9.644025439096612,19.293557326919156,-63.605413051075175,0.5959766854963027,-0.5720811517111544,0.3172849503628703
0.6668385844738821,-0.5353376646559261,0.227427842599439,7.159229641794246,16.553405648171005,-63.45216361170876,0.6165847373288724,-0.5316262008347034,0.3026715446770193
0.6731504998013116,-0.5280104605346763,0.2460677851575008,3.431978570480207,15.682681838993089,-62.794488657579336,0.6219799810603986,-0.5247991837160761,0.3099918365955725
0.6673992569567668,-0.5529342172514509,0.2645733266153562,1.8482133241918923,15.700323954709567,-62.28692537124858,0.6197470976806895,-0.5454979996817255,0.3287822497087498
0.6925301967898356,-0.5750741988603454,0.2707008881288099,3.948617211903004,16.406942290507757,-61.542783996832895,0.6469040951541046,-0.5598062831497619,0.3364415042778468
0.7134146712066565,-0.5698978712457549,0.2786921406565528,6.580288099554451,17.17759491952436,-61.41099927781279,0.6718937208097566,-0.5589424856199079,0.3483876752213596
0.7323096765688837,-0.5568006357386521,0.2989264951807142,8.294011101770792,17.52100722644202,-62.45931079798917,0.6884000363702649,-0.5482849443848377,0.3707198479324
0.7647314904666308,-0.5310210141695426,0.3254986707715552,10.44145409080103,17.71138985356853,-63.58756687964654,0.7233099784999132,-0.524330531307452,0.3908270517942239
0.7831763654520382,-0.5037034669654857,0.3342249534665134,10.944948730208464,17.063371603700826,-65.28173542340019,0.743670837705457,-0.4962166161723226,0.4039234500835875
0.7825391044231951,-0.4872142610337184,0.3280923336991681,8.440903229671068,16.054257093457654,-67.75119075527836,0.734244390007603,-0.484104351440433,0.4020105017331636
0.7523812047931744,-0.4903892709578323,0.3276953425301605,5.794319492985691,15.89704641259172,-70.39844870058948,0.712950340162094,-0.486280547984453,0.3993210691372076
0.7097698039992385,-0.4916541152195508,0.3596922770630758,4.047448145631386,15.875808496585298,-73.31019262023585,0.6758641231878738,-0.4852701783560725,0.4218054410880035
0.6900058739892367,-0.4801926671158487,0.3825348390831951,1.9969429975835185,15.291845076480184,-76.1644661312225,0.6453373806750974,-0.4775278676267326,0.4471207553646795
0.6854408848715239,-0.4973250706661534,0.3700098781618547,-0.3224661023570762,15.20217290569163,-78.56775737496672,0.6367725236969549,-0.4813040869701802,0.4435471923003464
0.6897442805191265,-0.4966859501470322,0.3711149178935011,-1.9160256979264767,16.651254895543712,-79.90317673704506,0.6419093363303676,-0.4852051249144619,0.4324438675832861
0.7049669360082129,-0.475114473928061,0.3630341583059432,-1.9480775577953469,18.800024466849266,-79.97553942655215,0.6614225526438609,-0.4718676812895216,0.4284778713566042
0.7201897025870564,-0.4812715928925038,0.3317603735868752,-0.1689545947156238,20.03504901887504,-79.32449461540844,0.6813777681414038,-0.4679697094781456,0.4105482308269067
0.7512501727707601,-0.4864991222935462,0.3219302989448284,2.344594115971764,19.86261625406497,-77.46583278164287,0.7110576425976431,-0.4762956866954159,0.3913222935842148
0.7855491180304879,-0.4799520987081347,0.3184934060917122,4.107952425047029,18.908578583941303,-74.48045350138463,0.7427536650883588,-0.4735119527609047,0.3880786580436387
0.8024290817270368,-0.4623179165734647,0.3042412651899537,5.594787865772,18.125076580142263,-71.61104993277173,0.7540255473737396,-0.4601323361768801,0.3792385959744651
0.8121019036504831,-0.4499779303292806,0.30509253669175,7.616746232996146,18.719636263820885,-69.09627309689775,0.7620465322117382,-0.4467301587533321,0.3755385904191284
0.8014504993439587,-0.4402721391126197,0.3432584645001872,9.963553301114446,20.83607160066669,-66.9693772950586,0.7580434925956152,-0.4257812612815008,0.40745862810722
0.8012079031594921,-0.4166529731167687,0.3818362759972308,12.671468181510145,22.1817392330127,-65.03859684199853,0.7557445337194467,-0.4034535242297418,0.446569969143095
0.7914591967714539,-0.3958743562090884,0.3935064916560673,15.664693266096451,21.57166674609253,-63.3679654782316,0.7579967787488923,-0.3935851352324229,0.465200354049408
0.7558852902430135,-0.3684263460860284,0.395929239913195,17.925771027538737,19.44611787576704,-62.59533183482616,0.7289879023311786,-0.3738816801923824,0.4619351110803039
0.7611021104278441,-0.3571337163365854,0.3691645919790166,18.311525773814378,16.300104774743676,-61.891472993092805,0.7210208264644761,-0.3547897906759848,0.4421075061245437
0.7529268727709845,-0.3544869910529798,0.366056151667958,18.579446430459463,14.177535450424102,-61.44620119133794,0.7256502960712975,-0.3462648146502771,0.4462968261664741
0.7319311008696272,-0.3251854090161872,0.3820094255797696,19.67926524066476,12.445417738006128,-61.99258339107325,0.6915114227363048,-0.3275183179826916,0.4502241143017259
0.7235961813144127,-0.3090348873054059,0.3760329910584082,19.89802820680453,10.534519977412277,-62.604360307483006,0.6858774346798785,-0.3092488313703316,0.4485470298304904
0.7469668860532754,-0.2854823367408376,0.4163433428550379,19.84456677552287,9.492287568486391,-63.44530242321533,0.7222327314991959,-0.2835742448250446,0.4870238777800622
0.859426808328759,-0.2090532540644714,0.4177632657112265,18.820609294022365,7.560128303263353,-65.09934236550143,0.7998317243559371,-0.2194531957024672,0.4857562227975163
0.9037515082904866,-0.1097745331856236,0.3934448403935587,15.41240179332894,8.81359690099573,-66.34862484900147,0.8919837187800165,-0.1134398944254511,0.4616130146322107
0.92484664974376,-0.0417224144785359,0.43240785332098,10.770795164486552,15.344069314608133,-65.65010929603541,0.925641936512936,-0.0365181440223636,0.4902618921952307
1.0293816225626196,-0.0251432718403913,0.4382876570408175,7.628885759269997,20.807189075009617,-64.2443293522919,0.9719230130370748,-0.0345894298286829,0.5072781240839668
1.0746067304854905,-0.0295602388046369,0.419626229531914,9.884502881182057,22.60872966930607,-62.86875662786344,1.036842602961531,-0.0440153533136307,0.4936040125738667
1.119654291910438,-0.0227306538201905,0.3658442041269274,16.148359669516914,20.23195790974069,-61.34292016168914,1.0806012188961198,-0.0296551516839778,0.4356441532916797
1.1596135032780797,0.0385310109828603,0.3007067485176162,18.802688291306364,14.94434082627221,-62.54328687654615,1.117550249803446,0.0208532061837384,0.3713603244199049
1.125824184961636,0.1228092985791579,0.320925761314488,13.544359689008772,7.048912875349523,-65.5944996756291,1.1030164961877216,0.0890665300861966,0.3818928931293259
1.0683532300695695,0.1806349290082096,0.3446066473272406,7.912183194019725,1.059114083495453,-67.30337510047147,1.0325396181466728,0.1487500112819831,0.4150193512854027
0.960462787887812,0.2660071653224962,0.3566430967945823,8.067987268205838,6.636183107298024,-65.64153899857136,0.9129930261532272,0.2411584642773251,0.4333015324542326
0.8488133567998555,0.3511938122874796,0.4154008455816825,8.148065091349737,17.05436027856077,-57.23894749395655,0.7998382240691511,0.3211387861606336,0.4727862702078155
0.7296696856518061,0.398911647213411,0.4998975033936061,4.04378272960628,19.307257276823577,-44.99808661152871,0.7072533622835693,0.3564626668249384,0.5632937696766527
0.6567111209049713,0.4325417286255217,0.5607915834584599,-6.524928503371774,10.926739542114564,-33.922266769150376,0.6396339881374169,0.3829111688534667,0.6382644147113986
0.6872880645191735,0.4013492234202526,0.5531228806888633,-20.070807010993484,2.32473600572776,-26.217641440707503,0.64604521402653,0.3628734153453015,0.6164848623110593
0.6120309618360219,0.3231286224192243,0.4982931551692728,-26.274720432490792,5.751705170891885,-22.631151365576688,0.5736313145144074,0.3022943600743991,0.55538963106466
0.5566055485127295,0.240330118553652,0.4411528948569919,-27.418669943644534,16.976131229286622,-15.463359800528153,0.5089993598848519,0.2218251683975249,0.5072732931278752
0.6978879918542588,0.1225225387080003,0.4391907472803923,-30.14325261851565,31.90876853638176,-2.689736025384821,0.6368994991270454,0.104202725630675,0.507400846530241
0.8224557694905745,0.000682155508371,0.5130626164459378,-34.081820596532054,46.6233424303892,5.927103270666546,0.776845006165814,-0.014432946574974,0.5886833626445976
0.9005289561174865,-0.1174706833406915,0.6093743077251944,-37.66472176987786,51.10942778898067,7.464743451700842,0.8737257438122065,-0.1145391799327316,0.6792106452430859
0.929873183073078,-0.2414478231884085,0.6615676161219219,-35.43972264216205,40.77270035445352,2.719292520818317,0.9151251840438676,-0.2228880787771627,0.7168010606379243
0.8887868940515529,-0.3324880363701527,0.6354961647028154,-26.17984395055444,14.431930433633894,-6.742503378062162,0.874271321941629,-0.3128068429516508,0.702603079735459
0.8798224213441082,-0.3801489051576954,0.5943601547144401,-17.345959603433688,-14.868446565301598,-14.03085480875552,0.853979037684072,-0.3639177756918422,0.6602559491899881
0.8672489523554556,-0.3868430791405956,0.5615311570061011,-10.746368452332174,-33.42024469416349,-16.16530985775975,0.8308402296877532,-0.3945399600281686,0.6239437712826766
0.8373488281714816,-0.3778866426061399,0.5061811320912258,-2.9451710426904927,-42.00551677404617,-14.867061966333392,0.7889634124573555,-0.3768625954973615,0.5787185928372747
0.7957098491594721,-0.3468919728568597,0.4577346910638922,7.080310169286852,-40.93995555526229,-11.199298341299352,0.7407760949481008,-0.3337050172584503,0.5244517922152346
0.728066279816522,-0.2842540582528304,0.4225557285655729,16.006098006470577,-35.62282951981284,-6.260800356104258,0.6859955704358011,-0.2866663797143668,0.4910770531572381
0.6948065301412929,-0.2238354794347218,0.410908339719201,19.39251020527377,-32.01732572060776,-0.8861782180849167,0.6580934181737004,-0.2227542059026417,0.4739895473677031
0.6913586580011541,-0.170097167325302,0.4194386592394811,19.85022941562308,-27.985801761775477,4.330797431347687,0.6458911717418061,-0.1770993488037487,0.4769504133398513
0.7019575684534411,-0.1341390910639711,0.4225123036765516,21.44409591983991,-22.481293775730908,8.431089940198564,0.6614385448997114,-0.1391678440082546,0.4899691921761512
0.7262095951864349,-0.1107953347791462,0.4263862235723119,23.324969740662727,-18.45579559226209,10.309587919443931,0.6927061900317738,-0.1125817948346964,0.4887314562452717
0.758054414046087,-0.0815803501303013,0.4089404521034194,23.5319375152586,-19.23710355537723,9.9778346344628,0.7234692032420077,-0.0979588039392707,0.4697760306095185
0.8251196384460842,-0.0540882546201631,0.3732466933856698,20.742863920706032,-22.465270410359988,9.23424276795144,0.7838129027151455,-0.0718424341771312,0.441987317931001
0.8895055770290953,-0.0469023411356925,0.3433102657884167,15.41959661702066,-24.73679735573237,8.64720397290071,0.8436509015715083,-0.0672319111902102,0.4230631738462869
0.9256356915978856,-0.0609640708540349,0.3303193793065369,9.58984581663784,-26.419605491041672,7.902368800387398,0.8853052801571841,-0.0792920905788739,0.4105814543842676
0.952119485854364,-0.0761864670329347,0.344147642041713,5.207223207903912,-28.130101496254788,7.993492334120819,0.913209053828501,-0.0928233619016883,0.4119709977894621
0.9555584838358324,-0.0991707626561848,0.3526167873329837,2.835717505305956,-30.903276294511485,9.214793720791596,0.9233812175908024,-0.111194299274752,0.427542751902213
0.9716425107995924,-0.1246972650401027,0.357817274900315,1.8035615593162493,-35.88556113429939,10.48569062150629,0.9427796515223076,-0.1313131500732305,0.4285383664313501
0.9877308131509576,-0.1464775847591086,0.3604741885639671,2.157491862410445,-41.23962528339777,11.1369799607252,0.952427051455003,-0.1545866791690209,0.4200281118655642
0.971784099529641,-0.1587981641496288,0.3191190237627042,3.5674091015299534,-43.89173607647083,11.367275832832114,0.9407802653529886,-0.1656976427878825,0.3934845569790569
0.969159544968028,-0.1535297305085943,0.2819757912863625,3.7827796623639713,-44.83740232423457,10.489149603407554,0.9328594849832648,-0.1687982105144658,0.3521245691259718
0.968804554579052,-0.1372021614082609,0.271303854880939,1.4958039832576169,-45.08401414924239,8.441062572164222,0.9275000639246164,-0.1584251945285696,0.3341693674891414
0.9791718529791408,-0.1105113744240524,0.2357799664106363,-1.0049381373381938,-42.800386426371325,7.385710699443051,0.940787994951245,-0.1293999481999646,0.3029768220897398
1.015498853315102,-0.0997711285925038,0.2006375829158989,-0.2912295477606734,-36.98271955762253,8.135883041648118,0.9672598034226968,-0.1086312677997278,0.2571797917518539
1.0427769238962223,-0.082939552196747,0.1844425689470758,3.664390552912935,-29.54596580564928,8.96411918239241,0.9900928612862556,-0.0882870305235735,0.248719017609257
1.060945272801269,-0.0441144029538919,0.1726001637298099,7.872998475365822,-24.062300390296183,7.863025744038914,1.009772206604147,-0.0559263033400535,0.2405041998001448
1.066642499335508,-0.0120267408011426,0.1518818562379973,10.681953538178773,-20.11041682388297,5.035649738670228,1.0166623078143109,-0.0245822287426732,0.2152238971699109
1.0601799242233487,0.0235034539209238,0.1285194629140102,12.173936179301208,-16.379665300831533,2.2545381573774903,1.0184353871350955,0.0041393955167186,0.2035703072792296
1.039107199629617,0.0438188600747002,0.1363735022666284,12.299515363570556,-14.459161388040414,0.4002680286859505,1.0038426578069803,0.0254091193625831,0.2041182416741332
1.028879729083117,0.0470647223343309,0.1447965401783574,11.208964335605788,-14.297272319756166,-0.1340614875313433,0.9896592219514618,0.0264124652396359,0.2113089050709796
1.03514287983967,0.03286653009455,0.1535168526785997,9.052650388128994,-13.586529850824816,0.3623458194375764,0.9888438371540792,0.0111168271224111,0.2234591613055526
1.0243321050376366,-0.0013890314044884,0.175419346381069,5.50492967957282,-12.026775207204642,0.8604534460098019,0.9765443010966158,-0.0150723471878901,0.2356644228206568
1.0149814345857235,-0.0343575946062073,0.1811871580557355,1.3023785236554704,-10.932716564573369,0.7552685286577842,0.9776816512634487,-0.0572597742804331,0.2428588050169933
0.9764317150439824,-0.0914422244451225,0.2063770524887728,-1.770927361841998,-10.631158190001663,-0.1139895708382318,0.9472705666135716,-0.1088991452531097,0.266719386803727
0.941663065539052,-0.1461881851005061,0.2428660520648995,-3.690435776639168,-12.234019950628229,-1.4873494290505085,0.8997665479362906,-0.1500003386226312,0.3020984016849221
0.946260594032388,-0.1640258140571223,0.2610525480313425,-4.744493228748223,-13.198773971432438,-3.0294102907377183,0.9030937527840024,-0.1709412388108672,0.3192713334714024
0.9282386910314956,-0.1617817984326513,0.2860575772584923,-4.249992906292117,-11.215187900988344,-4.636501309181165,0.8885542406276767,-0.172774760122833,0.3515827317873227
0.9312296634413484,-0.1415222935473358,0.3043408010511704,-3.004642487710653,-11.235017353910248,-5.813506216159517,0.886486732921021,-0.1511433965130494,0.3788898843760812
0.9253409216286512,-0.0990985651916829,0.2937121820775589,-2.0528483559591115,-13.575055995242668,-6.593905350534309,0.8880174823609461,-0.1128670940947101,0.3573488890062362
0.8842249638234431,-0.0447761228496374,0.2688303231869178,-3.3584025085887204,-15.034023928288994,-8.0121461475492,0.843953676732366,-0.0720865902350317,0.3315740181329437
0.898190548454123,-0.0130436936633725,0.2415043059988627,-8.148576832515557,-16.543723276983748,-9.78726840148731,0.8500054983417235,-0.0330978551557162,0.3056051289900341
0.9225335547278378,0.0077800012285726,0.2019052980502632,-14.494177619931534,-17.052318779851348,-10.98271698328794,0.8700584520646978,-0.0060776871152171,0.269530007804966
0.9165611850891932,0.0177818167643821,0.1785656909775688,-21.98523556378898,-15.858398086368409,-11.024194893947776,0.8682995749712107,-0.0030303554647512,0.2502176031577122
0.9424361452830524,-0.0011626894372081,0.1816753491486748,-29.545430497416472,-13.807350985003772,-9.03329535929658,0.9045390591446674,-0.0210287601768107,0.2428874829257954
1.0116975098103271,-0.0380624278830863,0.1822870673392261,-33.62097928039025,-9.67778582502283,-5.682508280596244,0.9694504215517716,-0.0594657782568824,0.2426643597497575
1.0750064563450277,-0.1133963557580039,0.1865932166978894,-30.85418654293005,-5.178929615115609,-2.5443825386402703,1.0315346741710574,-0.1165926817972039,0.2475008510837273
1.1098812609858837,-0.1775309265500469,0.1903946907573335,-20.595136004340908,-4.3667621214920205,-0.7154765606424144,1.0592411837763755,-0.1642368217675444,0.2539495758211694
1.0976522203382602,-0.1924374686554826,0.2028498264704535,-8.014549336549713,-7.130050377776831,-0.9221529379287964,1.0532343412169134,-0.1876769743103497,0.2699293636356372
1.0100516995492683,-0.1996971470363063,0.226429169383484,2.441340086241228,-10.708889016339755,-3.088088064108422,0.976636774555566,-0.1955239567198263,0.2904720730911774
0.8859771207828169,-0.1872537649198236,0.2419594692217502,8.804586058780494,-15.399625377231684,-6.685366952947108,0.8468015713929665,-0.190303204789203,0.3041883671687165
0.8200145019214964,-0.1561299372498442,0.2424244574082628,8.566335785142988,-20.819206224799608,-10.460628941519882,0.7860166913955865,-0.1755177084403017,0.3114426873146325
0.8104861501925692,-0.1466602602194364,0.2440535584478947,3.1123783776203124,-22.152287109415155,-13.161413935913563,0.7612875187820101,-0.1587744119662079,0.3191451215029676
0.7739762622872026,-0.1345561969252576,0.2787526986541609,-3.869220715737646,-20.351012176000268,-14.27948808190069,0.7397494346480749,-0.1471470018871386,0.3350931705405775
0.8244949796848657,-0.0918316131884195,0.2794405703286023,-9.429209588144436,-19.823372937072925,-14.376235608895676,0.7945500622648002,-0.1315580270939029,0.3387461970664571
0.9651394424729968,-0.0812351029128473,0.22276866873745,-11.54520862670792,-19.307889905438014,-14.382007088256328,0.8827540292636278,-0.1109175396512158,0.297260105601734
1.015087804444677,-0.0872368036499411,0.1747814094929385,-10.610937133925832,-18.44198811784531,-14.05891878448132,0.9559472247320836,-0.0930297752288554,0.2374762633892627
1.045177073156193,-0.0621747195695045,0.1108180801154271,-8.076464929323507,-18.27027369394712,-13.291032039067533,1.0123948629893476,-0.0807564837363002,0.1769438392721472
1.0845959270610677,-0.0612611764468827,0.043657698673802,-4.953681280746195,-17.727123497729195,-12.01307287737511,1.0349480160802909,-0.0843149524212691,0.1155879942155594
1.0712279620709426,-0.0822669499475275,0.0223188294271158,-1.8971231208536208,-14.95889762429725,-10.407136646139422,1.0232207718802666,-0.0937161313795436,0.0871655983959825
1.035941449610918,-0.0987098548323114,0.0237244935550839,0.7917621241698618,-10.427759170104418,-9.2407787468032,0.9843669047850276,-0.1109554672276405,0.0918120208702174
1.014182725412311,-0.1152749146792183,0.0471441167283727,3.323400164898945,-5.882027362203476,-8.60206463027293,0.9683542246475224,-0.133226438145438,0.1209011054113708
