ADXL_X,ADXL_Y,ADXL_Z,ITG_X,ITG_Y,ITG_Z,MMA_X,MMA_Y,MMA_Z
0.1122491673161203,-0.8759561105695897,0.1190027450128614,-2.2854152965285657,-3.511988293468494,18.406504079619584,0.0977211131683318,-0.8977321597813798,0.1461096356385398
0.1380353588398077,-0.8726999706140497,0.1124765291518281,-2.729901841362852,-1.509210814550938,19.112476288644768,0.1277892973777061,-0.8991952561787103,0.1345604685400364
0.1635622407305265,-0.8763752314427252,0.1165269836452955,-3.423328034411312,0.5304222892811776,19.810991948262973,0.1422716263755674,-0.9002947139840993,0.1411111785870309
0.176176656078613,-0.8787357123462747,0.1255220434701418,-4.818806975510886,2.6219555791919333,20.53384167387477,0.1512745156830375,-0.9029628401419272,0.1523882264151367
0.1731014493233971,-0.9032132624771196,0.1319199936633885,-5.981417317806606,5.483358551148978,21.119837198615787,0.1524992155355362,-0.917337848670341,0.1670080893882097
0.1700810975950564,-0.9170904141567142,0.1394568198357532,-6.064089514638087,8.646474320076107,21.319527811627417,0.146547753011865,-0.9292364421669428,0.1730649807056201
0.1698015957602819,-0.9040126149048168,0.1382412949562053,-4.992723750956829,10.863091087413844,21.185195050480356,0.1485407631191161,-0.9241979840702071,0.1642633914548426
0.1664892933707028,-0.9018030043974165,0.1370821531581998,-3.7048444492584425,12.37371701945018,21.003237647866158,0.1478121581211166,-0.9178750500449022,0.159901437549911
0.1482042616013549,-0.9018832859485094,0.1441444823662265,-2.990047948427028,13.297855534419812,20.86928690714977,0.1332150426873524,-0.919537064098388,0.1653774714459986
0.0838785519252394,-0.914284439601937,0.1551315751078011,-1.37408485976317,13.566148807120149,20.867755869831708,0.0797021043782075,-0.9290173288566684,0.1778860092193229
0.0109719919024729,-0.9177492162678048,0.1777864266320811,2.0156666568680506,13.471531082865416,21.001187000849097,0.0133398159726471,-0.9268865578958786,0.2007924116873174
0.0011557306842777,-0.8821352726491511,0.1732324106863936,6.162414972975595,12.6191703301285,21.166520021799748,-0.0005228805544936,-0.8994985568906779,0.1964716609905543
-0.0085179586152129,-0.8651476008686599,0.0998224627769059,7.221029983417885,12.895393378826435,20.681749378608902,-0.0161483394119877,-0.8866646161952507,0.1228877671637413
-0.06099221107837,-0.8997116069779967,0.0716328966722988,4.170683950066952,12.229381151519137,19.683693810575043,-0.0628309269981917,-0.9191198655606948,0.0914861908027073
-0.0775310883881214,-0.9433751998168683,0.1192212961517582,4.92554243735227,7.70746716075276,18.36676828802516,-0.0785054577442005,-0.9565806936010204,0.143045661699333
-0.0778210094399925,-0.9281844090393164,0.1286267691374463,10.30930898831831,4.526733273884533,16.113625329227055,-0.0807863076835906,-0.9429514216282148,0.1557564484213233
-0.1045358058525408,-0.8910766373679561,0.0827923655085704,11.601159838044252,1.277850437974435,14.889657059145412,-0.1018374157138375,-0.916633734641122,0.1096589553063672
-0.1293589893280865,-0.9428840669537036,-0.013655390871537,4.7957130279262525,-2.8951229042619744,14.544942778693486,-0.1347173006890754,-0.9696524609095148,0.0241065982020634
-0.1517448180681554,-1.0852901438675189,-0.0613733870767086,-4.404715544616869,-1.2636209754499266,12.353642016027402,-0.1580622653394691,-1.1032269641261374,-0.0247508790000595
-0.1478008351638365,-1.2081797622088002,-0.0189540478900076,-4.685943911452845,0.3591911810917798,9.68513481199195,-0.1496978620272726,-1.225633744732605,0.0072488104041007
-0.12768056289732,-1.2191998569040865,-0.0149641924019182,1.5954467764585565,-2.577089028017439,7.8852272115250495,-0.1306119393935269,-1.246394058771977,0.0127802917229314
-0.117638613281329,-1.1668564915164414,-0.0649319655316648,5.2835379310289685,-2.4870112107459468,6.558655047718224,-0.1175880854656971,-1.183662379976111,-0.0357962672820725
-0.0953997440210754,-1.1150036611878007,-0.1423857480044726,6.26881719633172,1.697485834753741,5.070934930332647,-0.1044026886649585,-1.1262978018811836,-0.1109226641248695
-0.0704669824131451,-1.0924564536739247,-0.1846185324398149,3.216345705715569,6.5177720938194765,2.5332060656469286,-0.0769773399646535,-1.1129640378638213,-0.1570123629259794
-0.042057505763683,-1.104864685914729,-0.144979540218026,-2.387381368233086,11.135336791578856,-0.4676047536706539,-0.041463066365657,-1.1288674692711185,-0.1202464195278837
-0.0100218719548597,-1.1058623208122935,-0.0980236636633943,-5.744744417953137,13.793738912091309,-2.144078687585273,-0.014102644553114,-1.1340186997182915,-0.0664774513358086
-0.0230874490189906,-1.1384178077831275,-0.0851229616668061,-8.554113423579413,14.952033378716989,-1.3757863089441231,-0.0228637939790412,-1.156521821937337,-0.054939007763204
-0.0845387396954552,-1.2326057686306875,-0.0756810018786882,-12.901135899001575,15.325384894819098,0.0024867339556141,-0.0868001037813566,-1.2494139260720272,-0.0516533714035867
-0.1201618057268767,-1.3530921002366676,-0.032798656043355,-15.20055079110024,14.768543362080113,0.0451343206407339,-0.130864467822323,-1.3658249144473278,-0.0078310902726996
-0.1766125182315315,-1.4592525209306586,-0.0295645247976284,-13.747703413891305,15.802398194803422,-2.2619969157866624,-0.1763769547945462,-1.465506970236342,0.0092903535797356
-0.2898559758841333,-1.5319609191871977,-0.0570279353747336,-13.655662173894465,16.27922142566826,-6.180150655214651,-0.2813542785941525,-1.5584714423859398,-0.0157050239902774
-0.312141646462804,-1.5985176124371658,-0.017953969869229,-13.504571432473565,14.476261375807036,-9.465567109911678,-0.3236875985979427,-1.6218326849303784,0.005826605225012
-0.2441558835681805,-1.5943517130817526,-0.0082553745537769,-6.885553593509099,13.276714805288924,-12.021344800996456,-0.2555698060860626,-1.6034103203821917,0.0172451998824584
-0.1588642612189747,-1.4820429602350942,-0.0358155895013975,3.5957592105005323,13.523735154697444,-12.317726398453964,-0.1547774972261888,-1.4927860104973252,-0.0040366091305992
-0.0566434619807496,-1.3215661365389124,-0.0509960598260494,13.052473130509314,15.147640987247003,-10.173639077789687,-0.0672436759632656,-1.3355119408042837,-0.0173303442024965
0.0045642449445338,-1.1627185089986685,-0.0697209487997209,18.656100121700884,16.257112462154456,-7.479964911508377,-0.0053235809918737,-1.1812402954009524,-0.0327163389645652
0.0201250754811056,-1.0345235569583884,-0.0335227034091399,19.815906078727625,16.697729522686735,-4.505943809285193,0.020639822339515,-1.055005402875421,-0.008676504427067
0.0170081633274935,-0.9329504531048004,0.0024510792935727,19.066817085644345,16.639036170614553,-1.9910683969816023,0.012217840770977,-0.955916581199702,0.0310232199228667
-0.0044379446612243,-0.8664464496503983,0.0220387573798128,16.305337827106527,16.168923282375133,0.9360214676905876,-0.0059841441827794,-0.8901538235271607,0.0548643307722616
-0.0395955501100829,-0.8341548026017935,0.0430254602474664,11.477988138416965,17.208941701587147,4.2436061449467966,-0.04532870078886,-0.8654125454306346,0.0713426374098663
-0.0922879376769236,-0.8346142185333619,0.0295683236561065,5.914025220893751,17.857192513840715,6.5272693039503045,-0.0984152213880004,-0.8729286716316511,0.0619104698153052
-0.1411088208885544,-0.8631007829866739,0.0466891798140698,0.8282720914979835,17.56514644950221,7.679190648990686,-0.1396000891550268,-0.8934889599145006,0.0732082889061815
-0.14702396012243,-0.8900619567662783,0.0795654713964979,-1.8835230138745307,17.599742549921704,7.421494518177922,-0.153485898753698,-0.9088385903759192,0.1041204569258351
-0.117586398286442,-0.9060170952099408,0.0891116176700048,-3.080264567745396,18.154844651662,6.429681107555261,-0.1297968861108233,-0.9187254632457084,0.1069085457624583
-0.0919261244424934,-0.8944196038055142,0.0756854555497115,-3.553880014809307,19.3483331932769,5.237479109962983,-0.1015812471883951,-0.9150342372642168,0.0965278745437543
-0.0735759945060569,-0.8633635539592823,0.0371946510095364,-3.1537622741637232,19.183996905548195,3.973614131058517,-0.0770815358277686,-0.8922602926655726,0.0731362265716231
-0.0628384415642345,-0.8366047984407066,0.0213900835441003,-3.214542023177662,17.492878033942763,2.5675687139897447,-0.0646850417060239,-0.8538486159085159,0.0493386149182576
-0.0650390836867695,-0.8030076415971727,0.0267729667561307,-3.784329815322954,16.19061300612834,0.349833851968137,-0.0715727599159955,-0.8111856515781302,0.0466229303196265
-0.0761615886336187,-0.770859594399493,0.0298710394231062,-4.481236952023696,15.402785316629885,-1.7912495908619197,-0.0783004779811902,-0.7869312081481943,0.0515110587049956
-0.0987038885973711,-0.7574424796844499,0.0271935072709192,-4.943646967512095,14.436402816463758,-2.87218734466367,-0.0987291186012827,-0.7785850865349555,0.0528935680768521
-0.1258176595634592,-0.7495266972995238,0.0296847345302095,-4.609477944675089,13.145258248146286,-2.873657773697869,-0.1276137755909739,-0.7718857792877845,0.0499669286065234
-0.1532706891002305,-0.7415596968721239,0.0200744309391011,-3.763394143942754,11.391258392341191,-1.4334001721559642,-0.1484650913009074,-0.7644704141149103,0.0381119499198528
-0.1539600189730775,-0.7431698203816448,-0.0093019205302952,-3.849257887520458,9.320443213883726,0.8474123275210813,-0.1518408921374895,-0.7595514783185063,0.0159174874014215
-0.1268155143030468,-0.7430838931679433,-0.0037405038351659,-5.559522988902122,7.701602916373187,2.928218978234606,-0.1316968759911293,-0.7534062395912757,0.0156099084947595
-0.118230494624342,-0.7528348940551538,0.0026484894114002,-7.626184493210481,6.840912617850941,4.622755344879545,-0.1191767834540998,-0.772983017129931,0.025254539131514
-0.12213635696422,-0.8256077075355145,-0.0010324397829497,-11.264185110711573,6.873513874047897,4.578019151087903,-0.1279150819446454,-0.8487695662855482,0.0200201366247254
-0.1397868677777404,-0.9344446590692064,0.0216961352881043,-15.198016890188732,7.241020806826335,2.411400116141832,-0.1437146448096412,-0.9383126051955673,0.0337273811911568
-0.1626947736662355,-0.9977042446352342,0.0181803703826151,-14.320776546592588,7.042929148746689,0.0368577186606934,-0.1577277997076833,-1.0045793487374568,0.0379575516023132
-0.1363642607698498,-1.0225007393757193,0.007362000963781,-10.236882628175596,6.661700978379021,-2.2929265331482345,-0.1438900491789518,-1.0429062406696283,0.0263577784546952
-0.0847871420784038,-1.019933647031888,0.0193540038626411,-6.923674245482806,7.156160422379655,-4.33320687973395,-0.0941297246959494,-1.036995626729895,0.0345406542068347
-0.0536942997274339,-0.9682301022333464,0.0216839988976694,-5.185568339731661,9.457035148231547,-5.476448760600789,-0.0570685085512117,-0.9915694925511886,0.0448915539454329
-0.0414404484722763,-0.9301451531611604,0.0550004180368512,-5.435794139299252,12.61410425654736,-6.543359249091149,-0.0522861782700553,-0.9520611402699224,0.0848598302643077
-0.0375408444568797,-0.930720579701048,0.1150605211536985,-6.206390685122885,14.44663440414007,-7.633308776346411,-0.0445036351304391,-0.9405245344656256,0.1447197189467077
-0.0199830373441257,-0.9093608941009684,0.1228016942138294,-4.9334729557378,14.426420938128876,-7.9557446595898,-0.0216678580982611,-0.927155550628399,0.1550870332462839
0.0072744820641364,-0.8771283268460535,0.097388055668937,-1.4454880360513307,13.46300681383978,-6.527713298885428,0.0076094561448745,-0.9039032400486356,0.1293895469070968
0.0308701801466511,-0.8622190162776041,0.0861361715225036,2.0912983572656603,12.978167659429436,-4.055227206963196,0.0322252952787274,-0.8819219714624096,0.1116488609697955
0.0401729412542193,-0.8572241144327877,0.079444710992444,4.279098963874356,13.88916050173757,-2.545694102345969,0.0252938509628119,-0.8727042559248711,0.1117323347006232
0.0135958837297774,-0.8462607484970388,0.0857123086398537,5.1181927298400725,15.110473250946626,-2.359772681217088,-0.0009775807421764,-0.8683808120922432,0.1209377006396003
0.0004864722326071,-0.8355979420841098,0.1118126909158711,4.626071803324645,15.402993833214456,-3.166452724408414,-0.0021682959405933,-0.8583450602510734,0.1366537250175029
0.0086206636426051,-0.8470005900619286,0.1342151076963088,3.435855542952086,15.326054083355396,-4.857117891600862,-0.0010878078524225,-0.8670556237132608,0.1619552425301264
-0.0212967544597545,-0.8514783810698526,0.1381112213012104,2.51308915936906,14.746760139924596,-6.816371568238952,-0.0286486276370847,-0.877713367416632,0.1762583518521106
-0.0510982445450205,-0.8555084108407266,0.1460989167671234,1.7625120308659854,13.505650558895043,-8.649005143142185,-0.0590060528668547,-0.8807014459714195,0.1777896390017836
-0.0691382091138606,-0.867770975065258,0.144471877815603,0.8923994872947849,12.159122165030352,-10.6191810194079,-0.0759939966865376,-0.887467341919759,0.1741772832906936
-0.0899825487200957,-0.8668391950877372,0.112420706800023,-0.6921030047875498,10.310857760671412,-12.816411619063,-0.0895444109785591,-0.8922927436502676,0.1481562639811598
-0.101989956579648,-0.8865225576198975,0.1060876630362684,-3.83879323283341,8.920132624826438,-15.71425227621227,-0.1102728988314146,-0.9165920967390374,0.1276845369981082
-0.1156864319735611,-0.9325813513439228,0.1025152815181525,-6.759506363234485,8.164232873386842,-19.5680857816021,-0.1203279803553889,-0.951453936458022,0.1240577589167584
-0.1135129046938187,-0.9818550467341898,0.066335511886212,-7.715050085282528,6.520364021038998,-23.151287616488133,-0.1182018386995994,-0.9928009217025014,0.1002809169980663
-0.127720147670281,-1.0159634910731443,0.0474408778382826,-7.231726942823695,4.29957491969518,-25.41058045712016,-0.1307388258705117,-1.037156066447209,0.075542717619048
-0.1496994716792509,-1.0269131707922834,0.0367792299386629,-5.491626481612318,1.1920299674755477,-25.93173319657612,-0.1439615094381274,-1.052032074722464,0.0620153853082448
-0.133483986977047,-1.0350812820436768,0.0231167681595737,-3.9194275035150423,-2.510259958158568,-24.617211818563312,-0.1403749783608474,-1.0625076230279042,0.0449775109508916
-0.1192520618762784,-1.045883666135247,0.0268947325867857,-3.644272673297397,-4.3414699801582985,-22.270615038301678,-0.1264399267147217,-1.0765496504699914,0.0471110066129263
-0.1071367419831124,-1.046501006109617,0.0343772581497382,-2.720869899089547,-5.328586171194723,-19.39360588688189,-0.1068802966144938,-1.0724210668878338,0.0611988932899635
-0.080707516095868,-1.0322669738050592,0.0306064214775898,-0.632408848737664,-7.02676258343885,-16.060192877033263,-0.0820772762912706,-1.0643197371292978,0.0579180353681281
-0.0490634650615403,-1.0266334863584845,0.032150159180591,0.6206279752207389,-7.49025055292948,-13.497560369482716,-0.0596945846197088,-1.0484014345210793,0.0586817400198955
-0.0283940573977239,-1.008375390737179,0.0486647711499678,1.2124147898548554,-7.205455851105356,-12.410871943388925,-0.0423785740296826,-1.0152081690757742,0.0718453781724887
-0.0237350272018204,-0.957377948054584,0.0537949983376696,2.3181171135023195,-7.068833433067048,-12.132741017347408,-0.0222299287074923,-0.9783947993041728,0.0756756886734254
-0.0106703670032604,-0.9280331251154136,0.048079739089169,2.4772653335673933,-6.215391346157887,-12.343333821004832,-0.0101536434868449,-0.952258783517141,0.0825164612800741
-0.0016786738056579,-0.9247737829999,0.0500381711442563,1.1396999787108264,-5.3816035293897455,-12.874102949253468,-0.0052865615782995,-0.945186936735512,0.0911705720667203
-0.0040246874351153,-0.922076273141193,0.0577061713916954,0.1405350666380945,-4.214295502377982,-13.912103329163294,-0.004000114068579,-0.945282052310813,0.0896000371132776
-0.005017152811483,-0.9213976096882596,0.0724522492168476,0.4043408686525305,-2.3632806846752894,-15.604959936193245,-0.0089161359791543,-0.9394021906839009,0.1014249115741971
-0.011011258539205,-0.9189594053835932,0.0863097765961652,1.824581331531652,-0.2253604290384294,-17.396016480731355,-0.0125893068934215,-0.9329556054806448,0.1166227697017112
-0.0168084216132476,-0.8988333078359168,0.0846080385542173,3.285409549480345,1.742681320034995,-18.61382768813826,-0.0212236263049214,-0.91947182612782,0.1115230637056834
-0.0174460017553917,-0.8668963480214971,0.0837772196867282,3.4257449939858846,2.8574668065836346,-19.01480534863761,-0.0270298893003105,-0.8959846492751943,0.1078657589043055
-0.0222244385795575,-0.8461926128648195,0.0940689313912441,2.910523313360591,4.031148535644142,-19.06720207514797,-0.028475759382456,-0.8704882681695769,0.1195846993694961
-0.0235499188693394,-0.8170329463801045,0.1011378194296406,2.7121843650959643,5.418651418145758,-18.83273207020957,-0.0313293153553256,-0.8380865844176402,0.1337860150124863
-0.0235465082338989,-0.7892173909160942,0.109153405080948,2.158316382332165,6.786574816394645,-18.44379774438641,-0.0321713137422827,-0.8050831702901784,0.1325411652681618
-0.029055903615468,-0.7732636370618005,0.0919081999154914,1.0516140223835593,7.436640607356154,-18.081696867667848,-0.0371791009086296,-0.7813240544715822,0.1117404189863879
-0.0292607011366524,-0.7441067720759632,0.0635741067112864,-0.090336563139129,7.460008538670309,-17.889291432643358,-0.0352181665640677,-0.7599990446008204,0.0940065062552093
-0.030112011620732,-0.7307547001838002,0.0559274946967403,-1.5916141166539923,8.07575240695623,-18.237669136636715,-0.0352827785636202,-0.7456583916846322,0.0843876155057572
-0.0032719735931979,-0.7423515657133655,0.0046037342939972,-4.057437298523327,7.847897109762712,-17.57556171562945,-0.0204428679086458,-0.7546250492476101,0.0428251463352338
0.0647829241718236,-0.7822690999987052,-0.0349293605482505,-8.026733936674336,9.47127535575184,-15.448931065569598,0.0478351437769256,-0.8016482276390775,0.0022762555324155
0.1474024568380019,-0.882413267171361,-0.0025994348662075,-11.82643246060552,15.707667934990791,-13.014961473312775,0.1313840988442937,-0.8971148684181893,0.0261161648931754
0.2264783955716019,-1.0011164454915369,-0.00807861834681,-12.688422028375058,20.49434295933755,-9.641754519894068,0.2042032282451282,-1.0101637280355524,0.0241115984833538
0.2411550638014644,-1.1034765580092665,-0.0694982592530047,-11.235055323980935,19.29215172347478,-4.681948483615755,0.2350139485968019,-1.1125384109881178,-0.040359503732325
0.1612341411656245,-1.2058037212687336,-0.1430179101498854,-8.211449357219125,13.782749305907204,2.482441162658965,0.1720826747695606,-1.2225468450280912,-0.1002487284840218
0.0242107661427359,-1.292445322764192,-0.2018715560031696,-4.512820823710575,6.465473172884264,11.217758122591215,0.0376278319832409,-1.3200471059448802,-0.1618924789809315
-0.1110636238237372,-1.353505251432986,-0.2023786865938036,-0.1806241736420378,-1.753928529164628,19.43905369775724,-0.1047864264468979,-1.3731057982481818,-0.1741850486827172
-0.1836948466247375,-1.3520102206757107,-0.1767924703722501,9.406178609978536,-10.262137033423738,24.174165523105827,-0.1762798274136433,-1.359588919217392,-0.1381713795966444
-0.1632091073371987,-1.2355422443569637,-0.1756401668850739,21.51294216497268,-17.224003677346925,21.04497587953577,-0.151496671209329,-1.245813880028285,-0.1401032981903177
-0.0712617817897667,-1.07473986361522,-0.1879136824195551,28.1410920295789,-19.832588313732053,11.330008616501516,-0.0765649878088117,-1.091105783021293,-0.1522342515226114
0.0418414389614996,-0.959588489276484,-0.177188746551817,29.681472043497177,-16.93072356018304,1.2202993505960602,0.0304986972166666,-0.9817509733224312,-0.1425232220848272
0.1758846456231353,-0.9185306957355116,-0.1352613417477594,28.675793762928794,-11.179325009020976,-6.00490092540068,0.162639929468542,-0.9369926155008498,-0.1012751764892593
0.3031984590700473,-0.9437862083929818,-0.1013152507148738,25.97762199654044,-4.958342738469357,-9.942305233660658,0.2816336436449368,-0.9519995418871532,-0.0572000632629654
0.3730078292561863,-0.9800602025579404,-0.0871213494238241,22.220932293464237,0.8010635156938437,-11.609678675234472,0.3568812496071378,-0.9952263387107968,-0.0556277649233313
0.3986099575743295,-1.0210792961529709,-0.0636371454436858,18.273078554667254,7.276038398597804,-11.954396014363086,0.3783739064691841,-1.0424146918601291,-0.0428792503080921
0.3840061731467828,-1.0477205251841653,-0.0523298192598853,15.34739267634862,15.233339992106108,-10.904943490006511,0.362171095304088,-1.0737928793849152,-0.0214557921567352
0.3473128393781809,-1.0424418872915224,-0.0614800584953466,11.99885454911704,21.760326838917187,-8.764981374009045,0.3364282865414738,-1.0815184029452738,-0.0298518019276331
0.2826701031352476,-1.0677732289387305,-0.0628258940496371,6.263467240254559,26.71954674680087,-5.886534138232797,0.2752338654743723,-1.103848716523212,-0.0394200440411206
0.1847775655859214,-1.1311425147125374,-0.0683998917381603,-1.4154656567322677,28.400868108546614,-1.3942210019791692,0.1786924861929348,-1.1534390725380743,-0.0394711721650776
0.0898139668651273,-1.198653289818543,-0.0608793876973133,-5.194934799309422,24.45035695971461,4.280385349591816,0.090932117874785,-1.2131768588536624,-0.0281330744379921
-0.0053048447352201,-1.2336980772041588,-0.0437646449065182,-0.4099339580760502,18.36638666446481,8.274907734361797,0.004994664352205,-1.2542060775894743,-0.0166103329457628
-0.055907855603882,-1.2094918582674332,-0.0293411325534936,8.148084449049932,11.645551868537902,8.575757139381645,-0.053034407948201,-1.2309167417598996,0.0014675411543888
-0.0568556802435974,-1.1373366792064763,0.0096825674716278,15.855332656821652,5.948074410562276,5.595847149837433,-0.0620672812584922,-1.1553341539795865,0.0367876428972364
-0.0553036080518466,-1.043645032061299,0.0317382486096425,21.15863803738845,3.704342974038181,1.0586167351140865,-0.0590079308107112,-1.0716684089552992,0.0586986925770088
-0.0331734825842511,-0.9671788319773286,0.0302031194080771,22.494135177703733,3.541731783349841,-4.110846585267854,-0.0418881897748134,-0.9910655127019108,0.0666432492799804
0.0203573908312903,-0.9145009085570632,0.0241622454568779,20.1359270576124,4.316800049829624,-9.200062333191315,0.0118487604313645,-0.9306964534617734,0.0529941834313939
0.1064974332820576,-0.8989457508171359,0.0002345866714927,14.950820034321689,5.968359373969616,-12.94133919269636,0.0944319744092836,-0.9186632673626218,0.0275692917539414
0.174883562569194,-0.9409288965153252,-0.0060751040564302,8.097303156018798,8.774475557470078,-15.034101284445338,0.160880796622361,-0.9648959641262628,0.0272391194112809
0.2080969486114747,-1.016359397870903,-0.0018773324395861,0.2532712718120636,11.71865690459079,-15.582711477653,0.20408129558534,-1.0449493676152295,0.0293239028994214
0.2510495131418692,-1.122902230466627,0.0088105526804165,-6.609817800791805,14.342331712119655,-14.745007983359404,0.2433140811224997,-1.1420580761477286,0.0386291720140166
0.2687314123305089,-1.2235169733154,0.0611818324008183,-8.784049451200888,17.597864525631188,-14.202284665354997,0.2520286445661001,-1.2348884682723154,0.084706132470375
0.2524874134517736,-1.2245402204559943,0.1006405779137254,-4.021644804205639,20.00626034471893,-15.496985180691238,0.2352560264118839,-1.2397233071467002,0.1250117300174711
0.2275805519490828,-1.1279625580056294,0.0847418047277772,4.980302934976335,21.16842264187483,-17.72841917018205,0.2127841802978508,-1.1464228724115555,0.1169774868087325
0.2087671969952606,-1.0129790341352394,0.0548137209797193,11.456123849488264,21.77117118368535,-19.11780607743023,0.1931620128877944,-1.0323221877359603,0.0880090657645888
0.2153299278232602,-0.9260423558977546,0.0404244860043993,12.275752575549568,21.88775902864521,-17.444406609806187,0.1947372701877167,-0.9457233596274304,0.0709839639406359
0.2108473114780108,-0.8831462852566956,0.0423003688670645,9.15643650771988,22.549483990277626,-12.463474161765898,0.1944274886448013,-0.9084253153607592,0.070943580471068
0.1809863676492512,-0.883994749263655,0.04557034497118,5.654724578305525,23.743464940098505,-7.227670748656983,0.1697066110793694,-0.9090546411660432,0.0815243553698794
0.1412332935927846,-0.9116909783524731,0.0611481071426263,2.9155893024277217,25.27068026616436,-2.750514188792161,0.1296646787225893,-0.9340170889795638,0.0927001695888139
0.0934720077258878,-0.9436269596718788,0.0879300312009672,0.7905952182335576,26.46718722277197,0.5473340289965855,0.0880620492368352,-0.9622524706005844,0.1095447435914717
0.0449260030739402,-0.957510992568897,0.0782962020902019,0.8654317740871559,26.66465857631343,1.4067424515781362,0.0452788660399071,-0.9647273440659891,0.1134784124095827
0.0047665597266433,-0.9359398309520128,0.0554766295027221,1.7032975106119703,25.28824402756852,0.907663783411124,0.0018348940404433,-0.9429168571977584,0.0891921948261818
-0.0130800909718423,-0.8885863115258095,0.0389361921945141,2.2881752040961425,21.47186056968701,-0.135369112032728,-0.0156913385508757,-0.9124436036884912,0.0654967566367641
-0.0105752887889091,-0.8694237007966865,0.0245068292204696,1.8067322847613192,16.55703211524221,-1.010433870561638,-0.0058513736973635,-0.8983214057641888,0.0578191533317621
0.0024768097270456,-0.8886509618452065,0.0649391344942749,-0.2554839539337162,10.009795087263216,-1.0526902285843645,0.0080949826189665,-0.904791296318174,0.0836491548025571
0.0095736843790721,-0.8894760673027615,0.1087626240139785,1.104236925302413,1.2810722614966024,-1.095819479178708,0.0180625306731485,-0.9103020764974404,0.1305588993031368
0.0211434698081006,-0.8749573726219211,0.093393127068566,5.575986986992855,-7.081657873227717,-0.8240168856454356,0.0280147266137841,-0.8990004365164725,0.1356731006008681
0.0203158469639303,-0.8651161884086768,0.0744943767795399,8.231990073243255,-13.87347075393917,0.2258570850212965,0.0203772465087373,-0.8783406422451161,0.1079817186564312
-0.0074297692666948,-0.8417107206021037,0.0782472641558842,10.670610844811982,-19.047156466409483,1.661333105711872,-0.0028496356661196,-0.85365324163209,0.1060155925200863
0.0142706505936274,-0.8223033813019565,0.0835133704806087,15.573654341039711,-22.764358888739626,3.278204562978971,0.0131029984180733,-0.8325225884214924,0.1166353908852356
0.0591876366661801,-0.834658067497611,0.0832000079059067,19.73744886859929,-24.24583581786096,5.256309027886877,0.0504673388208965,-0.8481661556456761,0.1149861231280263
0.097811222419374,-0.8652541867323873,0.1137555449034375,20.29050442638,-23.67399573923226,7.57492696447902,0.0858278129790834,-0.8806112348003287,0.1443370203858813
0.1643365127185498,-0.8666531541251814,0.1451073926402547,22.77498872300933,-22.01833135582387,8.88946548015965,0.1437804407784668,-0.8859587479765629,0.1733423186756438
0.2104552722574744,-0.8356200485147971,0.1068395543686641,28.760289440714025,-18.82391731182567,9.121316071718947,0.1922386070903182,-0.8628163001094736,0.1345867797013242
0.2408140664394763,-0.8043031826961836,0.094056087048483,30.721352455237508,-15.601354762083185,9.268642983296704,0.2249291751783153,-0.8280318178700473,0.1194025938446525
0.2582298426350147,-0.7683251553957604,0.1420453937468606,29.109156859842813,-13.37764639908931,9.110491370395268,0.2410453532701965,-0.7906891664401303,0.1642716060422087
0.2343127442370385,-0.7403802941763489,0.1418519418830577,28.079426932726037,-12.146932430719955,9.414906371469083,0.2185942358912,-0.7580657537405571,0.1740045847141839
0.2128617119320581,-0.7387497127975728,0.1246924523704924,24.07257235070563,-12.572491733042382,11.119727328881591,0.1981785954647465,-0.7622989325350946,0.1577862350953902
0.200204382523776,-0.7575710737828374,0.1370842446205309,18.013003630233705,-13.567118956186768,13.357372527501456,0.1848573312496976,-0.7829426126390333,0.1608737751273867
0.1621648428257718,-0.7760309765201132,0.138041969603784,15.66591730766054,-14.514390050523724,15.654365046097826,0.1437124410602633,-0.7902759122304315,0.1690823219563983
0.121288412211662,-0.7755402139689511,0.129025235264092,13.929542011826948,-15.92608839895276,18.54468088355348,0.1050696495998912,-0.8008473628550646,0.1650345383842014
0.1037092610668893,-0.787740604606846,0.1191336171777856,9.470484397127809,-17.331639048374416,21.21689069637743,0.0919690570162135,-0.8149834204152133,0.1535128868966389
0.0953429806633557,-0.824536015049077,0.1133122065779823,4.963386965797425,-18.2892385967814,22.17860599869247,0.0834145784868219,-0.849467231454804,0.1444868124369281
0.0914784190837934,-0.8671039366857936,0.1090707523924964,1.707161125307188,-18.97330259116428,22.072139369560134,0.0802564610009585,-0.8918163914197297,0.1319844026827349
0.0977989578616177,-0.9068806721978742,0.1074986711807623,1.1472871167167424,-19.20528764651756,21.82761506959373,0.0848557713033239,-0.9158093250055068,0.1344180304133497
0.1134280684847698,-0.916288999100127,0.1182036159611637,2.847552397871912,-19.344890457655403,21.37574468639087,0.0967263991967211,-0.9284605236023856,0.1428001163812207
0.1245567126598723,-0.9160569134314972,0.1126783162625211,4.208287408973982,-20.015234889999668,20.952993202265475,0.1111358743075198,-0.9296154205398116,0.1419120647130523
0.1341591494966648,-0.919927186590933,0.1069649375189762,5.655062544505928,-21.07416198306282,20.41344975397776,0.1177178808299095,-0.9304358427043122,0.1516839440173952
0.1514589651160016,-0.8876300437435666,0.1089160737424749,7.730893301668223,-21.91280093873193,19.56943367202087,0.1323306123517139,-0.9130721678023124,0.139954443418355
0.1346392161294781,-0.8665417633759833,0.0762200737054599,8.632321415632275,-21.33976464320701,18.194294154417197,0.1221489727450284,-0.8867439164415574,0.1031721614137227
0.0958977340510833,-0.8787956735322386,0.0506899043830871,7.838709058837576,-20.251597063676027,16.788815131926434,0.0864252998957704,-0.8941878673219915,0.0856404957744301
0.1013164826616007,-0.857196450955594,0.063193570405448,8.970043616974614,-19.637199695225043,15.856019964486618,0.0969660323247399,-0.883719646669118,0.0919948390840619
0.1021917725570054,-0.8044030652207916,0.0550707585607712,11.174108691846868,-19.555631255098703,14.917686932565331,0.1021287225605232,-0.8288882562107298,0.085317745782806
0.0576518460162168,-0.8007148945589351,0.0005183457769307,7.246753727704458,-20.556395162748952,15.116489130700216,0.0581857511801731,-0.8252159126652914,0.0309954907250981
0.0110012501239508,-0.9401134876054652,-0.0644824374067877,-3.764828211372584,-18.245336733522915,13.896339964835354,0.0029501393400584,-0.9607990422146008,-0.0369917078820897
-0.0784883489597413,-1.2015527144264897,-0.0994452296684204,-14.689103788515402,-13.423350843982291,7.598601841715225,-0.0845549548525597,-1.2104994918407934,-0.0702247315356171
-0.1520037733562216,-1.4457863374430544,-0.0658965987557584,-15.36320723130869,-12.275236530961443,0.9353366362826072,-0.150874311680745,-1.4450709598508225,-0.040279748497684
-0.0984554439508836,-1.5273764419317883,-0.0182859284819588,-2.327576094891191,-8.603405177332736,-1.5901215027220863,-0.1135142135260955,-1.5290417038510635,0.0104682111688595
-0.0473288919085909,-1.399220966046038,-0.0759370250540802,15.1035668029789,0.0564598843723671,-0.04853202682131,-0.0536865113167821,-1.4234407758980714,-0.0301353222314445
-0.0479526487435897,-1.2057738680570398,-0.1525204690947446,25.75457967759486,6.221053011076451,3.3343563555546,-0.0533293079290551,-1.2284157897660852,-0.1052602789749427
-0.0400578685193224,-1.0630074005320702,-0.1374016288342375,26.160402988887963,10.672386684099251,4.145973944615449,-0.0617085877050778,-1.0761994241501862,-0.1032868490108935
-0.0755473271614981,-0.9852597220755634,-0.0943821823238152,18.531200769991766,14.041993236929894,1.8813094755057616,-0.0746524064263044,-1.0154823126862502,-0.0660195025778106
-0.1146097041985796,-1.016748512813927,-0.0467063863774747,8.224720597662241,12.730820708582147,-0.6229275895543384,-0.1105956251581997,-1.0445332226917134,-0.0188880479508543
-0.1054526344112939,-1.1062963161739152,-0.0081284026085629,2.638714866660241,8.588160115126643,-1.5299171513172765,-0.1106091174108181,-1.1175261957799856,0.0181579857574352
-0.098131357373667,-1.1686816989052695,0.0007548527390934,2.254757521958025,6.011583607643916,-0.5420088739932917,-0.0978734825180699,-1.187486613736486,0.018268883545099
-0.1063360455840327,-1.2185234598678067,-0.0200186541304655,0.9817953104841336,5.245991587612156,1.192151620323509,-0.109754997565814,-1.2531506525491185,0.0035166559261015
-0.1236561739818742,-1.2786526918533387,-0.0386779513790176,-2.839755174813112,4.326622105298416,2.506288593920674,-0.1214892723387073,-1.30639792806766,-0.0053816647053838
-0.120893804248058,-1.326978654621218,0.0044244456669534,-5.29204263080707,4.48100689543943,2.4342926906246296,-0.1253156435047116,-1.345434200600126,0.0265055419493191
-0.0629648411464154,-1.3101077276938051,0.0322750158692403,-2.298226578276049,6.14592621914975,1.5366555811812463,-0.0826442771689687,-1.3333718962027563,0.0533452052112717
-0.0102478608336081,-1.2209535173850592,0.0232311832978978,3.310068027008353,8.11842514797371,1.509179065082917,-0.0177109108973292,-1.2328292315689222,0.04438459105604
0.0015925767864148,-1.1094887594198564,0.0249663190608543,6.142421331285711,9.831643490816816,2.538477397473574,0.0030955034828566,-1.11910879124926,0.0463077633756458
0.0159361320867345,-1.0229691689445977,-0.0015113241560523,5.032462564066713,10.457741798549176,3.547504660510006,0.0066898736157372,-1.0529707009340954,0.026780965018361
0.0072601692468973,-1.0001181444198513,-0.0156776472694875,0.0121519974679937,11.445671812433298,2.8610141729574567,-0.0017717955598143,-1.0308614953118405,0.0076638390935798
-0.0298657180134308,-1.0280803071158948,-0.0036334437908305,-5.337326724004275,12.074076045462885,0.5132532112407922,-0.0376577135278772,-1.0478731629532083,0.0219232800787709
-0.071086391594936,-1.0607690904684848,0.0071751191168308,-7.621168486170199,10.898402009746382,-1.1921304376446753,-0.0773498434804427,-1.0807449744590405,0.0322154167372076
-0.1174042840796614,-1.07979427117176,0.0289393125181565,-8.103648353522352,9.977313789216817,-1.3099431648973243,-0.1128607461884827,-1.1015299694193377,0.0483988709581956
-0.1387308177290906,-1.0647978676008547,0.0325355825945582,-6.900222762828896,8.294341528250067,-0.1378032282691591,-0.1407087489868855,-1.0881952098761574,0.0560493949828327
-0.1577228575304336,-1.0186197577969145,0.0319698663695965,-5.102389609625991,5.331144505467181,1.9340344399997649,-0.1604428776553809,-1.0455918449998671,0.0555992956476433
-0.1724913126934714,-0.96931008762922,0.0422483666418931,-5.135362399203441,2.8835969434683024,3.5667290379658825,-0.1706329263062559,-0.989787921900168,0.0681278203672309
-0.1654283561196186,-0.9192276508436634,0.0452366092598279,-6.744507072315755,0.6667158707239637,3.845289948235148,-0.1684139684331311,-0.935910998849472,0.0773887820478755
-0.1557667032432516,-0.8804500589350194,0.0545224815531189,-8.936854809466404,-1.2507818690239825,3.1058314233311526,-0.1524782601310042,-0.9045724008100128,0.0860026801246802
