ADXL_X,ADXL_Y,ADXL_Z,ITG_X,ITG_Y,ITG_Z,MMA_X,MMA_Y,MMA_Z
-0.0036469341935988,0.0391221402148787,-0.1563237246444731,53.287098080630734,4.739855513614433,19.505217101276106,0.0072323033485277,0.0338787945783949,-0.186081295726159
0.0497547048726253,-0.0751188409739535,-0.2234348421682989,43.68390072861757,4.393622249588385,23.59557398252866,0.0529706446023156,-0.0630938537365925,-0.2660109460775892
-0.074279439919244,-0.1255526110941939,-0.0881468202363447,42.02813029938595,4.952878767078371,25.828481729504368,-0.058013898369314,-0.0978324885017254,-0.1266319792120024
-0.0768613624467248,-0.1903651188937961,0.0113794016073176,50.59911443189842,1.6180981870958142,25.76946477061292,-0.0535599253524702,-0.1623149294533763,-0.0268111431798355
-0.0423873708307419,-0.2249554924025942,0.0213970622869155,56.09328598751394,-5.663509562605363,17.953689518897807,-0.0243963722761882,-0.2079569858868006,-0.0015662188459624
-0.0238113839140569,-0.2567917511370217,-0.0723173081429799,54.34401337562621,-4.342030617473754,11.395970073286875,-0.0519083148735661,-0.2401371230509268,-0.0757446903318868
0.7824764790968233,-0.7320006477840995,-0.4477899719104759,55.88677745866015,1.0105680808329232,2.283977139732205,0.7344290125079286,-0.6467436599171024,-0.4882987622168875
0.3539568074032952,-0.9693567162084176,-0.6788555976187466,69.45076106619963,14.3973592851262,-11.776484091486775,0.4084702150719345,-0.9222613684473322,-0.7307261027655655
-0.9136852680590302,-0.9888699158947092,-0.4966867407735715,53.41866016811462,22.18057326735548,-24.44938011821386,-0.8262761842354323,-1.0241473643438286,-0.5619906247466556
-0.4897135471173667,-1.442434436351356,0.1076243413856753,-0.3598564334670344,-3.688660241493448,-51.24232050178821,-0.4793630637528614,-1.4006125189513527,0.0153195597230066
0.2340472048657776,-1.7385650852134136,0.4631159105114032,-13.15802624685364,-13.3983915848708,-69.72587955058178,0.2116047298473922,-1.6321289430685892,0.4228383613276457
0.3389464524488104,-1.751719490984288,-0.0258630897237066,22.08664815315599,16.9552340878594,-57.675229239053216,0.3547754021566809,-1.6519290389312749,-0.0613746038855585
0.057128316702961,-1.52423479265977,-0.3145397164220061,47.73858520787145,25.495043354837847,-40.72770398347336,0.1271217285955794,-1.4878654362858754,-0.3694544210544058
-0.0328621947157444,-1.304544460459605,-0.0806198091399395,30.40420334697364,4.344478228745964,-25.156792775449908,0.0143338864064919,-1.3300045097284423,-0.1176010270777365
0.1558582513456498,-1.601700435836494,0.0132008921427107,-16.98121669070776,4.489198297672703,-7.2807400886774545,0.1882127248972596,-1.581914339176207,-0.0305475663270965
-0.1611403705756681,-1.941240684955604,0.1574814964908023,-45.72874398411985,16.724038716921775,5.696200171805255,-0.0853806854347352,-1.888393371669772,0.1083111161922701
-0.1473863625989209,-2.0383684807953326,0.3285203586364408,-46.59675139423568,6.853503691338983,12.98967470153801,-0.0758465620890757,-1.976273252485262,0.2723044956845899
0.1821273759842921,-2.086111959917569,0.1898402901873321,-35.88929992448988,7.783932235897087,21.94284669180264,0.2256477531912363,-2.026130848487672,0.1553828811450637
0.0761609168431194,-2.055186266337092,0.1057997860173115,-30.256137263076333,30.09215278877984,26.21608354630812,0.1366145180282759,-2.0132244697775348,0.0733796487078494
-0.2567789068733737,-1.8372806203583092,0.2261415798918721,-21.85096436807136,36.86501336905428,22.181969719837166,-0.1539192545199942,-1.799687928854148,0.169864968800639
-0.4147912274705015,-1.56763621923199,0.1805616893015539,-10.761389833576686,28.15514138649566,29.66538312953835,-0.3488864347050182,-1.5725521085810876,0.1392493146924155
-0.282650821527342,-1.4429401210600268,0.0644953396971764,-26.611135118270425,24.07835052299146,43.74243343368624,-0.2634702182880609,-1.4426559934777816,0.0218159801321922
-0.1696478211851742,-1.360101178652024,-0.0103596611429583,-44.1427615309151,26.44123013559861,56.76248832126636,-0.1207332889386747,-1.324080046741521,-0.049383070902928
-0.007822785633186,-1.3359692006890715,-0.0503669678203783,-52.21263717738425,24.788075818298264,67.92337406615947,0.0332137465698636,-1.3108770796992113,-0.0818286668840437
0.0441389126854428,-1.371125189862889,0.002794939133738,-66.77356526912612,21.20300302063592,63.41418399510852,0.069810835155446,-1.3349566873036602,-0.0363360171067155
-0.0555498219096563,-1.3593681303350194,0.0282449614129425,-72.91897888359725,24.74016654251376,55.70862836209693,-0.0161833676814333,-1.3155331615358246,-0.0117236737583726
-0.1765539114880343,-1.2430873746356106,0.1063463554855867,-68.512031387841,30.57882906258211,49.90978144310392,-0.1258562134382569,-1.2095518704866728,0.0633811784883997
-0.4035454813856676,-0.994080673140299,0.1950163822287975,-57.64930224011717,27.200876923899408,45.35540621177154,-0.3458973400193237,-0.9569158362098282,0.1581173587545981
-0.5005731445871138,-0.7738612573078056,0.1980041669815724,-47.33402502289298,19.321618678638654,52.04591625106306,-0.4664716325275001,-0.7413324718975274,0.1672827141851521
-0.5811391563456789,-0.6043660379746159,0.1919523401915537,-41.727536720889816,14.906393940951606,56.879677342192,-0.5504341164529096,-0.5929492755219997,0.1628340504800824
-0.6098391352890968,-0.4488264720526083,0.1338176311911436,-44.70051100175339,6.297626177964144,57.33671568183393,-0.5672993297907408,-0.4451222830049417,0.1035663179293353
-0.465195693509121,-0.3256256076843224,0.1629469133546112,-52.78047455939631,-3.7861064350045286,60.436882927928856,-0.4431556214196188,-0.3030470212612636,0.1288794504367744
-0.2676995185998571,-0.18710492934707,0.1897308332968189,-41.889138297568806,-10.771185409482436,64.39462269110167,-0.2632243824532471,-0.1603525359353952,0.1567166702081555
-0.0430724457279959,-0.1129585568426434,0.0097941651501651,-23.02599080388526,-14.688336152879652,65.91945137516299,-0.0394412629432638,-0.098147971633076,-0.0182946445503407
0.1404495216555207,-0.1437056440220502,-0.0371216212425368,-13.99484402241414,-16.047533128318538,59.245223937111135,0.1515028180551726,-0.1152867633189768,-0.0750494309443996
0.2293846776134843,-0.1978555595821903,0.0917092474109333,0.7338395875644784,-21.24892269011842,46.76950384892951,0.2451809692225373,-0.144003438310498,0.0411717336699446
0.0853388449110972,-0.207747644933732,0.2142854225557065,27.411796859225745,-27.56942515834114,34.40522282154064,0.1134823420421088,-0.1603460702715618,0.1640818668608244
-0.0694703112634007,-0.1638499320784658,0.307346399855671,50.19793732505563,-34.66703560494933,22.604341240992373,-0.0296075709987618,-0.1452627708781705,0.2666994595700795
-0.2238702255453729,-0.0916232721778481,0.2975080156982937,60.86988304005179,-43.58854559006361,9.30355005400138,-0.2036778227717312,-0.0756765060260172,0.2728672125181142
-0.3340987393582929,0.0257160029980213,0.2509158326297307,73.2852857539434,-50.9417679630012,1.68532798077136,-0.3160611183314953,0.0392205256989782,0.2169887933529858
-0.2437218696390563,0.1124784743677024,0.073699768782438,83.9399767086923,-51.75362215128056,-3.155020438632771,-0.2337051845083339,0.1188291802128461,0.0515211723925537
-0.1936428543189932,0.1315155982602598,-0.0337943297417548,84.78621365858032,-46.622156765613504,-10.025759887977754,-0.2041026606512745,0.1381368794051027,-0.0548907794453757
0.0459085686653186,0.1059829337017567,-0.0698498137099153,74.23007084692809,-36.57590177608272,-9.808793855642929,0.0393330351346332,0.0910032854313789,-0.1006743698061118
-0.1531204681478892,-0.1366846263742848,-0.11817559509532,52.7839885297256,-23.473106692794865,-7.228559455653629,-0.154648585412593,-0.1288675135644306,-0.1471101321252881
-0.7431970450446936,-0.5179657269196931,-0.2205923527162767,46.51144098246476,-42.99047225352607,8.173767367201016,-0.6663332602614207,-0.5381798158211757,-0.2854220321027469
-0.2663022314585287,-1.0868634478803765,-1.1467898011100428,24.462894311079907,-78.34927266852628,34.324188468590904,-0.2039591833493329,-1.1454425534580654,-1.1880494712391425
0.5718445932085037,-1.9629124514975291,-1.1569720521664275,-22.45106054450289,-55.37339512152925,48.417221646495726,0.5298012543945121,-1.8830448272819789,-1.321021328216978
0.4077841934064178,-2.2115406533513124,0.8648377798109516,-15.530383870615484,-0.4571531959542975,58.987854991349856,0.4990138221032744,-2.1408527775733805,0.590775855555461
-0.1115333991490018,-1.518058510538881,1.7123080352166766,15.80635692981394,0.0248653091927636,49.33682238910247,0.046494844563005,-1.5660342164323051,1.6736486394307797
-0.0294991978447708,-1.031772404079836,0.3565825610742232,19.24963449565338,-37.68115173504575,10.24424031758,-0.0109681227154047,-0.9993704877172664,0.4210755612846412
-0.0861232961929774,-1.1239218599991947,-1.10325112300176,25.28027913751617,-39.42795415827625,-16.96616593211468,-0.0784172315514424,-1.0722496936854733,-1.127174145690407
-0.4500526948505134,-1.248435313728008,-1.2056085494584572,15.246762397960335,-14.945005071977905,-19.81482388660731,-0.4297925486078501,-1.2629036249226315,-1.299202527022635
-0.4102233329143687,-1.4682863982591623,-0.2439528958248656,-28.44533546322652,4.273239604068336,-13.976348040031343,-0.3893950218562069,-1.4564230660882531,-0.3800699288799864
-0.4468798764883582,-2.063970998306979,0.4568751661423919,-72.91103502272584,23.73041167524514,-8.474145700994614,-0.383570664462935,-2.001300744170562,0.3894937222852344
-0.6181129235287902,-2.5916116471173654,0.4482459999489537,-86.9139474941603,37.44821487772354,-13.833849564200037,-0.5274359336586545,-2.507571638841442,0.4008784207040589
-0.7557691256312074,-2.7427946078678707,0.0078417288429679,-61.51145132540989,16.524959392584815,-27.99274498617233,-0.6123506919154276,-2.658819776461395,-0.0485121361296471
-0.5825230409837298,-2.6123313232087475,-0.077741030808679,-24.18360010744432,-30.98647190117243,-30.960481487989224,-0.5091658039098506,-2.5416333473191357,-0.1235060417441435
-0.0388466025062473,-2.2457479244793017,0.4058626844263455,-12.511170484924154,-23.253534835382464,-22.715300472611645,-0.0419425739368197,-2.218811947270294,0.3423717126881419
0.0455891548399916,-2.0237354191843537,0.4421735047789583,-36.31422335004016,13.222743719722896,-22.578935427869187,0.1137002404195006,-2.016659229772536,0.4121726082109367
-0.0166483221193063,-2.0065109259145064,0.0820880116916873,-58.52098539818159,8.58669079997939,-34.47827687730362,0.0384730424468895,-1.9364569693023836,0.0589670489708701
-0.0035925374379327,-1.7987046885784892,0.1281470831849242,-48.3342947274252,11.026240131352615,-50.13894324105208,0.0221954399685759,-1.6975857762723197,0.0742632820309478
-0.2167129551737587,-1.4732870982242046,0.2087674196822385,-30.235557273153344,19.754028893297665,-63.90416606414159,-0.1550984537477675,-1.448307021955018,0.1786093470294341
-0.2911089803772665,-1.304456214300012,0.0534849878522986,-34.879591149477164,12.248967419480032,-68.33723594468972,-0.2350516396838624,-1.3118534692833017,0.0388138654287386
-0.1886634044411489,-1.2809609361806302,-0.0206224583246455,-48.816596907395095,6.269940380357703,-61.29222587400015,-0.1594721479441978,-1.249773918196334,-0.0508969793971914
-0.1061691070256734,-1.2614302261979644,-0.054903154660012,-51.75725457152559,4.957205927182489,-55.39535343936248,-0.0977984880722586,-1.2378419672789236,-0.0765922533916337
-0.0802808587219357,-1.1774059429819923,0.0513716999017691,-57.10286263550692,11.402695172668194,-52.16168060189396,-0.0555153258037492,-1.1433843834183202,0.020663507242523
-0.019882056925167,-0.9488687747025126,0.1153444916935961,-54.89195502655442,12.622081792010526,-48.67575697353361,0.0187922901321477,-0.8999096161319406,0.0732149963177535
0.0182086914394022,-0.63211300473206,-0.0240604341068109,-44.13831154220096,10.800043021635163,-52.77499072673102,0.0497075276519724,-0.6337518073119053,-0.0474740289924769
-0.0006497031030425,-0.4883110848052576,0.0728785850256073,-54.96724151619494,10.95419513874248,-57.79725514346189,0.0252861048277103,-0.4846202627445409,0.0271922075085102
-0.0081303058220765,-0.4798489270952776,0.2872667456014843,-56.19790388638328,9.033583369160148,-55.248159017480745,0.0150251079083516,-0.419725398106735,0.2300329996796469
-0.1074059924164985,-0.4046762186794307,0.3024124033874998,-22.881401121195807,8.61284563406989,-49.46080741456435,-0.0766546624391647,-0.3470148255078804,0.2628018895544067
-0.1584056026196675,-0.2991702518193208,0.1844437882809837,9.760314971689109,6.049210798105912,-41.22424445737391,-0.1450749143025959,-0.2669689429080656,0.1367559037936769
-0.112117104475793,-0.1824156668385442,0.0646359611786381,23.3991282698296,12.030455498279338,-30.531557629425905,-0.1137997835253537,-0.1605755101538275,0.0281818431090401
-0.0894434953312177,-0.0364831287987392,0.0415548927947307,27.173101631772127,22.511920603556295,-20.77457957509785,-0.0819354630668257,-0.0143131729919544,0.0151241243542006
-0.0466491134282325,0.0860614069584075,0.0876028970313816,39.40281980007418,22.909642739906086,-10.97161729885084,-0.0314255421943826,0.1183366593002813,0.0600376278588145
0.1664340666656563,0.133608668031602,0.050836074607176,60.042437498899,17.342845892494974,0.2587138722347785,0.1588663185723157,0.1669665069212417,0.0209420397852867
0.3751231118445104,0.0961587543443234,-0.0799388428915893,68.63327264965193,13.620121812264518,8.69926433723711,0.3509304859157383,0.1198077783226667,-0.1172153239317871
0.3228438961716464,0.0426642896764622,-0.1618702935528912,66.29544015083385,17.17277718262427,11.085033083007886,0.3262845318420925,0.0580254189521817,-0.1917745420449015
0.3311639295006633,-0.0589248991088419,-0.223571589859289,61.595200362576485,21.900560555011094,10.395816269861571,0.3250876004133037,-0.0270511126203874,-0.259866565712314
0.3266718648421363,-0.1582544894766719,-0.2256349362761982,60.672438304780776,29.309741572970143,7.562942286124466,0.3191191877481065,-0.1084543159122879,-0.2553888424763756
0.2908136978217075,-0.2329779097928509,-0.2173683309490951,69.96672315340224,38.67574181031576,0.3609030516567667,0.3024981522501477,-0.1848792245146462,-0.2495356098299891
0.229626274987239,-0.3066532283437124,-0.2033339970923178,83.66005232342177,44.344246366179576,-9.44252502770367,0.24554768574876,-0.2728276995039731,-0.2380124880016445
0.0676897050368274,-0.2864215739750335,-0.1689538864191008,88.1470792194252,44.93258155737998,-21.96379462869073,0.0952556136098148,-0.2796441223820572,-0.1817166267368503
0.3316358957123327,-0.5324658114676131,-0.263714205896434,80.36350857724445,41.990163199369015,-36.20877719925038,0.3281036843280783,-0.4764654746881259,-0.305343886804266
0.0768838125104228,-0.8685805300895543,-0.313887969140267,94.10426527381335,50.83982100648454,-50.47582051627112,0.1102885576448492,-0.7977389672695712,-0.3628755978119519
-0.6253385779404149,-0.8764626762053491,-0.4376917275340769,104.4081509304336,51.46153633659763,-63.06206001395119,-0.5576167512612231,-0.9067845821525234,-0.4787886252694485
-0.4471992521382411,-1.0384429567028977,-0.2031908613540245,54.49014234624328,27.886164443731552,-65.7416687946397,-0.4081913959490805,-1.0691452144048552,-0.2417173918809698
-0.2155957108846205,-1.2905331793679653,0.457247769576347,1.441417932975578,7.041601370998343,-54.74261673219912,-0.1528208170798975,-1.28953987987916,0.4388666685433018
-0.0762431012120896,-1.4807678933149493,0.3045188971174156,-18.98207432471948,6.631548108975125,-32.82581721360432,-0.0641662106622898,-1.467350082466968,0.263014283509476
-0.1665314718539429,-1.7399375038856315,-0.1447945551455225,-24.793937161695425,30.166776729545667,-14.2737954226983,-0.1139844294823398,-1.6738158790140485,-0.1890487812796559
-0.7179279308293307,-1.788889944330447,-0.080237054771472,-14.514851310708574,37.4904843400823,-11.904950235295331,-0.588773501627595,-1.7474249149874377,-0.1426275698062466
-0.5456671426215731,-1.714211504901262,0.2055481026273304,-13.182081405055484,8.322730985759677,-13.52931522772536,-0.5273237250128543,-1.7022113918718509,0.1261579859586377
-0.0354689660254256,-1.7156241001887074,0.4901176016196979,-27.30408787162499,-10.236258795161977,-8.309467498379142,-0.0244286593014725,-1.7108604281221054,0.4573117893222261
0.2225941806506732,-1.8879424860941252,0.3878658033900072,-58.22760721355623,-2.7834783777183563,6.262409439638309,0.2682889986436438,-1.8731248561684013,0.359277410041857
0.452590266874509,-2.184895299599029,0.243261453752276,-87.87384925736511,12.880371592876235,25.887559284241743,0.4781956647497916,-2.0992654050757844,0.1961873054823486
0.372734062543938,-2.297059658135528,0.2690751146209295,-79.02653708141528,23.59212874070573,33.23903955473312,0.4476046975578604,-2.2061923412787605,0.2145797172851927
0.1160474235901176,-2.213517035769032,0.317746095512607,-61.221693919132,24.366820846426293,34.75300503297216,0.2001029618721282,-2.1565342054412957,0.2570553458733773
-0.0470025134339521,-2.035428965544617,0.4007458016681983,-47.15271246863364,24.085000809004747,45.752913023924336,0.0063800613571041,-1.96088316285191,0.3410121818878561
-0.080093605272189,-1.6923891717358437,0.1832554392108886,-19.33604166503944,29.36948577112229,56.85274493203229,-0.0441413621623475,-1.6217158466223038,0.1347516583164035
-0.0671559615125405,-1.3156468040501408,-0.0727956417260582,-7.635869494328939,36.63759883618047,67.15874955865941,-0.030541752749693,-1.3024730291594755,-0.1052030439523311
-0.0590714027129331,-1.170981431356756,-0.1339992731700273,-28.866789535786037,38.21606515225896,77.09775272924317,-0.0213302649913854,-1.181882504751372,-0.1778155636272818
-0.0044540699043127,-1.1734499718956724,-0.1834269137128079,-66.3060302945613,37.52967404642866,74.37986686010406,0.0210952727442119,-1.1569761868885318,-0.2291766533001104
-0.0969486661390907,-1.2157172281844133,-0.0552576119929051,-98.2568921678252,39.05698582388606,67.67472108223824,-0.0580133530165945,-1.1820947629049048,-0.0972872332180491
-0.2736638917520304,-1.2509652206083075,0.113842922915093,-100.21714927506132,35.43239257555152,60.87474101948856,-0.2212832072868007,-1.2104920207181853,0.068469671386396
-0.41960318295456,-1.017792987043012,0.1223608815356492,-81.6650341986341,28.18391540896944,48.822305689329255,-0.3656656906475837,-0.9961882513037708,0.0846807195410692
-0.5778102897753563,-0.6188749672020495,0.117146401165172,-67.98664711551365,22.328312194063543,47.68142832457463,-0.5272811760507383,-0.6269365409893412,0.0786087328896496
-0.6040358248853397,-0.3175912570722423,0.0984951837027859,-61.80437471751017,11.889390522133764,54.72448691491869,-0.5681288208311397,-0.3289723843118862,0.071374828977893
-0.6041504143605557,-0.0978935177750797,0.0910323391310314,-60.38872502736134,-1.1756138125329765,59.77366438212229,-0.57619056959837,-0.1027707464651151,0.0672750109015163
-0.5371807404092137,0.0040974914659316,0.154747991402203,-56.55361529384824,-12.00323559756032,68.41070611094811,-0.5131513069609612,0.0137632539266965,0.1220222861672504
-0.3323995611750493,-0.0717920658584846,0.1821069506754321,-46.0073693915306,-20.69855646893983,72.32786289541657,-0.3107384012719855,-0.0502023963617043,0.1473574948570368
-0.1005089159830473,-0.268566279551399,0.1597874661603238,-31.288898491713237,-28.791263045593347,67.99723677101629,-0.0806180799672303,-0.2371076084221151,0.1159592847615354
0.1198640841461252,-0.462454113224763,0.0673949141638133,-17.098044497623185,-36.62910324133682,56.42117996143732,0.1357862012246363,-0.4094683452759418,0.0360544361194246
-0.0146973662520144,-0.5197460230913439,0.0385187093452026,-1.0498889285255495,-40.15951298044037,34.34686098840535,0.0150892255369539,-0.4510823538875227,0.0025724027186718
-0.2282080657500141,-0.3620520575874998,0.1137727905901514,33.76149564683966,-47.63846428737029,12.34544106081016,-0.1932661221116794,-0.2995430024295724,0.068960400760791
-0.2808774111120919,-0.1002342812257009,0.042930322570048,76.12364288444515,-53.19448352855327,-4.276192207976873,-0.2640404483760479,-0.0616465983193215,0.0120604669069079
-0.308050831171167,0.1260930690763867,-0.0643644485389389,97.26272701408868,-50.80541880666131,-13.54341418870392,-0.3177793092324133,0.1312877489219802,-0.0979754919980903
-0.217700598196795,0.2598716650535216,-0.1704163926866934,91.82416098579802,-45.66069078617651,-13.235004656935777,-0.2277975387423339,0.2492340895717595,-0.201541726169954
-0.1743234896789848,0.2658764982216897,-0.1836056527830503,79.17747976043192,-35.861845671918786,-10.14922126776952,-0.165882193646335,0.2577656681994093,-0.2301648717723776
0.2008126352455472,0.156318730666846,-0.0791803510256811,70.13096453504994,-36.68353027447056,-6.770101638127227,0.1753283487094845,0.1703905472425548,-0.1219976000460757
0.1574390899806165,-0.1025156634408029,-0.0060071802957509,60.00051990427684,-34.510533055540435,-7.842708308507678,0.1901122614828502,-0.0542007732929643,-0.0465832227750732
-0.479925082417701,-0.4160890031786159,-0.1236313674276398,64.25357863541139,-50.06867114680284,0.4716036550346082,-0.3729098994068393,-0.4079905175596023,-0.1312580249493993
-0.1800230022932407,-0.9824089179977854,-1.128815115006155,50.68609368647436,-97.761588693831,26.062641209600876,-0.1814034733406914,-0.9644895545379996,-1.0769540454063586
0.3410620722371277,-1.8823391633821185,-1.4669966937563217,7.355447276031144,-87.04418807855443,45.701110752447285,0.2747129871310437,-1.7617384630612176,-1.6309590675404384
0.4066434290434492,-2.267842634048586,0.5714717362231299,6.640628694897687,-22.939107158540267,65.862326148653,0.411449815289836,-2.175605476153092,0.2671842151319237
0.3071097171590914,-1.873629529038871,1.9696250104120585,25.14091435623632,7.85761963851956,74.86172668225508,0.3856588516570977,-1.8542123496798115,1.9020363372983489
0.2321194080428503,-1.4177760187015136,0.6771680145043038,21.37496924946049,-2.0310265663706986,39.25920338446296,0.2508105801255864,-1.336946151541862,0.7013462358469774
0.0865048385645633,-1.251654966084868,-0.9176605482621067,53.79455970500082,-1.2047381319654475,-9.95063247981448,0.0630200410850383,-1.133773895785323,-0.9672098523137962
-0.4323211823498118,-1.100754752131624,-1.1384128548078607,85.34534332759475,11.987377354709064,-33.527647504023896,-0.3862279919408812,-1.1317195977511778,-1.2111000640454126
-0.4392815978788911,-1.0559827632352663,-0.4731540831913809,18.809224154301635,8.792918084973548,-36.12795759479101,-0.4386478456619533,-1.1431883552986697,-0.5570846456727927
-0.3260460162470174,-1.625381065255539,0.2554542226671868,-75.09684895388608,27.942499710360806,-31.188358671338616,-0.3182903331567345,-1.6162363870852,0.2074882357471368
-0.5407679842343336,-2.4068104862378807,0.4843798374321556,-96.37709988908244,55.29650875692394,-27.659315169482547,-0.4621287214853526,-2.3571615200272538,0.4312863314344431
-0.681191385723794,-2.679506025902783,0.2390925018208201,-63.84382493697892,50.755481414114925,-29.94492577584998,-0.5810187895517861,-2.5682510427818146,0.1760301120462258
-0.7766865159747156,-2.540564593623761,-0.0578305114267599,-22.640919077415724,23.34448079334011,-27.474342169371617,-0.6841624303296322,-2.4771938306390324,-0.1048061004498293
-0.3926492550529055,-2.367160181323844,0.1149457271458228,-23.90927451758447,6.008466032342915,-19.3809324239521,-0.3953368104763469,-2.3859320405435573,0.035191427831151
-0.0824824431687142,-2.291434207260476,0.4637057140015984,-57.7860349570673,22.611480826994093,-21.44140629645817,-0.0544496772053147,-2.2435425734155228,0.4104969739261845
-0.0276589051169954,-2.2152969301296723,0.2627570698320017,-58.80742803159431,27.01859066353309,-31.555200944436603,0.0456974092098818,-2.129597025870779,0.2376378466889441
0.0465364173964796,-1.94204581350994,0.0350359777840791,-29.15472665373833,25.636906458722816,-43.06464552304154,0.0797749020439338,-1.8665039434818984,-0.007156852204539
-0.1507490485395025,-1.5110156704754414,0.054579006575605,-9.10060736636972,34.59095401776033,-54.36427762281952,-0.093526908216975,-1.4958285897979888,0.0294486463502677
-0.2756786766721457,-1.213929710557057,-0.0090991905408635,-18.477780226567344,27.95811334284017,-62.12219309978951,-0.2311294016944066,-1.2276572869935756,-0.0399981057716871
-0.3115465969053018,-1.0998563551327465,-0.0176083911435572,-32.655313842483515,21.105866419512587,-63.54554437215232,-0.2710768313445324,-1.07535742462313,-0.0538994684947608
-0.2207427541319457,-1.0693825532286474,-0.1118985386714778,-35.074777444117984,13.054681815286122,-55.890687588729584,-0.1828512728496523,-1.0701075968816551,-0.1399592670762009
-0.064683507470623,-1.0594590842327087,-0.1272890445835775,-55.64532852324025,11.237215150410997,-47.81318471484165,-0.0441870017005126,-1.0560686570423317,-0.1629905146602691
-0.1518767858564793,-0.9470399148260054,0.0410346661458577,-77.0844960497311,16.696150325684034,-43.26021474550497,-0.1119210687472696,-0.9108599819480394,0.0026948277370751
-0.1290695908485777,-0.7898302354296869,0.0272218186860467,-74.09010875007743,12.10790012141335,-39.33449388397323,-0.0969072619215022,-0.7558558201071244,-0.0081409989602074
0.0076162267755534,-0.6205663985984049,0.0518054103686893,-63.89239500470881,8.788110729783465,-39.31621630855999,0.0316415117766398,-0.5749079232838623,0.0271812259680075
0.0400097121889731,-0.3751199737895196,0.0896137218533219,-43.83936623374348,7.804734189591682,-39.81073429707013,0.0485632213981428,-0.3271148421326257,0.057717049991888
0.013493805740465,-0.1731656562695994,0.030508588440396,-23.714193511771946,8.554054304733675,-36.665156907623576,0.0204938739385087,-0.1410313429196953,-0.0116477728392095
-0.0469840193089877,-0.0728339470003812,0.1100545275003577,-18.613757574969917,11.322835422756588,-29.63798745557724,-0.0325795538686096,-0.0489828454747526,0.0711433104578048
-0.0344949180450953,-0.1005450819842675,0.1559132326413009,-12.908831834489105,10.852049314778393,-21.13348910886017,-0.027809201078424,-0.0591099874305252,0.1161779313959723
-0.0866453355758246,-0.1933425144937096,0.1424834941142931,3.191486160459251,8.470220933415186,-14.680319849993886,-0.0617205139245088,-0.1509407942843335,0.1089063147624188
-0.1074443159732273,-0.2231119626733201,0.142850176106273,27.24709154381496,5.63171612208863,-8.350733144379708,-0.0921747636286906,-0.1931571278005504,0.1025928808537685
0.0478831960572692,-0.2030970183071478,0.1001904252126357,54.69031047358974,-0.8059333113443835,-2.6724915185870137,0.0587476450642582,-0.1597157586944407,0.0618380429781428
0.1183922544304177,-0.0775793241544112,-0.0244371219085042,79.98148811266212,-5.562249047442062,4.450779397711619,0.1305649956784038,-0.0501821959405122,-0.0484878890486119
0.206127013101897,0.0290877137117231,-0.1887390498910001,88.99473219905029,-2.159468900480272,12.606916561007132,0.2041864165128465,0.0399815142692539,-0.2204093512263573
0.2323828681784821,0.0839384629589045,-0.2747009043486761,82.65004891910408,2.084341374385414,13.326883445268004,0.2295631115398641,0.0908238019444499,-0.3064165445972622
0.2715946369123839,0.099214608774428,-0.3427439367544341,73.32171803250237,12.440476250262776,11.506782969416534,0.2612094685971171,0.1171309847802917,-0.3867645981235796
0.297041667704176,0.0117456985381266,-0.280886662472454,69.32741409192252,20.43782683505921,7.480179135644409,0.3088079125506379,0.0400603766049261,-0.32221161130324
0.2368081043333678,-0.105404932543893,-0.2568402740700731,69.82499413390569,17.580349167491775,-4.448621778283243,0.2384443853633601,-0.1067898233459658,-0.2782943883154121
0.2825821902667102,-0.3590676302352102,-0.2297403308966541,57.94306661139873,13.806705350990187,-21.5483823956706,0.2894296486819622,-0.3360036752751966,-0.2722849470323398
-0.1976784130918941,-0.415038114625149,-0.0554973059375825,54.60517658141793,13.580332176685545,-42.22031546750718,-0.1806802430747236,-0.3851697706632649,-0.089711922250508
-0.0647357638092711,-0.5186066920407508,0.0919979800094732,63.575612919503534,13.659698781304732,-54.13681141464579,-0.0916043767971464,-0.4429993154667808,0.0525952590559181
0.305837418037178,-0.8311123166806949,0.1853917873257629,86.08506676098875,2.300831110986412,-60.01819092289425,0.3505733558437911,-0.7339354484068645,0.1719565989118699
-0.7017340796831029,-0.7490967666649121,-0.8636381923823326,94.95803352183098,18.605141918918545,-59.842786667997046,-0.6170500182621751,-0.8341851801759256,-0.8136657476032008
-0.5824433858374017,-1.0546672034466873,-1.5600650573008403,9.2984089935515,35.23007686317855,-42.152120160412096,-0.5495930334200181,-1.0934785633851114,-1.662083909255556
0.4928791382426379,-1.6069587895702178,-0.0685806099614842,-55.48444079079977,3.102597733628265,-29.81403592786325,0.4931247742885479,-1.484303234356907,-0.2427213696874088
0.6135550602576268,-1.9604197125108085,0.5698942480054776,-38.73882644259547,4.817611147956253,-30.03436202585822,0.6292452208951576,-1.878164692829905,0.5507809960690713
0.2585265157930333,-2.531795086008013,0.1145640119457575,-46.68204736893221,27.385154817949253,-39.62471972656748,0.3618704794982593,-2.4195748358701987,0.079895750282687
-0.2929395554892519,-2.4618005724749885,0.2009414748286674,-23.55102898985256,27.271460793554954,-46.37702497431293,-0.1977404282937207,-2.3615775155514163,0.132396947538763
-0.3118746670385909,-2.011430230758981,0.0284990470863893,19.57346826424093,29.3861797458123,-21.315196072337034,-0.2479530566207217,-2.00140560900247,-0.0012235200480715
-0.132792912204474,-1.884041314303558,0.1605835465810051,0.9401200194040872,17.977555933776955,11.93873011835667,-0.074445267677135,-1.8994238019593015,0.1069262722281585
-0.0335435563735342,-1.8653159619699529,0.4093253882383807,-38.75164502785472,18.397777580266407,35.744383299835704,-0.0068108318037633,-1.8647596230261108,0.3718085988429327
0.2402054956126008,-2.0872915369170544,0.1897621738152028,-67.74626454904927,29.841694695360047,52.78265373634641,0.3016855925284348,-2.0346878349913613,0.1447545110287842
0.1694159584635166,-2.259818041516815,0.2014604873672962,-77.55644876783946,27.054046757874595,50.99581748611606,0.2423910591521594,-2.1987624402458184,0.1565261672457617
-0.0021480335984484,-2.201127933898268,0.4312870361868934,-71.06317788724628,27.61304950424372,48.49506119409814,0.0463325855868053,-2.09842106258056,0.3978268069673342
-0.1947405047869218,-1.9586858071951416,0.4645673974142376,-39.86992779572354,29.18612789991464,55.707226629097455,-0.1464356338670245,-1.836662183991728,0.4093539185188725
-0.2924150177498113,-1.5430214454307554,0.0275768114568359,-4.37523043462779,29.844720233597307,59.66372345520196,-0.2543357962236181,-1.5393838279408638,0.0179234798546119
-0.2087764491693559,-1.214100280571277,-0.2673928996149534,-13.59795896694852,30.411223577787865,64.0367572927834,-0.1732371205708133,-1.2418319935676951,-0.2933042520646013
-0.2671349247130672,-1.0431068669299102,-0.1087147366907044,-33.95091565744217,27.494480743135068,74.73579222634396,-0.2334538735502012,-1.0291026793551754,-0.1780043894548409
-0.2165228920211873,-0.9946502728886384,-0.1490928594821015,-44.67295406970358,28.133823495628462,79.95329551263397,-0.1955087730387971,-1.0039229390350142,-0.1812663158852518
-0.2210164011824132,-1.0232832579437647,-0.1285095566412697,-70.9896505279364,35.98200777164851,73.16604593108217,-0.1870065466429806,-1.015382585668658,-0.1702241096799332
-0.3834107040929806,-1.067974387386334,0.1349327024768101,-87.79266440024048,32.85094121708502,63.313097854901024,-0.3234388344881954,-1.018750124985954,0.0832937797571626
-0.4327852370152027,-0.9968426253564466,0.2436699243707816,-69.82778785346999,16.043797300066068,53.52302731083021,-0.3863973454438482,-0.9528615123408312,0.2102210575230587
-0.4855392900870409,-0.7995973260824142,0.2449962875940208,-41.357859800530775,9.022120697815676,46.36022034251948,-0.4534158824197244,-0.7726871011473353,0.2041256795327317
-0.4998107259875673,-0.5628322951926865,0.2325285781109121,-21.620246503417423,2.858385850368875,43.23251318242894,-0.4566677586170423,-0.5350080103724708,0.1946656328792843
-0.3690348295225928,-0.2140007390712708,0.1493733910324535,-1.8988923700649332,-6.906264578905812,45.500232058831806,-0.3474532771154321,-0.1771754840778075,0.111753761402012
-0.1702833857948583,0.1316226485022751,-0.0298384096931865,14.016765675416591,-8.355595565649317,52.871866669554606,-0.1623926617081433,0.1511669901512458,-0.0651362802495049
-0.0309740576932283,0.3139513979610788,-0.1951659006305393,17.085517250555565,-10.446968851025124,56.181918943661145,-0.024459010622117,0.3075475970135743,-0.2188989718475891
0.1303413171934956,0.2861676118488023,-0.2385926117835272,9.12815689974118,-15.501626415695794,54.60824641325378,0.1247757002359197,0.2899461974306285,-0.2803617596858408
0.2584758466465012,0.0390412944796623,-0.0980746451783383,4.801364542177108,-21.331837476419903,48.31465951367797,0.2694586574561031,0.0701409054299303,-0.1287281432823132
0.1423265772301958,-0.2537281924993823,0.1539255306284383,18.117929129802683,-29.274379895893617,35.432321455314536,0.1602369275040277,-0.2227223153447198,0.1377716095820445
-0.0845803783969845,-0.4060477132563825,0.317127056151538,33.91606049123212,-37.18667264186175,17.75543370089348,-0.05061474482846,-0.3704749776770721,0.2739043045230566
-0.2484202362931724,-0.362249650814588,0.3266020501721306,55.415207229135646,-45.797342408842105,2.810462897325589,-0.2079907368317182,-0.3191143823051631,0.2983682944964295
-0.2601897019113306,-0.2107602516976751,0.0910882319429862,83.54370838041243,-49.83427184694482,-1.8607393392462728,-0.2478739277730548,-0.1946383532852907,0.078309955240785
-0.3080003569751849,-0.0191287460817915,-0.1425000885995178,100.6432943040046,-47.93762855432824,-1.7362433134977633,-0.3061402046769422,-0.0200551754184092,-0.1480210356554723
-0.2420077925188123,0.2048696547631051,-0.3178856289799595,105.36079773179632,-48.54104383611231,-0.0880195811037562,-0.2537499679247739,0.1863182761902516,-0.3373879486696086
-0.0851857173962401,0.2965625941661026,-0.5196018517842667,83.15007666419127,-47.71567126376484,0.7399221681494257,-0.0806482790365294,0.2695088678731047,-0.5565213734092913
0.0765494365860026,0.1890997197447699,-0.4033836998211199,47.87168505053759,-44.12691633101712,9.159999536617091,0.0578356687089522,0.1632545432215874,-0.4411432115111696
0.4312880319656165,-0.1342299707309025,-0.2105568241496507,11.119587546490074,-31.85058672985948,24.03261964158016,0.4206239807546803,-0.1272416881323484,-0.2860060510522777
-0.245992960592092,-0.6163240567073313,0.2437196201517399,1.8322912283115265,-26.09711459561734,31.4960450336986,-0.1296406546836963,-0.5183456263411033,0.2252750943913432
-0.8764651880060441,-0.9600476562190738,-0.1294855841030442,39.21858465288493,-64.06324743473155,46.62020859620817,-0.8185409673369682,-0.947161628604548,-0.179234041356403
