ADXL_X,ADXL_Y,ADXL_Z,ITG_X,ITG_Y,ITG_Z,MMA_X,MMA_Y,MMA_Z
-0.7285568511114617,-2.9672419162440544,0.0633911764767051,-38.52344232433537,14.875532426630942,-74.2468860999225,-0.5984168116964103,-2.887943076835646,0.0200384725213321
-0.801265824113904,-2.391092168499346,0.1720446256200759,-9.88763309236787,-17.310480576196554,-80.96838835528942,-0.744939801865552,-2.3870324330886152,0.1233089201833288
-0.5790626564032529,-1.988053179701342,0.5390450489732397,-27.099728216965296,-4.1089809880664925,-78.61710575161833,-0.5617176255252068,-1.997238390378928,0.4725239873841086
-0.6269798650438299,-1.6984853007035816,0.3729260246170587,-45.85792309537018,18.79312983836764,-91.98213721816744,-0.5223689932593985,-1.6917148214074018,0.3707977136591156
-0.5575867674840423,-1.4734268447698626,-0.0192247699650705,-53.27604891404879,2.514702184522762,-110.36362393042316,-0.4886981542103569,-1.4127348010113794,-0.0564890027358402
-0.2999921949696612,-1.3036789176813002,0.0675126845976364,-32.46181024276548,-5.220612590957907,-111.9513527450748,-0.2612524658195955,-1.2253219660098964,0.0303992930661428
-0.3756277965901193,-1.0609499060936876,0.0969102020739981,2.019826830563938,2.209808513500238,-96.00833043119572,-0.3250591214023362,-1.023882394007774,0.0631643029630183
-0.3627166054772464,-0.6026358894791439,-0.0170953663818996,4.50134958410718,-0.6925228197375479,-89.28541716295864,-0.3399598628493473,-0.6241822822372429,-0.0475354516283396
-0.2587111722945513,-0.156905580152091,-0.0559203212022212,-21.744716909398136,-2.512271630445348,-104.72741037505035,-0.2415673551855325,-0.2020445003608661,-0.0896362739857946
-0.1604675897055405,-0.0329349868011458,0.1005395006719532,-45.59174755453301,-0.5113310599461406,-100.90915664734284,-0.1457919403309112,-0.00395781548137,0.052184962174453
0.1304854246751125,0.0929507784103616,0.0773444038796484,-24.84264192639983,0.3878564587756372,-89.71325287422962,0.1417808501800269,0.1658344239127162,0.0586285896618772
0.0291739514757555,0.5968537177097522,-0.2492846348044162,25.24284942212416,-4.028387810583505,-97.52241370144571,0.0527080493836139,0.5839908875551799,-0.2473108768195091
-0.1205721424470738,1.039722440293731,-0.5876626318233433,44.02637205352404,-8.735132664836202,-83.7202337398173,-0.1362825163387407,0.9272505215931128,-0.5962825457242033
0.2275803947445085,0.6413324862634122,-0.7140114950298084,-15.056084797090788,-7.552684327555,-30.514305750908232,0.1799805589612245,0.5917154906395392,-0.7742675753466275
0.3185140661387935,-0.4433988279980997,-0.1825478910703812,-103.1559410123505,4.112948404945122,29.468748827411066,0.3226731331994577,-0.336194561288291,-0.2507754421739925
0.133669877716496,-1.177427526376373,0.4544273360031644,-89.88531192935102,15.002123599346268,56.11400380493334,0.1886748157628366,-1.00552139004568,0.4062007071397678
0.0645286670803126,-1.069820071925009,0.5781907212484636,18.11673514568629,4.6455290444830455,49.26714460157637,0.1220207716757282,-0.9357442987059414,0.5303363182852062
0.1752742012380689,-0.5756240617926714,0.3953156392312755,105.02351012433958,-11.89012524271349,40.45181388433135,0.1924323853718797,-0.5216322437738015,0.3618186934190741
0.3090279954845644,-0.0689766767942988,0.1816996563391015,144.11407501678767,-12.004594717923617,36.67944357171199,0.2994463502593011,-0.0515688895654332,0.1759070900415997
0.3556920874029456,0.4443394235530842,-0.2389618122600457,162.250641554338,-1.928611388946874,25.959675555522185,0.3284319734467186,0.4297222276732535,-0.2438302187641823
0.5306839107908384,0.6385161235947325,-0.8583208886385875,149.0172389322236,14.592066631847054,15.385467643461585,0.4659570755215095,0.5810002914642214,-0.9243147386548092
0.4830041998231704,0.4532602062784516,-1.1167270388766797,98.170473256208,43.66543804390684,12.62757991675644,0.4316365118561119,0.3886991840386173,-1.1826975873634415
0.4144489069026738,0.0530308738539489,-0.9613583186432764,36.81063443101143,70.74311641310115,7.613562112076504,0.379095478185206,0.0405650802814349,-1.0159761654241042
0.3966439417681476,-0.4762861755272591,-0.3529488712750534,17.32669089657025,90.52826929398822,-3.7477494996698377,0.3874087648804599,-0.3879095751862474,-0.4268249658126687
0.4249387333512797,-0.7783444596236972,-0.0551526247597578,45.06212117189287,96.79742613146594,-22.89533642846728,0.4336401545166377,-0.6684861657390355,-0.11558541822349
0.4675355705601512,-0.7732957013402011,-0.0883144257111134,78.44704219275752,92.0681091299832,-45.190719823625074,0.5017167390816764,-0.6951984982086221,-0.144529211324113
-0.0492191581360918,-0.3949545362667796,-0.0262876243241735,109.97084036330672,83.2220599140254,-65.51437537186912,0.021824397746514,-0.3857402322607053,-0.0577637432172672
0.3624411435286221,-0.2556520883375442,-0.2933327136905554,108.34712273843562,56.16076143713303,-69.46388856241315,0.3155577148265278,-0.2462393909422131,-0.3198428020055859
0.5476900291157243,-0.5887475122240575,-0.7142287870649072,91.55772958084223,69.95373929493837,-69.70670379751722,0.5480115859412054,-0.5845892592581449,-0.6903349942126935
-0.7773789713515324,-0.8309039016391235,-1.980249027971816,30.958628758277083,106.92533151811296,-75.4280303709141,-0.6717369539984661,-0.9234018051658932,-2.0267655746959496
-0.628839202695024,-1.6997764326336569,-1.08232314896258,-92.28440999215708,84.63183631277332,-44.09586072098924,-0.6033174937984943,-1.6220478402155385,-1.2966239062036076
0.3699985252361351,-2.412436670443207,1.8389919422480736,-96.8731138491582,35.89227576118671,-39.69231325282634,0.4704865369783035,-2.285515215288975,1.764561844028015
0.4314517255505523,-2.311527127617381,0.6975127738220268,-59.011946330013245,-8.819269915705073,-69.40263611761019,0.4845820032069274,-2.339362220251017,0.7216440115390772
-0.4948846281191274,-2.7025681749523702,-1.0764956832709809,-104.14154063777792,7.0585680274543305,-37.89217399569134,-0.4956738404460044,-2.6367709508732147,-1.1522074231401749
-1.5023442949179258,-2.8467469978986064,-0.0456611858088852,-102.31126661423464,45.25689283754574,-5.531261970657981,-1.358770067170492,-2.759458703548027,-0.1371631125186477
-1.026911919369753,-2.452832566191427,0.6398992791076856,-74.85970911634959,5.172740746972591,8.94550845053919,-0.9209379946292372,-2.4339209181548576,0.5803786429800426
-0.4333157461084032,-2.3860042023480688,0.886024157289695,-81.00671668528199,-22.886017990464,55.750945175860586,-0.3587846205372621,-2.394594578481912,0.8521713624241736
-0.2068739082181385,-2.55652809141222,0.6373744934395175,-103.34587245505756,-6.794354575475947,112.85686490695196,-0.1078036683262491,-2.492271407365478,0.6153514801907647
0.2519269830450643,-2.834976766858139,0.0733690625872633,-86.78538701379168,-9.399965935852435,143.00422351491272,0.2941465125954815,-2.64739515320476,0.0458592539577171
0.6287809992716755,-2.6425159738210557,0.1711719692985164,-18.635298405701626,-11.813000054088008,128.82910232359495,0.6233037657831777,-2.566370939942568,0.0993851066383699
0.9330840251508858,-2.0605755584906484,0.3582052750693045,3.000170718146004,9.054030244809892,114.5023101201309,0.9555038105868818,-2.088613100115684,0.2930979958136361
0.5988313898293738,-1.6817595255776672,0.3593506966629707,-23.841151610991133,34.02842868256348,109.1847678291342,0.6762125269434686,-1.665655104650957,0.3246189541315006
0.0698285713344303,-1.5353157318598778,0.2208726628488283,-37.3078911178173,41.574463240014325,100.54712530599797,0.1131894484929989,-1.4496954219132658,0.1669953750251022
-0.2808577803775642,-1.4067487044122604,0.0994407521393954,-8.372397595852185,48.05964947848676,95.24683461289968,-0.2389654188935188,-1.328345034098154,0.0616657786012834
-0.601408441016421,-0.9127206021784838,0.044587128213318,17.963524734465484,49.64945492816996,86.57120160587588,-0.5575346146704966,-0.9505754003011484,0.0184659153812403
-0.5557921977841276,-0.3232323587186282,-0.0960148813827504,-12.684475220703384,40.25671337736866,85.65722878022599,-0.5552343116588259,-0.3957877927857445,-0.1141195255815497
-0.457998338776182,0.1209784352408867,-0.1248101851537111,-50.34958990322284,33.17631443014869,80.76666889562745,-0.4466139958706814,0.0810941476720133,-0.1372278498345276
-0.2522126333912505,0.5062419552949187,-0.0846722045516217,-57.97236397260186,19.091214011589116,83.47376546519736,-0.2399365139892431,0.5070230410792295,-0.12144652406143
0.0214101482086483,0.7526962958468457,-0.1913490742321662,-35.44192608415483,13.427114736428248,105.12265769548468,0.0089549682078447,0.7870285366184511,-0.2376712619572187
0.0567437223776709,0.8016516234162694,-0.4935084966540735,-7.183704474806804,23.45342389875388,115.42823892518352,0.0345332884757086,0.7726053644044053,-0.5383676894581559
-0.0753397255038464,0.3423713752816991,-0.7461139353093968,-36.977559284865634,23.44338105880316,93.54860689939642,-0.0737333937170264,0.2524486766610806,-0.7887555111951056
-0.1765605392815206,-0.5539992645254663,-0.2373446755105078,-110.20164348304446,5.539425897917949,31.05484700532025,-0.1422447404000422,-0.5436081708896197,-0.3064357535100015
-0.0090868979497592,-1.2999783724807046,0.5784749101213038,-114.15013135013014,-20.798124006443352,-25.47956175470475,0.0397342964554252,-1.1223789941922078,0.4991216549244883
0.0462123515193589,-1.315533154947382,0.7015695375169078,-4.980220926832627,-35.86730418079482,-46.13441266596336,0.0829124743897863,-1.145843130766797,0.6550603301740792
-0.1141682730527248,-0.6659026026986882,0.549110423403103,112.4910400429032,-24.844622861769512,-44.1425989383802,-0.0961418211078309,-0.6355830705690018,0.5238272769721837
-0.2257068485811083,-0.0824324216772907,0.4007742143715368,155.8508656355655,-11.400849548704423,-26.578381970101464,-0.203480839621517,-0.1148739439137364,0.4063377865959279
-0.215669389399796,0.3202206057786644,-0.0298670671325376,152.54778158639786,-14.53254360228618,-14.097105973783735,-0.2077938725781817,0.2712098263615204,-0.0020290975391926
-0.0986996430006786,0.5441082310264354,-0.5788272891184613,127.9506313297743,-16.803492340760926,-4.012032679942649,-0.1079687523424407,0.501063384367393,-0.5760421619204616
-0.063081706000232,0.5286953243326855,-0.8271680528462265,103.41338760346058,-19.474195019098666,-0.3423789330798526,-0.0759000604745469,0.4989092767125469,-0.8814266642515123
-0.0820346497832343,0.4283905065607301,-0.818151488787469,70.70653740170283,-22.670107785194126,-0.742090630005303,-0.085445176796866,0.3764040445532431,-0.8817733572543416
-0.13547685034582,0.0569933959931874,-0.3967343273636044,31.95143118024908,-30.87237176188701,5.604032853750255,-0.1265967380180973,0.0968140526774685,-0.4552071435898804
0.0531287948067719,-0.2821652722896428,0.0270853469361706,48.91438439149294,-40.09893898732747,4.46115067352288,0.0579228022226192,-0.218548473672502,-0.0302577328116622
-0.0652018647084288,-0.5588004839877493,-0.1743719445417376,63.71418408014663,-22.54201797482192,10.99930452725854,-0.0545492227506292,-0.5332897655934371,-0.1809804593279194
-0.9256329035208464,-0.7517203436264822,-0.3366444152697592,71.9258747005393,-27.367670787348395,16.633148933289753,-0.850020037233408,-0.7099703320238504,-0.420512143046027
-0.8399338376289349,-0.6794245948153196,-1.87228429512516,65.03034002261552,-79.69607579135916,27.358720247175945,-0.7334994516287557,-0.8108990630069716,-2.0025937927599604
-0.0460086710298095,-1.6337569043445686,-2.5473630885848144,-31.218150380226152,-101.5476120038387,55.01633043763819,-0.0764670420239143,-1.5821260379166056,-2.652303100587715
-0.1636424959190205,-2.5875851273057275,1.1824328940417008,0.1749340804698095,-47.627983583022335,57.8877975766969,-0.167557921934949,-2.373020366592229,1.09525078267345
-0.4848977871229171,-1.764933064270974,2.8605604371539477,91.77690426304969,8.492959368107085,55.27800042752642,-0.3560764996129351,-1.957664797852744,3.0670538358790944
-0.570415741917948,-1.3929061305456507,-0.3233558410416728,-10.384978378340683,7.460912993819603,29.1812506860693,-0.521565698902278,-1.4850080551932114,-0.0994775254893888
-0.445897005108917,-2.2130199917496505,-1.9868831960645688,-78.55195081404591,0.1302752885744193,-25.78150895503441,-0.3996331603032911,-2.017922310836986,-2.134527794375204
0.6555138454586398,-2.4704759503119016,-0.1885039008765731,-25.51606275419191,-6.063853207819926,-20.88075539365193,0.6316683975983617,-2.387670370622915,-0.3973965052648734
1.2309015580846092,-2.369958947195744,1.373208247957138,-10.932096888714437,36.1988935918723,-8.440653303238806,1.1898720104738572,-2.330126251223769,1.3184017313589216
-0.0168641325239693,-2.745565878646218,0.7507377180350079,-50.2994735271965,109.03615040698864,-43.06824753193317,0.2041126423964631,-2.679915862201717,0.8005717485291577
-0.9471153028399032,-3.109703206173997,-0.0683888795915397,-63.7906121416848,72.96168991052777,-68.21701386450863,-0.7455817585673492,-3.0061165284251574,-0.0639728150034454
-0.8069630920680962,-2.938638803073677,0.2500775420253229,-35.28651826310632,16.370599478261244,-74.20265117271715,-0.7481874609814914,-2.9010005176887743,0.2082530484507569
-0.5086762134577762,-2.681800386145035,1.0047068277189686,-50.23978966117821,28.681639690314043,-70.80494657025869,-0.4411498940808286,-2.662460552375403,0.9935088376046384
-0.3443918998569454,-2.4571363485296005,0.942760991568768,-64.85285957604432,42.69313497967752,-79.85416894343315,-0.2677964070771108,-2.369610069422313,0.9043992624116496
-0.3437250832700214,-2.047572183304996,0.1845606757640595,-41.63497653979745,34.89112722253939,-107.25820489903082,-0.2633468963987996,-1.983695270091924,0.1504068053656296
-0.2176996269900229,-1.5232143170074828,0.0717251943793224,-14.586421375020404,22.177404047366466,-123.46934664793704,-0.183849911549403,-1.456503691180028,0.0177493497949264
-0.2679122059271466,-1.0598292887680074,0.1096723559301167,15.96678773946509,29.074873098970052,-115.55745226668886,-0.23142413992875,-1.0493816674813048,0.0541614602140446
-0.363198244851567,-0.8714850351297367,-0.0715820305294888,0.3699064118133756,27.40349050334912,-93.71235958258724,-0.3324109130987436,-0.8725400232593403,-0.1018771433275038
-0.241234780811945,-0.5468796989387102,-0.119835935686098,-30.977640207049685,15.382038527213302,-91.91202081532712,-0.2423759418388321,-0.5180295675987776,-0.1834803661998959
-0.293186927159491,-0.0597628786473929,-0.1851675580712996,-37.96876472617315,22.418500419378194,-105.81454107505388,-0.2784694725918062,-0.1144121608341843,-0.2385680307599654
-0.1565478786248366,0.0413330894175635,-0.0771076144220983,-65.23725914447728,25.967366704814086,-88.73147129739964,-0.1648637290507235,-0.0007077028563942,-0.1316116370510016
0.0973754123259269,0.0740643584684241,0.0201440546719657,-84.04332324961814,22.81828441724081,-66.2441803972751,0.0876678056486638,0.1291511745976939,-0.0314203770083839
-0.0109378707885899,0.3766550800059535,-0.114611746890381,-46.11799627103797,22.6669120133861,-81.24919604123652,-0.0072943097840693,0.4436194975925652,-0.1391586056670428
-0.0281334722346603,0.7152650386512271,-0.4788818547663188,6.224904712740522,18.572355594487803,-90.71637008194016,-0.0218850723224258,0.6783534338615497,-0.5027284069739968
0.3805678301887084,0.568010423167517,-0.8308660072633749,-11.236808138774332,2.157989897446876,-62.21975590920158,0.3570769893716938,0.4861711108708522,-0.8699551400793526
0.5789017092013327,-0.3935313319565922,-0.3945669598787278,-85.76669767225548,-0.7924537661534046,-12.864498373910193,0.5573493557184629,-0.3156654446286523,-0.4970065329515684
0.0686712881055074,-1.2744928311024166,0.3159681914713655,-89.5694900909037,21.61598845046816,27.19264891677164,0.1418069826568451,-1.083594959602853,0.2256140896666373
-0.2435684266478879,-1.3314426107477444,0.4993554339425121,4.335101986060043,25.576663060836783,38.21878839722279,-0.1694805986605793,-1.1721105426576364,0.4643371021267003
-0.0505645468197647,-0.8881090300171073,0.5588802346928139,104.46101956658843,10.28758881632039,37.5902786310572,-0.0126272184050503,-0.763214508763033,0.522776667064767
0.1596283754719538,-0.2308935597716314,0.1892322587190875,169.52880214638864,0.4164206871685069,34.37300796893461,0.1644734744468093,-0.1884490686258678,0.1802729814808938
0.3805915365686395,0.2574468523091975,-0.4020824159058681,182.33907961219916,5.153694123106051,26.295179593575863,0.3454707761419344,0.2391663351172792,-0.4156496188607839
0.3958081479119159,0.5132267145904601,-0.7951403990502472,159.16061908232905,25.32203091055574,19.38125351252311,0.3411048707876963,0.4933169984980672,-0.8184598367067331
0.4275098366094519,0.5987762463176136,-1.2372512848870123,123.75775848105494,57.89261569821559,17.927212671408455,0.3562860348054686,0.5376861558736613,-1.2887399860671436
0.2114556782844829,0.257939907150487,-0.9547915058901985,65.83064201305017,89.7988778392585,18.06930315503825,0.2159058293521326,0.2487407793059947,-1.0638755983035562
0.0685467930478188,-0.3720290020606617,-0.3271339964686549,37.11235488932835,94.15053957920846,9.986805700441558,0.0772513750682672,-0.260863463385489,-0.4058485718115108
0.2381383923025747,-0.9211225983831264,-0.0392095554662971,60.20529744478727,89.77774502769174,-7.809675429583315,0.2755588115344386,-0.8093181248521385,-0.1020672862113638
-0.0620876249693839,-0.8676386108663702,0.0383255296918412,95.12968339917803,81.19336336000474,-32.66260371484585,-0.0039364245226623,-0.8299810736109992,0.0107109035752218
0.698526947583487,-0.6967882466064248,-0.0423580308678716,115.44944339878325,66.42951114152825,-51.30122309546688,0.5910383651669069,-0.66057284075677,-0.0540660455430548
1.2100623361782947,-0.7859965299103776,-0.944244135798688,100.50352212367828,70.63948826927535,-71.2253923902742,1.1234981185068988,-0.7837427678637958,-0.9749876605156662
-0.2419027984262977,-0.8981213340363924,-2.4998203798355023,25.14857379032293,82.51420064274686,-83.45991295074508,-0.1836438809920304,-0.9661141811826506,-2.579693715793693
-0.5507547868809912,-1.8414048401730156,-0.4939489926082894,-65.17944180905519,64.61301663460046,-54.76235736398682,-0.435010522827511,-1.7556999173303314,-0.7591827911955606
0.3507447495547808,-2.383933511495955,2.6940912036559537,-49.08694741713605,1.2235627948814802,-50.24971791243804,0.4249927533405143,-2.2754724335402794,2.6086001416912987
0.4928145210159776,-1.8020540537757563,0.9802762896848866,-19.782812515769304,-16.90741953037798,-78.4025990608234,0.5259211023084825,-1.88168772154873,1.169239531412091
-0.4118924950793048,-1.967067449983892,-1.1128543417016756,-91.5569636877628,24.65011720315548,-44.66804479743361,-0.3249408009480546,-1.9797728374399923,-1.1091695603275498
-1.571381744689809,-2.286147223991218,-0.3615535222463522,-123.70000787543198,20.07423836415592,4.38087276812059,-1.4632730946892654,-2.2005658093329163,-0.4204637460674335
-1.4923663955081778,-2.0413397006801093,0.4337161420198969,-85.69189142345913,-30.66463834276593,14.065331776147415,-1.3404028973674842,-2.020234668702165,0.4376300538428552
-0.6362873749028325,-2.0003555448987136,0.6801308644476634,-74.90204595442019,-72.00096943976943,38.15015134402731,-0.5559338147966923,-2.023139453100435,0.6473647285538642
-0.1198722358090312,-2.2350730189191306,0.389504073000527,-98.39338317580244,-51.01214700796785,73.64596722946526,-0.1308879660053307,-2.178038577001902,0.3908099239204246
0.2149430952221757,-2.661593737486731,0.0358759369743742,-106.1480400138685,-16.213713925843884,90.14255712957288,0.2435094563187779,-2.500676327641028,0.0105657797454345
0.6239308828780938,-2.7675867077633995,0.2897881923452703,-74.6035188423158,-28.2171513639443,90.85747736140496,0.6437303112123375,-2.653078527242622,0.2064814678548459
0.788429523923546,-2.3772118936972064,0.5735847271491735,-47.76002090826002,-22.62640763955265,87.7228556420956,0.8274588945192036,-2.3329149178485804,0.5182250226777455
0.7090815654988273,-1.99826398299813,0.4225795419663342,-42.73744822335339,-2.225522711583184,95.63930721671755,0.740746089188185,-1.940663569154242,0.4063131514176779
0.5708297651323659,-1.7975905744139835,0.1623357021454494,-36.263643714836725,11.432428558230404,101.8046140925414,0.6050634733799317,-1.735452658813103,0.1271108836293487
0.210870350286681,-1.611478180974418,0.1996960990308964,-30.06099620786596,27.769153388191047,93.70544624972672,0.2978598991374123,-1.5709198029440672,0.1344666136933903
-0.1874866346202003,-1.3677654108115942,0.390737727274264,-20.082576135458343,27.69815147266597,90.15793331657854,-0.1364715312879209,-1.3099772621027357,0.3415330142789085
-0.4598441467439249,-1.076044926782346,0.256485965179042,3.2664348464030164,29.463931950740303,97.62750984549297,-0.4351190866044974,-1.049463763353281,0.2321584369190185
-0.6460376204565381,-0.6212457727324551,-0.089057770911082,-7.311470076149166,37.55630120993771,98.22892695288807,-0.6126471871674958,-0.6824182709854203,-0.1064435255401786
-0.545474214019751,-0.22605412351088,-0.0961014920680526,-63.53827353751955,28.7307318338868,85.21541226594181,-0.5142348674279088,-0.2471740105053439,-0.1278108638471067
-0.2815619259716714,0.0235410293129012,0.0326718665910207,-81.13474052959756,10.731992282310314,71.66645836646681,-0.260585039550413,0.0648550814588397,-0.0075978590862827
-0.1303745856491246,0.4258472956510097,-0.0211626475001034,-41.250492963646494,1.6637947530994217,78.26065630498353,-0.1219334972384022,0.4771388746929896,-0.0626290602771784
0.0681198581449017,0.7712441489972046,-0.2916855124423571,9.87747058494209,4.162297839314981,104.13134806378386,0.0460815952723831,0.8075879138273423,-0.3522582887322975
0.113539270545418,0.7346722950071936,-0.6511564864787663,21.27445650723962,9.68387115380206,107.62461403132448,0.08385405337549,0.6456734471408353,-0.6972970489874746
-0.0994656404178357,0.2089111304592644,-0.6226502711481396,-44.9225673140487,5.8080757126788285,67.61677057083398,-0.0786156728741557,0.1321699976521159,-0.6679050158092332
-0.1401086399873636,-0.614873246261814,-0.0501983658152414,-108.81552257772933,-9.343002214383324,9.622495933730647,-0.1029845420020816,-0.4870489734216257,-0.1609955198651466
-0.0262659567771292,-1.1805161700748863,0.5892263879763201,-76.86518259424935,-28.905976788674486,-34.085954488919754,0.0108437136498314,-0.9606893306535949,0.4814502314970736
0.0502749833577149,-1.1213957006859503,0.721763144636656,36.05317706299664,-37.54116623586566,-52.04731031448663,0.081604641612794,-0.9579387640934618,0.682024774595626
0.06427421860091,-0.4424788572921563,0.4822855240695325,146.55508006197232,-24.588853172879425,-52.3358657669697,0.0642490330486744,-0.4280689757589379,0.4674572692880058
-0.1016877631763054,0.2412124684789772,0.2319604863756785,173.75410944947984,-4.718360953336775,-40.82192497782216,-0.0884524779460576,0.170106077470025,0.2197308788375514
-0.3693235521446804,0.5961231168338746,-0.1266508564946317,145.89137508140354,-5.409043462336388,-30.329515482999906,-0.3219423782968742,0.5206444193875481,-0.1217687348458911
-0.4086010671227111,0.7913383513128176,-0.7576098328399308,101.8206827899746,-28.28968263493342,-24.392790232323552,-0.4104407451622749,0.7016078114468244,-0.7451486191899467
-0.3840240609905649,0.6057321461809164,-1.0319723589841463,49.173958156302,-37.9122006665409,-19.847924651407347,-0.395448060529862,0.5726140050240851,-1.0782667745395167
-0.1364888341726633,0.1901553489462473,-0.7785193502942743,21.177703694529647,-47.61654533596484,-13.465436912347196,-0.1156252176932592,0.1604823592401505,-0.8524214969972076
0.1823601934280621,-0.3641054335688527,-0.2790031662097463,-2.3218576748800763,-53.22468521349562,-1.197586648928663,0.1856289832971308,-0.3317705765105756,-0.3234878433043996
-0.0309056286840444,-0.9056648814445531,0.4611459618061866,6.24763504641393,-44.500397092101366,9.536601200071091,0.0181481521198822,-0.8218594206973902,0.402442520159045
0.1074923716090698,-0.9480497437735806,0.4287805789128757,35.930874119850365,-46.81288152486443,20.863130407451628,0.1077989427538114,-0.922041322697576,0.387908835559508
-0.2784405122625674,-0.676783709872846,0.6044862845502452,56.232362331911936,-26.451323892264757,13.319090312348088,-0.1813229430724093,-0.5851610566259164,0.5677077741857227
-1.2016404816801798,-0.2846240169370347,-0.2609358117842197,103.2266641758542,-64.08541515115401,15.354513876735862,-1.007953735680616,-0.3956464848197477,-0.3634931494955014
-0.5490942029935134,-0.6834188364224082,-3.1433984067201184,23.717973177775598,-128.92299213809525,37.734669201828126,-0.6403198426220557,-0.7907420373245106,-3.4872181904056507
-0.322522235231538,-2.043739163491153,-1.5776687236496223,-85.80870654184233,-67.63211168006242,15.64604593942879,-0.3277064030162446,-1.7718922898101948,-2.16065936106141
-1.1986023683066145,-2.4969464119110807,2.0914620661724443,-10.89412949802614,4.553119549278705,20.241045129913232,-1.023120917309851,-2.4585050595621523,1.934881423929243
-1.1776824568748077,-2.308269680555308,0.8913006970549706,-10.061222799267927,13.378774616031842,58.02708308045204,-1.124402720229434,-2.441811650000465,1.190181764072511
-0.3363355985870565,-3.0267797303929123,-1.18187138964826,-112.38217337007757,-19.58598486278866,30.87858612391376,-0.2620151732443685,-2.8875109392055647,-1.1434461577334267
0.7941902212293234,-3.579762844370113,-0.7214337307766063,-98.79342905611912,-48.03723683132496,-4.928224103032854,0.8189913811522886,-3.4161093632209933,-0.8734000748130022
0.9849984030513752,-2.99916030262316,0.4465264770202762,-46.85186292711893,-3.5133176274838904,-25.515506762935097,0.9965848137375106,-2.9236324005248826,0.3756107888697699
0.2471887121103715,-2.5084588386254056,0.625328518919946,-37.29780238508712,34.06708432573669,-68.86907147739642,0.3376254642933998,-2.457226258260289,0.5891310082232928
-0.4097558373128263,-2.467820371902007,0.1622182730919046,-37.47909035078071,42.20932751553644,-106.36181948100686,-0.2866389231694544,-2.4102430909599337,0.1470569998151574
-1.005154129425695,-2.262326606973919,0.0269729349440005,-23.45486138876042,23.94475460868929,-114.00644219840204,-0.8520260640243469,-2.22141263177198,-0.0076768156459847
-1.0562149402692635,-1.995646470954108,0.0692985177917765,-21.32282104585618,-17.365565121727062,-99.25627855991308,-1.000849982175647,-2.0055173228210474,0.0333700127274302
-0.9553259695623476,-1.809664418418444,0.400087605989628,-48.28012851456961,-11.184445518206749,-84.77917349919963,-0.9051284537344956,-1.806904248785414,0.3660956896169051
-0.9779755994542472,-1.7137133214244455,0.40400528513273,-60.83653156034284,-9.105937157236893,-82.51657477713367,-0.8743017357882028,-1.6886638788493613,0.3679029177521919
-0.5774028103445322,-1.6418846084096683,0.1256746881946,-58.07704766220948,-35.43320523470692,-85.59438969196414,-0.5300074640300569,-1.5873792687377335,0.085553245069411
-0.3199164242789869,-1.466126721428506,0.2459465056814405,-37.625181031022166,-41.630833376940735,-89.22694179072884,-0.2689526008704098,-1.373502665106041,0.208815707221252
-0.2578361366310649,-1.1004409810566802,0.099861746874353,7.791174241117847,-48.6540702668413,-91.60270276856728,-0.2214131073300796,-1.0672962147130582,0.0847384961266379
-0.1078685832493133,-0.6654359778549979,-0.1179625760797538,18.797527211660583,-51.4088258773711,-90.22889289250818,-0.1069643320306735,-0.6967677784043478,-0.1537280079364397
-0.0750497008362383,-0.3318980384578671,-0.0838106157478721,-4.562155957024686,-45.67666769280728,-92.48574152808158,-0.0683656837846438,-0.348318238254159,-0.1221639632692321
0.0459413142622713,-0.0003253703010413,-0.0797344698924393,-13.390733087386485,-42.058297888679,-95.90310085435216,0.0228073849541504,-0.0113028912699075,-0.1151960828532617
0.2776434545680403,0.1963177069307229,-0.0143298701095237,-15.042313932506232,-27.774950831619304,-91.14155805298444,0.242202066070319,0.1867795577791703,-0.0546286798638488
0.4439157623681549,0.2532797246337027,-0.0403881080844558,-23.991751376405706,-15.9874348361925,-87.41798089258936,0.417846265009882,0.2579419794675293,-0.065825028422908
0.4205156095187833,0.294648116255065,-0.0779833826754096,-30.4016225306215,-7.954669340636674,-79.13728274654116,0.4110226300159401,0.32615265544576,-0.1064708854925061
0.1626498640779657,0.2763921254017518,-0.1219140165637838,-19.79535069541881,-6.1542619261638745,-61.68269278278999,0.1824974495765768,0.2997842413094153,-0.1486220583449995
-0.002234256042304,0.1574550628291102,-0.2130948788960557,-15.474336381918034,-18.018437994537543,-38.20606085199426,0.0127451109708908,0.1535018895112059,-0.2437689581445043
-0.0425779731180053,-0.1838734507643137,-0.0599675970371892,-25.78541001152906,-17.515281014407122,-4.686573824595801,-0.036144596202307,-0.1415644832667387,-0.1133791997249381
-0.0982861450841638,-0.4712244033092567,0.1975559033913077,-11.09515489742776,-10.789948646290163,19.425664499865253,-0.0831342463908871,-0.3890700867643422,0.1397008627448202
-0.0204702729605542,-0.4698557800895366,0.3648827023677293,32.922474124174904,-15.515102291417897,25.72887276501225,0.0108162658026964,-0.3849934866705445,0.3266802176566743
0.0906124351137634,-0.2706699124224568,0.2405651786736208,83.10361464497932,-23.549236838246625,25.15215829704235,0.1203569467293316,-0.2084067011798139,0.2013196765906537
0.2300334965813955,0.0039926110790859,-0.1658849687066536,112.44976649524337,-26.820704139939156,20.149637875533053,0.2160821899879134,0.0327796353461314,-0.206656359374355
0.3565440873031911,0.1962144469379796,-0.6450468832864664,114.14655071187516,-10.179590498503211,12.191106833453231,0.310728084167938,0.201863569367135,-0.6658740524361684
0.3335104287036838,0.2763643802075939,-1.0326073778362073,95.10475905691828,21.3658549851208,1.2779763951896672,0.2919210027237334,0.266597407034789,-1.082382502308957
0.3056294894388371,0.1184118669228994,-0.8930872369086861,66.33273515732017,49.84231793056706,-5.000479685597362,0.2967097380248583,0.1380478092416771,-0.9744684376780944
0.2841204411533637,-0.2135188700029361,-0.5904241621151057,50.52518931881959,56.52308112678829,-5.586052152934046,0.2939638538965695,-0.1734894947426003,-0.6589903493357971
0.3471799944970475,-0.6436579379262173,-0.1751750439176069,47.2024931827382,47.58640439900916,-14.223850081265244,0.3632419996327374,-0.5639634725298086,-0.2525126202140231
0.1223774317559602,-0.8623327145404905,0.2924384319936132,70.2511515072002,44.91586785700437,-34.91038181327307,0.1787153738384307,-0.7948887877709955,0.22498915876373
0.0114610907016331,-0.7105688780833244,0.2191928346228193,102.57954310327496,34.85279505382397,-49.55750657214892,0.0515120907802666,-0.6682394163800729,0.2022810658182774
0.2601277289103574,-0.7120099594870961,-0.0659453276381192,128.3087905998211,32.26512185633612,-52.67512272531659,0.2397469981422081,-0.6643375328208896,-0.0854803397730213
-0.5402257422308767,-0.5651760869408691,-1.6552591107472496,96.6044635037328,41.63595204002974,-63.42948396492633,-0.5686703530713763,-0.7343070636599298,-1.7061286279811108
-0.8970771356276921,-0.96598224799695,-2.4798380487115264,-71.64030536484967,52.15523395914469,-64.34722514201377,-0.8605331908114304,-1.0734428940700027,-2.6133249538371466
0.5206750236971917,-2.307501429903533,0.3587027043431559,-153.3275263207458,33.40806789769034,-50.0603971378336,0.6384395392796006,-2.078540416793502,0.1760961913106565
1.3386948038763395,-2.6914735895560424,1.5427725573681186,-66.7287388221177,-36.54772300958342,-59.13927430101916,1.4279549479041589,-2.5792608755251814,1.5425729393635574
0.2883351952170051,-2.7276098008551064,-0.3152499544106855,-68.01697887700118,-36.154932401422656,-77.36556700870476,0.33738227111988,-2.7122311912098755,-0.2421075802665161
-1.5581480171627606,-3.124068665892888,-0.2515412668506125,-90.77747887456378,4.550809199464831,-65.23714719481421,-1.4298572385195198,-3.0179914249236197,-0.2791568064885492
-2.1323936157610106,-2.7456237952077585,0.6709936914766719,-41.15352252042992,-46.56900986505919,-31.037722922236764,-1.925150907561104,-2.7124640831452025,0.6668195451987264
-1.2201405189068304,-2.461242628734981,0.4039675024573527,-24.20494616517432,-100.17252645424952,-0.0022277621562759,-1.1309402183438904,-2.4124858543172607,0.3727638274710852
-0.3883664185572117,-2.4927909533600308,0.198279537813076,-8.263335137421178,-92.84892869396285,32.051497242618574,-0.4207594470072476,-2.435348679805226,0.1344080163240507
0.0475496559481509,-2.2932796513402627,0.2504623728635586,-0.9644878086147431,-75.19440382686604,65.01022172083329,0.0987612383592448,-2.30458206436584,0.2258823208163496
0.2547692194035658,-2.267844181984935,0.2593850224837973,-34.10752763219319,-85.36746389774935,65.135601492071,0.3145254788439282,-2.2108189444541546,0.2129986661833912
0.4196954305667945,-2.176176714341908,0.3268221749381708,-37.72767409555654,-96.63344150414888,45.3589505915164,0.4279257083892969,-2.05407187026364,0.2767791807911352
0.6920237905996762,-1.922282506700837,0.3650312835160116,-1.3735651677355796,-78.17390431224686,42.95442492051506,0.7203380626644613,-1.825048334451305,0.3244804380011602
0.5632383724224022,-1.6393856104988975,0.3569595486501793,28.47702641531872,-65.53673199013724,37.92144746795135,0.6085014567241127,-1.5796260268618765,0.3154406008792867
0.1187417821578432,-1.323907716119354,0.2591611422669868,36.69650363635488,-62.67177208306386,26.760741098041585,0.1691689201963533,-1.3051519917273866,0.2389705269787167
-0.0332316834258589,-1.0728110123533368,0.1248447586159544,27.79323431558201,-57.19414182322394,30.059125992626992,-0.0216071418589837,-1.0725838360029356,0.1077172575596373
-0.1043306808410369,-0.7792980298584972,0.1438516123186085,10.373728863414817,-47.2648272074916,38.16072841051944,-0.0963555164034626,-0.7578194526194242,0.1115606700833245
-0.2395097844666902,-0.4016264735031407,0.130208293984103,0.418930797895005,-40.0624278630395,47.63058519173591,-0.2160590829419013,-0.3617870628226979,0.0960675799421867
-0.1820671356962505,0.0465512123509192,-0.0050513391532892,3.5345706115201976,-39.215247531529,60.37321951131459,-0.1862180914871283,0.0526278140059681,-0.0371622902140939
-0.0051564980820266,0.4881920003179826,-0.2034778344046302,3.766054491569333,-20.84742405703196,70.82893545600922,-0.0384591469611953,0.4375895598469994,-0.237198086361149
0.0954601146569759,0.77070445633146,-0.4520837699042921,-24.317923126425264,5.179664433877252,79.10050151629684,0.0630090882493847,0.7132533805385286,-0.485524509923686
0.064710114439649,0.8108989241486404,-0.5244944302380335,-55.8722361794141,18.59921723144519,85.20613045098607,0.047406448215247,0.7946698027286708,-0.5622626867607741
0.0480521004390666,0.5454824030526678,-0.4867847120038964,-50.90881380024899,20.3550907072742,79.09708210556249,0.0340767611418024,0.561801130953961,-0.5419025820851371
