ADXL_X,ADXL_Y,ADXL_Z,ITG_X,ITG_Y,ITG_Z,MMA_X,MMA_Y,MMA_Z
-0.001007054263024,-0.8664406275217078,0.4379664691029803,1.1517196172943092,4.379429049047169,0.1583248100291277,0.0204598435557422,-0.8426876136830692,0.4110348885171601
-0.0115029550738945,-0.8729982047342081,0.4444531032749955,1.5747560400533458,4.299374446570839,-0.0288330871413292,0.0146673452355343,-0.8437121946546011,0.4114092698288368
-0.0295939960396115,-0.8715160440035484,0.4483843708174517,1.7240516824133032,4.240958037948408,-0.0778978993623957,0.0080693829511599,-0.8412572620345622,0.4098747874038021
-0.0130645143828811,-0.8627530535585652,0.4420260885655019,1.6065078877672097,4.268516734853481,-0.2955858006606224,0.0168071875760345,-0.8402266567814168,0.4089083345428397
-0.0024610798788828,-0.8669206422150392,0.4282505922738773,1.647614773864049,4.328715247491724,-0.6059327884240291,0.0238071262416406,-0.8364529418719946,0.4098513183373335
-0.0073048674302135,-0.8774330267843795,0.4348143391456187,1.6200584621987713,4.482622076187543,-0.7689771632590158,0.0255998255749435,-0.8412481679433764,0.4062185733030659
-0.0009123617680589,-0.8651980775445538,0.4472426756860792,1.6970011512242449,4.562500569735158,-0.8656058072308936,0.0272608264966391,-0.8482003872296158,0.4055657565974023
-0.0030878774776502,-0.8598408486818183,0.4423379268586803,2.0849785630488964,4.522577525370935,-0.8558794610729495,0.0269551948355284,-0.8410047915034742,0.4124528882384917
-0.0029165007706881,-0.8610990574024094,0.4384522986534468,2.210142318464861,4.449057225352799,-0.7603197606916297,0.0312896532454038,-0.832374902101898,0.4137236509008988
0.003455861857095,-0.8558229366864969,0.4439887511531473,1.7282848847382075,4.313496493270408,-0.7284020427064093,0.0295546581919949,-0.8325461449273093,0.4096504874006842
-0.0029285919460357,-0.8609265906362833,0.4444941931036815,0.851938623831026,4.065083271040716,-0.6903950950589719,0.0282673319080923,-0.8371328700637622,0.4106306131706985
-0.0029741280476297,-0.8602610080294201,0.4465793664733364,0.3229133063749244,3.936179109237977,-0.6097511184540202,0.0318026996467763,-0.8330160739879724,0.4136706678254267
0.0012282015500013,-0.861039520887596,0.450666425310708,0.1183817959183046,3.948890701159959,-0.5674044704845266,0.0254277617750193,-0.8309534175625141,0.4130760507999749
-0.0054056396227437,-0.8635931006314679,0.4455810194710547,-0.1662441107908492,3.903168100388577,-0.4906979240658121,0.0242610105048766,-0.8368479496579787,0.4141339778702922
-0.003264192721088,-0.8596207731736641,0.4486678378632984,-0.1822684684535661,3.758983471570376,-0.4017543932538017,0.0294524710350408,-0.8367289382552233,0.4165288191727176
-0.0018083651275129,-0.8687643157057949,0.4468727907002094,0.1231365956957163,3.5070659776858646,-0.3091314595244395,0.0282223463834745,-0.8370226702370936,0.4154776367094929
-0.0084593392806028,-0.8684805994730418,0.4410942418764962,0.3829370577696251,3.404060096274605,-0.1724367834006762,0.03116608546692,-0.8363272955886063,0.4137411714298237
0.0001395861053605,-0.8583159016001596,0.4484782993143635,0.5326382249178658,3.404894406242972,-0.1187386641160296,0.0324774269854978,-0.8337494698417993,0.4111697348744694
0.0022095261305639,-0.8598222576854946,0.4420915702085976,0.6984888890041439,3.344439255627816,-0.1141316552261205,0.0283236188949597,-0.8346693374327562,0.4094778958417947
-0.0064532735886036,-0.8586099443215173,0.4434691793266499,0.5885773691428373,3.439054748993416,-0.1046080339203928,0.0307395406104738,-0.8318716744066722,0.4095581727011863
-0.0003869211661271,-0.8594956652850967,0.4522945775509405,0.1046151855663304,3.62068221010012,-0.0486765134192554,0.0293983236034754,-0.8305865562048715,0.4123595589566589
0.0010195011584177,-0.8630382612751535,0.4366852817690312,-0.2750062645168505,3.6454995346083,0.1041461163507999,0.0266911950356495,-0.8346127356013082,0.4145224997932285
-0.0023213282858619,-0.8647605481484463,0.4325345731101861,-0.2967790718492573,3.6219096074340738,0.1594763598370393,0.0321382917809275,-0.8366007635830643,0.4115769523348525
0.0013694583839172,-0.8698972019832873,0.4426484858975031,-0.1478413071034686,3.8045431494561615,0.1017109121538306,0.0343717853163373,-0.8380143298538489,0.4104192504241792
0.0022211757598764,-0.8743986764594629,0.439145228681505,-0.1642495501583123,3.970484119800655,0.0549713229459684,0.0369954811332678,-0.839711325309212,0.4060911424915297
0.0001523492982675,-0.8712254234622938,0.4316012115862421,-0.3327985495021416,4.087750241077337,-0.0763587775044543,0.0366562367406421,-0.8399583164362183,0.4039742863004647
-0.005306118784906,-0.8615350946187972,0.4377159742822869,-0.6225277235534197,4.310885518175013,-0.1650717142260818,0.0298484621599158,-0.8422588180136105,0.4055756796192451
-0.0068201115712587,-0.8682695409250312,0.4424085182878903,-0.8636016091515333,4.356041232356646,-0.0528211734687726,0.028162879478942,-0.8435594591306348,0.3984783852209486
-0.0105162403137327,-0.8767340611636396,0.430721851159363,-0.7020232053759584,4.313870538349665,0.0726985671042638,0.0228620930695559,-0.84216943054978,0.3946421014951131
-0.0134391526691881,-0.8733067620325707,0.4227059760620486,-0.4244130943771226,4.365820893501663,0.1328975616443617,0.0179428685766889,-0.8432677079048625,0.3901130538710968
-0.0046578273139648,-0.8749246979460876,0.419981987307531,-0.2010489028321853,4.646063484419533,0.1514497019532882,0.0238669449283351,-0.8426039055595617,0.3843147814230366
-0.0061650654575021,-0.8684193569284944,0.4226659803225816,0.064143051911274,5.007193960146715,0.1255288149348581,0.0235989240806368,-0.8396179124668052,0.3901384605369316
-0.0050539877734027,-0.8666266833961431,0.4299386055171391,0.5191047593390761,5.001740387021832,0.0124961018584012,0.0193056664588737,-0.8402376633526543,0.4004631565327068
0.0033219379542582,-0.8705153999757069,0.4343610193869726,1.6916653772348045,4.865708724391662,-0.0788427365348054,0.02642448283283,-0.842706536126564,0.4061302109825868
-0.0007589480233247,-0.8634686486246788,0.4375566794479858,3.3435634456668994,4.74982284596072,-0.0500383330072231,0.0327711008089264,-0.8390171220801299,0.4017957447000816
-0.0016341033748294,-0.8573429474052645,0.4406424781033149,4.283574122490692,4.5954347055051015,-0.1406143504167342,0.0302421461371885,-0.8277685925379037,0.4036675282413969
0.0014290719520387,-0.848889105231126,0.4516253804564665,3.887285481935606,4.433889446315854,-0.3361550211261946,0.0310770691571146,-0.8204379243956473,0.4150500322331894
0.0021049291933644,-0.8453840549729112,0.4564272252211482,2.823804369146508,4.2399652845877,-0.4169601655936092,0.0335222579402832,-0.8207365873600795,0.4244156138193156
-0.0008157227195616,-0.8517149138769711,0.4631219670826524,1.965716806931752,4.126710297178953,-0.3016424016251094,0.0291511794167047,-0.8245890864136528,0.4347315858235873
-0.0024070037888494,-0.8559433225013642,0.4774881289447969,1.3196500817220596,4.062432180251358,-0.3040529637330451,0.0273774741343685,-0.8285731366281591,0.4398550824552553
0.0005468419070854,-0.8553638341235912,0.4729972461653746,0.7942253858615784,4.166238451356059,-0.598897996256879,0.0260236623555292,-0.8313706923705668,0.4436524664332877
-0.0010517717921113,-0.8549178930172274,0.4689275402808222,0.5541571391478303,4.460572572721268,-0.7682579287335486,0.0216144346888153,-0.8319784282093339,0.4455175175222912
0.0036339317468579,-0.8571808215116219,0.4695485883466125,0.3275288984969581,4.659824098704012,-0.9160024440504936,0.0241395584139173,-0.8307531094312813,0.4411812755255183
0.0031340851758632,-0.8520671966719835,0.4675012569927821,-0.0859226537618896,4.802547682189987,-1.1550651731696984,0.0240529669537009,-0.8307498073985894,0.4359488982401771
-0.0061491490242287,-0.8471099506907482,0.463886262988928,-0.5056030199094949,4.84191452145863,-1.2525435234536757,0.023292838045578,-0.8263868581825218,0.427760164240767
-0.0019032283298903,-0.8505685351396072,0.4528028951754785,-1.1094972915738373,4.650398207796687,-1.3070815195835597,0.0294339395467853,-0.8228581228219627,0.4258996980766527
0.0025829054143919,-0.8481788893143596,0.4569553121604221,-1.8112044413862407,4.515991010950963,-1.29753601735471,0.0316705933279067,-0.8264092636837723,0.426997886512901
0.0004665040137315,-0.8480565027065368,0.460393122711267,-2.164463115572942,4.577140113969787,-1.2232446147413538,0.0325659656371162,-0.8305583184799856,0.4219138101246804
7.167085893719507e-05,-0.8570628241923631,0.4502389117478307,-2.4038181553408577,4.599964503427304,-1.1207742677608303,0.0329846425899076,-0.8335916162284267,0.4175583349660358
0.0032825031741463,-0.8628729629460943,0.4488151165562966,-2.71427972550432,4.536892995735552,-0.980003651749341,0.0335706785716157,-0.8360797107057419,0.4144666520532141
0.0044111923582461,-0.8625715242206669,0.4477596991098197,-2.8306625715923093,4.574127716110026,-1.002375787775572,0.033449625362538,-0.8391083544105672,0.4141335071696436
-0.0003150061562499,-0.8637345826526764,0.4481054808558838,-2.6357102709294606,4.584105297046479,-1.1025324404324095,0.0290085625596148,-0.839310736420105,0.4136082561389039
-0.0027527668535934,-0.8723653440477239,0.4508643065097652,-2.332368942580357,4.4483531363390485,-1.0900463184088365,0.0300804762310746,-0.8384757847307518,0.4135282853518377
-0.006760739855961,-0.8652195373925774,0.4452313714783595,-2.2007957098656257,4.432146726140062,-1.093448471275324,0.0289906457601539,-0.8389745799935899,0.4170221021066339
-0.0056913724244123,-0.8574801596624706,0.4420753066306891,-1.8489304937794728,4.545798057282886,-1.0519814847869262,0.0247715151024148,-0.8399383686856856,0.413379773669236
0.0015971930139956,-0.8736782005073784,0.4417511060554211,-1.3647523261627617,4.68592551542151,-0.9142347599963662,0.0278022309313752,-0.8438340871962835,0.4068580648415568
0.0007202656871205,-0.8790152937546332,0.4420935867098097,-1.3960672041472153,4.766392014396704,-0.7701591227828888,0.0293875618931783,-0.8489196223723455,0.4066080171199306
-0.0006663799980642,-0.8814714038288076,0.4476527213093703,-1.2169965469608344,4.690032056646734,-0.5525187334225706,0.0290646582208625,-0.8554291666189844,0.4061427097283946
-0.0053335188315149,-0.8843884290607291,0.4439401346817055,-0.2784445994794193,4.68258328204125,-0.2826897580603671,0.0285047274023652,-0.8574210585486421,0.4030595773948042
-0.0081742714463103,-0.8785806289582183,0.4318690876114261,0.9390934265491772,4.89145383826051,0.1099468497354773,0.0250485558639665,-0.8573563375766599,0.3996835086337946
-0.0017833626441034,-0.8859001331971761,0.4217608104378694,2.1914873183673085,5.319845549762596,0.4848135087250478,0.022137988546395,-0.8574349912848154,0.3939331194429358
-0.006327631401273,-0.8876516639320893,0.4225324754077152,3.4822698839374944,5.5641311011304255,0.958353834119552,0.0248974999039429,-0.8502793318750952,0.3875517724408974
-0.0032981268711818,-0.8744076471583773,0.4336206879169162,5.330841545094335,4.987905849007169,2.113697555640656,0.0303352156164008,-0.8423098140461753,0.3897845539961896
0.008557829567361,-0.8540796470254302,0.4387310321650619,7.601636192961997,3.879881689716961,3.4078202312575283,0.0328847125767427,-0.8290348918330771,0.4037589291579008
0.0020251905066484,-0.8337539393457292,0.4592854744247612,8.803684563100582,3.0678678705760576,4.0631232178884105,0.0358171469884034,-0.8141138441813469,0.4260201306774771
-0.0011741750289647,-0.8200732494403963,0.4861382205055555,8.130888727513552,2.8556508110037986,3.9576391890464753,0.0362013444977227,-0.8054774246739154,0.4446241011392238
0.0023205534887931,-0.8174814841520935,0.4879221095518281,6.124193466048529,2.982572837598193,3.215885098976293,0.0347191713327851,-0.7999731016415199,0.4499323361840989
0.0026848103684863,-0.8343877928120675,0.4834070297690009,3.809669447448067,3.146140174333569,2.3849220749367275,0.0322527361774771,-0.8074842098289435,0.4519945998020095
0.0004133318993219,-0.8449007893856191,0.4777158614947205,2.034179369938621,3.2393930730116733,1.731489871277985,0.0274210491441779,-0.8168779916786768,0.4528188204981511
-0.0075471067151548,-0.8507282435503563,0.4819075044977247,1.0638417949248178,3.270898005780708,1.2238936342164624,0.0244710454893302,-0.8208155785393123,0.4532787532588779
-0.0095790147860834,-0.8550747840801451,0.4887575843883233,0.7744770459868655,3.226107965022209,0.8849770384697313,0.0200831481475978,-0.8259572323190713,0.4549982150479945
-0.0082176088227441,-0.8479940102810279,0.4746175602618056,0.8860435031461398,3.189954180427698,0.6697394046276013,0.0168390489833625,-0.8265062104938625,0.4506238008127212
-0.0125292936831254,-0.847550862853172,0.4681692717090118,1.0313287794505304,3.3640258344596585,0.5149612907856157,0.0169015141626291,-0.8255644803629673,0.4426250340712385
-0.0153454945418828,-0.844449351047851,0.4722126717270735,0.7838449694368059,3.6345465587646135,0.2730653125134029,0.0185905267736838,-0.8236266247459685,0.4337988861249136
-0.0048255755954638,-0.8486807224113063,0.4690559750724816,0.1194486137364662,3.800474193541127,-0.051123844975133,0.0210727863724113,-0.8252561737538975,0.4306025782741614
-0.0041267857189638,-0.8553526193319925,0.458336683935274,-0.3765824801333829,3.8549729770076056,-0.2997625194197089,0.0202838585140853,-0.8286538863290771,0.4266660476987866
-0.0150908535876146,-0.8516299418118918,0.4492088208445763,-0.6795921220414746,3.9197552008465593,-0.5136144299810793,0.0188044231989277,-0.8299784332153742,0.4199911534446156
-0.0062526056151948,-0.8599377571724779,0.4511389067257809,-0.9927148652125328,4.07140902720496,-0.6767453222270722,0.0183819153357903,-0.835059049525744,0.419288510357781
0.0002925529060875,-0.8589533837771539,0.4493209946059514,-1.0149824204822184,4.169597880978527,-0.8012228141114077,0.0211653624144194,-0.8352377398902886,0.4182311786071536
-0.0037702773998777,-0.8509791685846043,0.4518784392974974,-0.9236542973160844,4.238199630627989,-0.981666402010919,0.0245687657466112,-0.8379863193892407,0.4193819854998856
-0.003624599825628,-0.8600339832864039,0.4529484120259366,-0.8594411242582791,4.33094648424956,-1.0979603656086214,0.0250864857133294,-0.8437622767628576,0.4183170687618445
-0.0012031728698186,-0.8671868936360867,0.4433787345970491,-0.6816208630948342,4.398758882392885,-1.2214303761173897,0.0271195189579038,-0.8426415898799511,0.4167700054874942
0.0003937604632517,-0.8653997659716385,0.448071587893011,-0.4037788294600545,4.5303898695587135,-1.3252130340907828,0.0273376679968002,-0.840958794689563,0.4169169181023371
-0.0029784974246056,-0.8649064491850796,0.4451294779132277,-0.0301624006975491,4.607150926863268,-1.2688644730398595,0.0264291367364292,-0.8381735109001996,0.4143476050359777
-0.0004410451865637,-0.8624466359190529,0.4379490750710094,0.3718759681053212,4.604576309790437,-1.1394862454022638,0.0284887365658373,-0.839041806972447,0.4156614179509421
0.0035809327462901,-0.8678957245261225,0.4559127743014728,0.8846747129321852,4.657329342652672,-0.9945252351596406,0.030781416741735,-0.8398361294358636,0.4168338396562936
0.0002972100465586,-0.8822753598291136,0.4612053293234119,1.4342274507928026,4.59681466371618,-0.9964171583242496,0.0322369941563366,-0.8427489712987986,0.4204877594210227
-0.0003996075076132,-0.8788534973377713,0.4531671856632712,2.257896284107196,4.630597447219368,-1.044457115158825,0.0334196354872717,-0.8482099208551737,0.4177060161508162
-9.989362770168764e-06,-0.8793718246209877,0.457273574452791,3.320406359943567,4.891011326683128,-1.1078869809074263,0.033490671448279,-0.8495545500098965,0.4182128903717076
-0.0042716699089752,-0.9005700211515362,0.4594557646735056,4.804167732942538,4.801606692185491,-1.339049268718551,0.0298044792310392,-0.8628736773350882,0.4303830168153558
-0.0090831423879925,-0.9096287383008728,0.4553165061447012,8.881414169630546,4.430196495611982,-1.4863270326678628,0.0267203554886105,-0.8717930341378353,0.4205106646810401
-0.0083409481158532,-0.8876668909650808,0.4417049410816198,14.9141848704124,4.540092906249773,-1.4434437664735815,0.0241336614043453,-0.8567241935039657,0.4090484937615374
-0.0043118815435781,-0.8481543817649151,0.4418672159934231,18.64396194189324,5.297739986094554,-1.2079578172909171,0.0177389836323206,-0.8258464533534555,0.413277525915051
-0.0095703829048374,-0.8101892747865352,0.4668727687674484,18.6217516143998,5.817095357991136,-0.8279813068788142,0.0148209111514225,-0.7901669522112267,0.4256853137727773
-0.0153638462882763,-0.7759929732119868,0.485958926113608,16.270864683931446,5.356062517049272,-0.4826443476162209,0.0154515802572935,-0.7665417265183515,0.4532281952391397
-0.0109570856558368,-0.772402215869886,0.5013162297570342,12.5744954213469,4.462951520083289,-0.2516708018532977,0.014575422802192,-0.7625814444781331,0.4678957623044574
-0.0097418744785827,-0.7973757802276547,0.5078833818819115,8.423594631319324,3.738773592234279,-0.2485865388663907,0.017267763679239,-0.7795549343450554,0.4707861431777383
-0.0028703906455191,-0.8136594194906626,0.5066184583496975,5.497428616455439,3.5745576368987853,-0.3550893213751609,0.0253869468631632,-0.7970762290450573,0.4769465558207569
0.0055344327596083,-0.8237645719614097,0.5119501448566097,4.007383082168753,4.030552443423793,-0.4543884373706073,0.0313055310311398,-0.8030070802355631,0.4778119057150271
0.0047292602925882,-0.822643625773778,0.5101968934683766,2.5145866367332936,4.271423498268134,-0.7642977918841468,0.0353920171889647,-0.8014416418801941,0.4816937319796538
0.0069978038149772,-0.8098341716810863,0.5138011525036332,0.352150682337871,3.972602505282202,-1.3694577181652383,0.0405481617337418,-0.79193493206642,0.4798623839364607
0.0031201445771376,-0.8087682293973264,0.5123885716855672,-2.2074691380254974,3.325268953529525,-2.0398677262251064,0.0378649094895299,-0.7915325714028618,0.4721350306795241
-0.0062219056216245,-0.819244069771198,0.5012842289277203,-3.889511861333264,3.068868055633064,-2.2862549466111903,0.0260516704514002,-0.7979664901020157,0.4733603297628928
-0.006689056812329,-0.8269447938705425,0.5089670422833819,-4.216763001158468,3.741602907467552,-1.842052719731581,0.0197874773280177,-0.8048621361368458,0.4706063759957493
-0.000528244289544,-0.8373449311938213,0.5002176552868891,-4.141799864308003,4.27578124844606,-1.1305605410806434,0.0242121239363492,-0.815436044718797,0.4677557770277971
0.0003742841048197,-0.8495893658147828,0.4803702915730169,-3.679355953619051,4.102936325802024,-0.5841725321953376,0.0278794998275897,-0.8198550451209139,0.4629747762708628
-0.0016473354084356,-0.8462666728919603,0.482600207587181,-3.2120224921477494,3.4511483407782246,-0.2710449026557597,0.0291785202443505,-0.8194436984444275,0.4453878653222124
0.003538102943228,-0.8470701207137206,0.4806477485224887,-3.5907834968190437,2.708291045974821,-0.0494695117089677,0.0294309278507871,-0.8210457756167452,0.4404551538512194
0.0067874911011664,-0.8605700828048821,0.4764236141748455,-4.064420531038081,2.585371700690429,0.3567223470877632,0.0323263655131015,-0.8263821105801237,0.4406581294844312
0.0066369551184897,-0.8635133592583196,0.4740528256859126,-3.821338746677117,2.803364109862701,0.7190314503924317,0.0388353975530772,-0.8301327017235256,0.4333162817478803
0.0063966152800399,-0.8603617052623023,0.4710440145459695,-2.7827232103739727,2.907180563276551,0.7242017252041335,0.0343425175967961,-0.8345252168337352,0.4333831071735844
0.0045853008238051,-0.8663592900251731,0.4645310565233682,-0.7805197201038536,3.109898210712829,0.5710879877988565,0.0316094433472789,-0.8386155533435333,0.4308239378079094
0.004019281042906,-0.8725936413211922,0.450018706583289,1.415490495560548,3.4797387944103506,0.294455913478775,0.0339991719728266,-0.8357990460204592,0.4268491593084621
-0.0014563991013466,-0.860312204230251,0.4541498628092404,2.663881514583111,3.903001103908635,0.0829330422772306,0.028253299117345,-0.8353869928526987,0.4289807704797394
-0.0057302732814045,-0.8467962536989984,0.4647790124694771,3.1608350602164923,4.166814541832807,0.2120397440082519,0.0294768317445944,-0.8300586718811416,0.430874004898348
-0.0004771897987382,-0.8482354807924779,0.4676474951295534,3.5084120086865203,3.954272518388181,0.2900642934994526,0.032059712746066,-0.8227304408414859,0.4317812711738035
0.0006602363629817,-0.8557514462747629,0.464530302033259,3.824069495258881,3.5848148073811035,0.2416486257703213,0.0306910075033414,-0.8253817165354851,0.4301526630873113
-0.0017342396885025,-0.8480420612238823,0.4520321282266566,3.752271671529996,3.7985041933818144,0.3308146449845199,0.0315962551313271,-0.8257242512765994,0.4295652033106075
-0.0027632489159754,-0.8416141086096015,0.4594869437917596,3.367362798568976,4.141596862035769,0.3062883202184659,0.0286888432445743,-0.8273130634635906,0.4361471129098833
-0.0058689910910492,-0.8676428791516047,0.4694181287705297,3.51830730027531,4.134888402818443,0.2145341501738246,0.025965574381892,-0.8288997431513454,0.4438636384061265
-0.0024340478897034,-0.8657625954014052,0.4684146795535085,4.026413292755996,4.103834124974183,0.230493189705519,0.0230633241943131,-0.82677119080432,0.4445306583873334
-0.0027136940734313,-0.8470550786053075,0.4728586566244704,4.389492371694698,3.9329825553906255,0.1967521003522451,0.0219969369652925,-0.8281451906336064,0.4400286594897172
-0.0089169974846968,-0.8537139997405678,0.4666174136690181,4.679839455620566,3.987418973081092,0.1755273330697091,0.0213247658137175,-0.8260049276804777,0.439322328815539
-0.0031070771949741,-0.8470402753109311,0.4771155294288717,4.771392334175584,4.491456153871319,0.232097986237818,0.0218687176655298,-0.8247935851378622,0.4446601407267981
-9.18375773025027e-05,-0.8465448038136499,0.4904926668700086,4.837305985926028,4.736437606023577,0.3182190354006493,0.02842718166712,-0.8243557951605636,0.4494599885794569
0.0005259094788673,-0.8461690602877581,0.4805731576633032,4.971177113777968,4.4644655252830265,0.2925744586776492,0.0270521353585307,-0.8183097612436365,0.4545089649955425
0.0003301039956726,-0.838938229696399,0.4834499766885048,5.256838593491176,3.928201816581786,0.2682601479493377,0.0238881687042808,-0.8147640411379956,0.4564104064089625
-0.0056384515337667,-0.8434531476800589,0.4863461751211428,5.706453255578255,3.86526795455338,0.4065665385160907,0.0261184502490444,-0.8135591567244511,0.4569895546768915
0.0027876749209426,-0.8341193194588881,0.4960304918616129,5.796330720068986,4.392184349781361,0.4860936943267657,0.0275819501097478,-0.8135204827156526,0.4622163780572347
0.0006045385909355,-0.8310554946390993,0.5038400744326822,5.722087177723202,4.6217954221508535,0.5264865134509652,0.0294653236580978,-0.8113473951180874,0.4622038480443182
-0.0070754009410697,-0.8366644087134626,0.4939532630062491,5.870755671490812,4.452233062552026,0.4372953470102124,0.0271454681500263,-0.8067565450231613,0.4653938907850082
-0.0007845167522872,-0.8283110577378814,0.4930534331515225,5.8648173106586885,4.152023912203975,0.3501408205381171,0.0241127137066116,-0.8054067815891538,0.4700595111569624
-0.0056717307570134,-0.8220020163868488,0.4941516879370135,5.2892162586031,4.095233031490878,0.4973196417600925,0.023336237982687,-0.8048143193698154,0.4651171590498377
-0.0022736468600478,-0.8233226201870928,0.5048264660478299,4.535334554370513,4.4462222787188015,0.6181862960889679,0.0240829171606991,-0.8057785439969773,0.4694586721417487
-0.0019619808203902,-0.8243608859811316,0.5052822624897285,4.517505495518701,4.490059638739606,0.7858973855376413,0.0280044103735223,-0.8032674065048034,0.4761922138727551
-0.0087022621714951,-0.8203849875252287,0.4999228648439134,5.1582477932704816,4.161279740388749,0.8879489425582707,0.0302324139802777,-0.8000330447783907,0.4720016878446562
-0.0013908211779754,-0.8178230860864764,0.5020829908495777,5.719675972881958,3.926795466712322,0.7747045479247112,0.030986411654584,-0.8021076192798348,0.4700574832393269
-0.0023238933395505,-0.8182205719438704,0.4995941540517205,5.696683495985984,3.8835576694699054,0.6152770412815903,0.0332995135024719,-0.8015763810731029,0.4708370569790002
-0.0016397657654578,-0.8228798350820179,0.5103912683126005,5.013816160856569,3.798454391577675,0.5194770871706496,0.0269897586458392,-0.8014464817754283,0.4712663467942051
-0.0084064625147586,-0.8216744345405114,0.5091267847562315,4.405049158595917,3.944866809068541,0.4752231315624767,0.0128004421456007,-0.7970892726968782,0.4797588009875214
-0.0227809009037427,-0.8088264998693433,0.5256938571094409,4.449369117440464,4.796780064102821,0.384623813200182,0.0118956049410485,-0.7901594793208706,0.4947520458343152
-0.0140839359275969,-0.8083994923726222,0.5364885024030779,4.81023442322933,5.1819095452279305,0.509734039851792,0.0177712039324709,-0.790213094423003,0.4950212063420889
-0.0025880543601406,-0.8163679886080871,0.5086918704288732,4.960506610156122,5.062460873667058,0.5783525488074568,0.0198495652049684,-0.7913280448856124,0.488793995918354
-0.0038654770800348,-0.818614495263029,0.5108171659913603,4.684467320752933,5.45546444965706,0.4854922526383693,0.0233609363828067,-0.7969810389024397,0.4855193059034525
-0.0056974031371958,-0.8180485404191891,0.5104766808025853,3.550803573303448,5.444168713446593,0.7174904593095761,0.0249730553309737,-0.7986237132384588,0.4747629894891988
-0.0022102488046641,-0.8162264670551571,0.5144287777482576,2.2928646060994997,4.837886375228561,1.0004696133969038,0.0278344928369471,-0.7913285469453935,0.4809525505207755
-0.0035744410637356,-0.8148077499349814,0.5143337422373028,2.403609277050431,4.270582294006118,1.1579640498085564,0.0288533011567179,-0.7953719018748125,0.4903877208343131
-0.004265160839683,-0.8197086952929379,0.4996238155324822,2.6984686429967875,3.907840295803544,1.0470434447215278,0.0273096224284552,-0.8042543014243518,0.4846548023125697
-0.0003537833251286,-0.8280363968695366,0.5142813176150296,2.214924948300659,3.997936914914279,0.7635417331601869,0.0312508487174732,-0.8025618922525062,0.4827018050572526
-0.0046756312114899,-0.8257526555804521,0.512117861795637,1.8143869384031968,4.027177140498635,0.7347932434026104,0.0312300475676891,-0.8016580194680132,0.477892337960507
-0.0001768116699423,-0.8219765472234929,0.5074527573207669,1.3684948550800236,3.7209645178377846,0.8285940590423514,0.027704161119408,-0.8022365166737161,0.4757102536425626
0.0029018957305087,-0.8180601303397945,0.4979357893202581,0.5909381458321263,3.55206268483716,1.1334307624902151,0.0298539906594967,-0.8010953248566641,0.4754170935413836
-0.0038364473107239,-0.8149492896982,0.4947310093473819,-0.3196864113000984,3.438096680790687,1.5192488539336846,0.0310865039595145,-0.801999151660715,0.4742467777053772
0.0041011645864375,-0.8255597386707227,0.5176450744162742,-0.8397893598961181,3.329692656800771,1.6724061232154568,0.0311003611949168,-0.8004906540156382,0.4820031746523928
0.0016692793153983,-0.8295329450302023,0.5193021019962569,-0.8435326226685079,3.22628492768242,1.604423430710967,0.0308447819899208,-0.8031930106240968,0.4903479755117456
-0.0037911395360133,-0.8258989304950239,0.5145488736600865,-0.8002079158122,2.81307652690588,1.3752089114737969,0.0285936681837705,-0.8040318276008036,0.4898872535819031
0.0010929977914619,-0.8246751739693872,0.5088954515359084,-1.0218713643640722,2.542032966400347,1.2148140537559284,0.0260527571040644,-0.7959461512897879,0.4831739609846871
-0.0102606830884209,-0.8189615921530995,0.5245623165528885,-1.7226769269750344,2.824762513221134,1.0880562248572898,0.0206587002619901,-0.790670501641792,0.4839787276823939
-0.012710569282593,-0.809353378635209,0.5281177616175505,-2.7504520677381974,3.097980843140636,1.020260650911088,0.0169417201166112,-0.7895155330608744,0.4878964662065991
-0.009530796655606,-0.8031334940639404,0.5123586670918876,-4.07260425264131,3.005031361109769,0.9961900719482653,0.0168283752700301,-0.7901484189426802,0.4892099002969862
-0.012611954657723,-0.8107318978613769,0.522465724109773,-5.561709328149163,3.1033906148833617,0.7910837541298732,0.02050248388239,-0.789016335007025,0.4896053803120826
-0.0075099411886901,-0.822057298731874,0.5151527165205315,-6.536202102447623,3.514114074648749,0.5310040425957808,0.0252015885706689,-0.7931392068566679,0.4903648300064575
-0.0094263492214982,-0.8260457874096633,0.5220237963883791,-6.5918872825071855,3.5382951551709163,0.3672348299297218,0.0215140705824228,-0.7998491785506243,0.4964427792038086
-0.0115471798085764,-0.8233581146986437,0.532569936775432,-6.481867407720555,3.4786020794380432,0.3306508668463802,0.0175973171616228,-0.7985033212516326,0.4968106139774436
-0.0068196374888193,-0.8187159585293183,0.5175333780951198,-6.681533638870412,3.624599046979836,0.3444225779339645,0.0175238442644665,-0.7930613216590116,0.4907126129450796
-0.0030845784881349,-0.8071650692907788,0.5172476481438604,-6.851767472029665,3.656731823543647,0.3414669403076204,0.0211294197887235,-0.7835644703217116,0.48610517004708
-0.001833337284295,-0.7984452030359366,0.5309357406069334,-7.576600464470074,3.60755016041427,0.3231917216176943,0.0314086344768253,-0.7804893099262931,0.4925303322825212
0.001748319262056,-0.8056601263589711,0.5389395016724187,-8.126008444393502,3.1762002057403977,0.2865999771455028,0.0353828553842945,-0.7830492927074326,0.4982360691889006
0.0058042712502595,-0.7982889230313265,0.5239154541653095,-8.230944624761149,2.729116352835761,0.3608007327055135,0.0329568717749878,-0.781880715178777,0.4872638527836513
0.0004600888218953,-0.7898738085095055,0.5253224642359999,-9.655433960584205,2.628352065094693,0.4619220194790846,0.0304020890876715,-0.7812720084748898,0.4890859337394347
-0.002029281426351,-0.8038336800356856,0.5314592082854839,-11.34046855084051,2.2664273116441187,0.3697428081796502,0.0259345895584046,-0.7834421080090188,0.4998379170212159
0.000990497414656,-0.8098954340401295,0.520290145605683,-12.165438666620396,1.8669607926991256,0.4321129670000039,0.0279767952752241,-0.7853822690985132,0.4899888245839326
0.0032206128142761,-0.8152435571775034,0.5064712685740156,-13.219983098377693,1.8018742335013864,0.9028505821374636,0.0340447871426385,-0.7891353020036265,0.4757190516649078
0.0007207359695826,-0.8265778891097375,0.4952027464235767,-14.9455545452495,1.7144111394843735,1.1413636979322552,0.0321417945272591,-0.7993362258063326,0.4798505766557794
-0.0033817442190798,-0.8322880179439431,0.5162724178712906,-16.52719906223811,1.3933969165891744,1.0025364746821723,0.0273704117167296,-0.804494060154416,0.48816078144437
-0.0015109133042654,-0.8325264672623407,0.5111065729265865,-16.720946763638324,1.0642644579912353,0.975685064418265,0.0281288870480298,-0.8062326418390845,0.4767204714590431
-0.003845090145324,-0.8153084413347483,0.4799683839193276,-16.774048141985304,1.135488324526326,1.0770738800346966,0.0266395142090126,-0.8061086024452179,0.4575558653055303
-0.007387413290707,-0.8115195130706594,0.4777912264859606,-18.304958293209506,1.463272178006462,1.2103531414043756,0.0210655526970074,-0.7974339004119324,0.4475808963308618
-0.0098407857046415,-0.8194991711021806,0.4810565217430151,-20.71998844672269,1.59905032822368,1.2303700105009132,0.0195221136912751,-0.7921164922574244,0.447934183142475
-0.0114352921061259,-0.8132761046142571,0.4862920681057913,-23.14046603442147,1.6055360305146695,1.211649828568109,0.0168322382726953,-0.7976885617827041,0.450733179734002
-0.0162479424030625,-0.8281852175951876,0.4816631458453205,-24.69204153819867,1.8776211751360188,1.5173331073278469,0.0134750892967721,-0.8108063181994017,0.4461809525846053
-0.0231417440759501,-0.8431110401883989,0.4737986707740613,-25.640335849713612,2.2752853495450025,2.102624709191879,0.0118881616963225,-0.8156570506826935,0.4436328144440889
-0.0238187909435697,-0.833677067732813,0.46478897581888,-25.997682487928586,2.257317103790624,2.4913567343555525,0.0062502507199922,-0.8078821549993163,0.4364757354830722
-0.0382758096592977,-0.8280847006337788,0.4566040914370277,-25.584473053461974,2.0983312386658866,2.7724912521528924,-0.0045599657377589,-0.8053842963896429,0.4262978605982377
-0.0529156762610605,-0.8319175986209257,0.4676645708324488,-25.785399169362652,1.8544894970823849,3.387970727424199,-0.0209924624501863,-0.8137561223075152,0.4358977251974104
-0.0537903364757701,-0.8369394916596435,0.4739214774964571,-26.10452993041837,1.3765878763550572,3.918661213721686,-0.0231735449447796,-0.8182611397972506,0.4454493125667355
-0.0460895267960833,-0.8392186666473527,0.4703588431206844,-26.61438999953059,1.3094814092120444,4.290571497453056,-0.0060884048891256,-0.8141046282138894,0.437811953714236
-0.0281558673117349,-0.8406748125480077,0.4680468041428437,-29.293691726781766,1.4012083642723083,4.356961212037152,0.00081550396819,-0.8131458983088817,0.4308884517759274
-0.0212153740896582,-0.8385152485398141,0.4698600783537738,-32.79420985564184,1.1659132378243664,3.824814195627182,0.0043737373694103,-0.8126790877025709,0.4286990987067824
-0.0148351966238755,-0.8410953328505333,0.4509219585039356,-35.054874005361086,1.1858936716927209,3.526024382942833,0.0183064483482707,-0.8156694741165473,0.4132016441260328
-0.0003010859577176,-0.839282568813239,0.4222703650355166,-36.869069017957976,1.7683557246747088,3.287304015990548,0.0292721931039398,-0.8179144623650789,0.3930031776662724
0.0041555355920494,-0.829914352844286,0.4207271845728624,-38.91985477223252,2.487010720443034,2.8512634167128814,0.0344891748498336,-0.8110308026387759,0.3917847601234039
0.0046095333544247,-0.8363252204144207,0.4207028373492596,-40.94732042187019,2.947646176319164,2.5315169569752234,0.0396911946486238,-0.8142651815428663,0.3931286186440567
0.0094158570656058,-0.8369856342668238,0.4274797964048937,-43.151747988026926,2.9069428116814096,1.829467872687644,0.0446877117792036,-0.8160609246277106,0.3901255074013484
0.0103622840978661,-0.8327579780769035,0.4334357583081561,-45.24086396032954,2.7649327148852207,0.8316682384251913,0.0441232214349575,-0.8093649012220127,0.3910740380521914
0.0167666066534144,-0.8374756629018487,0.4219093166259817,-46.67963594251065,3.566201081783634,0.0695091259538546,0.0534237133353577,-0.8112409184312739,0.3903440653155242
0.0308555688474121,-0.8301775245996177,0.4197300092978654,-47.6421981303439,4.672406881210919,-0.0343106678367854,0.0668906475698915,-0.8113738175855079,0.3866357738235286
0.020534600087317,-0.8308475524538874,0.4210613242752846,-48.60059643817533,4.976494701763481,-0.0059246035453474,0.0561940275686906,-0.8118838309385352,0.3823767215317591
0.0067948914297598,-0.8459854661407096,0.4253127418253954,-50.13450024188582,4.996464911808438,-0.3364534387417839,0.0417038780122482,-0.8179586270744421,0.3900864738703695
0.0021054138800901,-0.862206194086216,0.4224789969809138,-51.42416793041838,5.02398962258756,-0.4152421428662866,0.0312249691423262,-0.8282193720682568,0.3928516330304724
