ADXL_X,ADXL_Y,ADXL_Z,ITG_X,ITG_Y,ITG_Z,MMA_X,MMA_Y,MMA_Z
-0.1095711788711245,-0.9695616076339428,-0.0581228470391733,2.4637934583039725,3.1625762469707897,-0.4602196349957039,-0.1292354948974131,-0.9157017321858444,0.045385075970049
-0.1082242133308646,-0.9592887458487532,-0.0599185070821403,1.9488362826928312,3.406257288671939,-0.5572589656674576,-0.1275644923707285,-0.9147002307201746,0.0461891020279348
-0.1050899095810487,-0.9513184109696772,-0.0766122653125443,1.0951068554220198,3.737012569480253,-0.6165715213249083,-0.1247117679398045,-0.9130512909583008,0.0445671839119362
-0.109924703374127,-0.96204916275842,-0.0690736207885856,0.322761789068936,3.819759982655979,-0.5818214366015639,-0.124605435406645,-0.9137837127044978,0.0426033527398852
-0.1040870849740258,-0.9694048140823756,-0.0564562882099867,-0.1787078801900521,3.5878610804697835,-0.5173515589278318,-0.1226206253654632,-0.9170165614601508,0.0426118080434938
-0.1015465629718338,-0.963294195476587,-0.0678311188847302,-0.1220912920575973,3.418198262381822,-0.4490621467378988,-0.1199686229938749,-0.922180571554472,0.0416182439995185
-0.1133804347524855,-0.9752505255285918,-0.0673857022139606,0.3905018553533863,3.273808371228108,-0.2480439063990736,-0.1216710097343884,-0.9214968065016572,0.0446460412306593
-0.1166065830007267,-0.970255659783245,-0.0434200568295871,1.110980441085535,3.1008970274638177,-0.2459534604942456,-0.122240696540718,-0.9211357595348174,0.0449322708400821
-0.1098108863855726,-0.9620767431475944,-0.0418949692622524,1.7540063639212458,3.143989906800976,-0.4712006258115563,-0.1221123065617892,-0.9254897479370028,0.0417075673759947
-0.1093716081641013,-0.9688990471243178,-0.0577888542854934,1.9334390231227776,3.2506368068278357,-0.6784137111050954,-0.1260091479897587,-0.9204109908653416,0.0467256440364161
-0.106080211341256,-0.961869109811283,-0.0519422501892925,1.985128861352992,3.286840329734306,-0.8200697267605671,-0.125129782077445,-0.9171785329397324,0.0501254042717775
-0.1041721037675203,-0.9774555261649972,-0.0402704674203805,1.9861819702220564,3.292791914204737,-0.7628797130141939,-0.1195577490007059,-0.9177845962406084,0.0470712932071758
-0.116697346661057,-0.962966258148758,-0.0445827373657428,1.6068692225101684,3.287609056170248,-0.6865077803650685,-0.1191813939176962,-0.9114107127458966,0.0478279762804687
-0.114098950513151,-0.9306332077047572,-0.0596953246621883,1.1387462580178966,3.2479305785367365,-0.4848859284865492,-0.1220720463760881,-0.9112205512533036,0.0482017226771028
-0.1122375658093677,-0.9638389332496804,-0.0563548440218548,0.7118684591876879,3.0369791215097006,-0.2143665431038428,-0.1234248655444907,-0.9164042642801056,0.0462461621104733
-0.1134916580268062,-0.9759216973487992,-0.0537250577750854,0.3859381954230458,2.808357446155616,-0.2423488263878991,-0.120518539282308,-0.9193104976079386,0.0463459416248584
-0.0960142703729663,-0.967103982635142,-0.0605803887385565,0.2925594643978725,2.766838904499257,-0.4146693577614372,-0.1168235039347096,-0.9195822784199432,0.0445285401664202
-0.1002541621069483,-0.9767423482322974,-0.052596886699429,0.3067230095345957,2.78546621186054,-0.8272162421000535,-0.1169302600486881,-0.917341817042238,0.0444604964495638
-0.1071514041854669,-0.9694707772044708,-0.0539347012082749,0.5532774696378029,2.79880811715666,-1.1868934528154265,-0.1170887047684445,-0.919750787824418,0.0490970101216646
-0.1030507857479017,-0.9671146112028722,-0.059286743317345,1.0324050317745117,2.885716445042863,-1.1513462978995546,-0.1175121212396195,-0.9211664711442166,0.0506938557900643
-0.1098027185924425,-0.968677893127252,-0.051301977895525,1.527809412240092,2.9427377241403,-1.027686296307872,-0.1208260640393007,-0.9177458310932636,0.0505996941036044
-0.1071058196267811,-0.9671202425501466,-0.0486276962100579,1.801823626316173,2.911047050447972,-0.7850493964466313,-0.1231730325857152,-0.918036613580191,0.0536597663553787
-0.1152585865119753,-0.9698437414725952,-0.0415214109794738,1.7151905169049333,2.83742199798496,-0.5532746144225921,-0.1230679693401396,-0.9209386067987738,0.0548247144932041
-0.1211531170283034,-0.966797257856084,-0.0345540452439708,1.7685309558103974,2.583995851767449,-0.4443389286142133,-0.1240614521102484,-0.9192316456793816,0.0556688177223785
-0.1032192807682914,-0.965402760642562,-0.0425377885503316,2.233615071969137,2.3015339797861407,-0.3987313062488429,-0.1237763008834256,-0.913921600796967,0.0588842531484972
-0.1029031600219369,-0.9696619974668323,-0.0388683541325325,2.6181287248058127,2.29757096637747,-0.4160606694822369,-0.1217591664505754,-0.915469713084745,0.0574038089464117
-0.111590644090477,-0.9659078852328662,-0.0381703856985149,2.3261547978869035,2.3747208747460773,-0.3516188309758042,-0.121739757488311,-0.916441115733408,0.0546174993112884
-0.1069548274043122,-0.9660043892157518,-0.0448085411161783,1.2676729171739227,2.399561620179471,-0.4325383754702673,-0.1189996514460257,-0.9119245049939836,0.0536991378614398
-0.1004623680333079,-0.9640970129243368,-0.0456571221311522,-0.0379398584760213,2.7076735642172465,-0.540498460279396,-0.1162029664464774,-0.9124094942853368,0.051730908921669
-0.1043401977276179,-0.9512861870136736,-0.0482198202919975,-1.3829606973230597,3.107321327143897,-0.3913309744247333,-0.1174629267978965,-0.9112543701920884,0.0530876645137705
-0.1081018407571179,-0.9649855769439488,-0.0340925126489769,-2.412143849139579,3.271103412631,-0.2481966179460983,-0.1170683008079212,-0.9144231883835836,0.0547214017151453
-0.0998062338911546,-0.9726051720373486,-0.0412398911662897,-2.5377732631355845,3.491060874267743,-0.171660545061675,-0.1168339052943686,-0.9228282825957906,0.0504777806108052
-0.097108077274421,-0.9753401493622638,-0.0565152810760791,-1.928607494865572,3.64773754451307,-0.2268893714067152,-0.119140159112941,-0.9267481568840448,0.0508443401062319
-0.0944252773714993,-0.9903392953345748,-0.0492840344305015,-0.7254926824377581,3.671340588564001,-0.4312129144926535,-0.1223923391167584,-0.931661885700048,0.0564980269475622
-0.1008090332492994,-0.966017326654043,-0.0649671191372805,0.6201724915660811,3.599641762400891,-0.5920388003774327,-0.1219085410879252,-0.9273369946701048,0.0574786933475858
-0.1129924346077285,-0.9581745604137756,-0.0635697485374482,1.3591904961675916,3.315053351803508,-0.6114891925785747,-0.1193551265008555,-0.9193859849103684,0.0590736053770865
-0.105746396978698,-0.969275022680652,-0.0406316716895783,1.4863028823153093,3.0969434615233427,-0.5181434155266504,-0.1220071244298679,-0.9162958663923748,0.0600532216862817
-0.1073810510461929,-0.9615788156731856,-0.0384845634514511,1.1308088943747296,2.909306199993519,-0.4523139844989674,-0.1208442575450156,-0.9125403429957026,0.0617307436557441
-0.1034003395365313,-0.9575232867987358,-0.0469453572453941,0.449101338985535,2.8106058154485427,-0.3187168883065286,-0.1178548338986707,-0.9131242093463456,0.0625419750610092
-0.1028059449689629,-0.9545245051731716,-0.0438821394807983,-0.3681323637982862,2.8700227044257853,-0.2428466884377026,-0.1200024924330832,-0.9127370151482108,0.0571975629188266
-0.1167946929223182,-0.9695649517599094,-0.032286012326955,-1.0453192642857028,2.9588944672440265,-0.3214215858731068,-0.1166424570190788,-0.9133656224527118,0.0540805485058067
-0.1019942505530645,-0.9654434234950476,-0.0409479443484828,-1.3746527947504092,3.10134240836968,-0.3465024979707395,-0.1141636798831419,-0.9161682941242686,0.0503096442314665
-0.1015817548827629,-0.958340259880288,-0.0469064019010024,-1.5403076791166304,3.1971545441075677,-0.3773335095327885,-0.1169776818849305,-0.9169101002491336,0.0484895941294734
-0.1107630210055504,-0.976267885154276,-0.0546380457810386,-1.5704527246319662,3.399907926736897,-0.4285355003985868,-0.1172322060397038,-0.9190255362738686,0.0457307403899091
-0.1037218080452376,-0.9785263564200914,-0.0524677166941335,-1.3758233352348634,3.548833170047202,-0.641530853098518,-0.1212106624191298,-0.922444849834161,0.0414482928715517
-0.1073988009506322,-0.977238286894956,-0.0387551139269799,-0.921701511401706,3.47989746875331,-0.9002292362092137,-0.1238505673467133,-0.9239058856689032,0.0417413578896923
-0.1051582491778243,-0.9712129850287924,-0.0554445069422803,-0.5849212459285797,3.350176340773709,-0.8851987303097246,-0.1213795349686531,-0.9198418641623116,0.0386003653113707
-0.111038208065053,-0.9680739932247646,-0.0584096085848178,-0.6645177449152209,3.257559739227845,-0.6865822334500582,-0.1268512348440008,-0.9189187063421348,0.0410747236704844
-0.1175787170415448,-0.9672531572911348,-0.0579685282130298,-1.019415893728033,3.308229395997386,-0.4474246408644374,-0.1328897424971451,-0.9206807838768748,0.0394207533752818
-0.118961655265937,-0.9708248201998126,-0.0681209141493284,-1.841284314388569,3.167010630944981,-0.4596876329470391,-0.1322961262334299,-0.9189613681831834,0.0316354164832603
-0.1359204715594376,-0.96215262601469,-0.080382048993621,-3.098360138048769,2.985975596550329,-0.5401594834002708,-0.1336983058725168,-0.9180747546281038,0.0277547351638715
-0.1336462997069067,-0.93910573371826,-0.108150476773815,-4.484765188481891,2.96724420906234,-0.4401349534486579,-0.1368880900930581,-0.9170767820569704,0.0152299195240436
-0.1273698104910018,-0.959768050036715,-0.1037199837856993,-5.747327748423254,2.8743260963475823,-0.245918238921029,-0.1400479009170654,-0.9193987174970064,0.0041724953971429
-0.1308666959795159,-0.9688316130086227,-0.0985192199647384,-6.923111340103601,2.9407930259646817,0.1032878090343019,-0.1401952182731197,-0.9203586161372472,-0.0048351865620812
-0.1191912526026734,-0.9579389680159378,-0.110202016148612,-8.017101216793547,3.294972683659927,0.0491800959245656,-0.1357656437540848,-0.9146558410265052,-0.0061266561320248
-0.1096029048206554,-0.9655631182694506,-0.095648096930906,-8.470970854631489,3.892736596645054,-0.4680639575132585,-0.1276612181059381,-0.9128115213128376,0.0043288571955409
-0.1029670199898688,-0.948587936857147,-0.0814952497665897,-7.950320047243671,4.403527549583091,-0.967298804969001,-0.1176920026596996,-0.9051335082550056,0.0131397278168708
-0.097802614740592,-0.9204368303680542,-0.0661491565852293,-6.526751946999006,4.759553425441277,-1.5515152994655332,-0.110988006961266,-0.8852213077767382,0.0274319216568674
-0.0916382654718187,-0.8999037352669156,-0.0351197036534678,-6.196370077664651,5.1451903688029565,-1.945706617262811,-0.1051480239871402,-0.863564547112573,0.049368902556858
-0.077719030385578,-0.8729267263475392,-0.0227268439002836,-9.356747266096331,5.217626861828055,-1.6238879648328797,-0.099351031708423,-0.8373160729631379,0.07113966259865
-0.0779077837983786,-0.8408909721022586,-0.021512783225251,-16.60007359528839,5.334335356578915,-0.4051933177214532,-0.0959437262277962,-0.8157071871732695,0.077216979104605
-0.0852900093608067,-0.8202823605475427,-0.008729189924434,-27.69951710757064,5.826410841652201,1.240984109690044,-0.0988513456352179,-0.8036220920167111,0.080610350604174
-0.0962734042842994,-0.8273737699472066,-0.0096370563613905,-40.3047852097507,6.633126020819729,2.8402716493463305,-0.1057113796514417,-0.8080951904745484,0.0840317019137995
-0.1089453064548786,-0.8558040483926144,-0.0163747411097639,-52.86321976777129,7.894356367620896,4.3146054318282125,-0.1115339883099879,-0.835271692899333,0.0767355641130396
-0.0986999522621751,-0.8914342925578447,-0.0335172147773831,-64.42137674813843,9.129000772992828,5.232867098810035,-0.1174312417487577,-0.8653790801399526,0.0706382222119529
-0.0986128667991009,-0.9347059029466778,-0.0469507484839625,-72.60472688056564,10.109557601138512,5.395289884759276,-0.1151645658795044,-0.8913655454747555,0.0562920778781399
-0.1028456032266768,-0.9666071813349428,-0.0520651035440177,-76.15267302697602,10.949750576528752,5.204367152883549,-0.1104988001660225,-0.910223300831222,0.0476447661745667
-0.0807332878191805,-0.9857690658272008,-0.1028540123995985,-75.63630098864091,11.639755152687526,5.06848505375912,-0.1107661238700083,-0.944747237004474,0.0307195682623774
-0.0763155452944569,-1.006746667908414,-0.1074560762833125,-73.46036323871353,11.760786708295973,4.916413809520791,-0.1053055663767625,-0.9662273172497904,0.0160461815402082
-0.0917780067247421,-1.0076970419502602,-0.0891517374440616,-69.2480482884298,11.246686189581313,4.727086252398299,-0.1072290790848958,-0.9589580562059632,0.0135720565011855
-0.1116757493789502,-1.0054014136591105,-0.1195428847490399,-65.62599518417575,10.615963621808849,4.541814118470321,-0.1268227700831055,-0.964432198425382,-0.015108482615603
-0.1349806176323834,-1.0023527565672985,-0.1237449280046762,-64.94064051121514,9.529463606154865,4.122586156656911,-0.1476049272547149,-0.9504341557933408,-0.0252555174745788
-0.1502202097609778,-0.9953080808780416,-0.1525964883071921,-64.17729203920781,8.69575966797988,3.1959755586469267,-0.1654005321344141,-0.9609576814487916,-0.0470545343268822
-0.1451397402838622,-0.9842291673742968,-0.1726321182277671,-65.15459312035829,8.398322464269167,1.4905085317766766,-0.1637056331147482,-0.95998660250276,-0.0679492693211736
-0.1342466013737204,-0.9697219380434352,-0.1870150105258967,-64.79467690897205,8.698679984145498,-0.8897217470034899,-0.1493676023416459,-0.9271444685521956,-0.0818881478307013
-0.1320681614446988,-0.9584259090779188,-0.2222236102892845,-65.59829631583608,10.103124244631758,-2.763464821744185,-0.1471002722784373,-0.9202809205635196,-0.1229697500757501
-0.1170490898669514,-0.9262287044314328,-0.2214477691840873,-70.17294133516766,11.116070617834929,-3.5229401400437714,-0.1414334024644445,-0.8756419131959366,-0.117581085137002
-0.1458541717244913,-0.8888396807145935,-0.2573194384925655,-72.23858342185265,12.272752535209914,-4.709066061373246,-0.1574847907457828,-0.8632875560682574,-0.1493524290058694
-0.1758340645260872,-0.8374641705130147,-0.2813470714070697,-76.97309557417269,12.832004229239711,-5.539311860042496,-0.1721005653104351,-0.8358448217701954,-0.1734978240914653
-0.1492584243297601,-0.8416894337569965,-0.3118421320696889,-80.31357361671975,12.46940889786062,-5.811314094049791,-0.162520238608829,-0.8111121903313081,-0.1923887996017717
-0.1335564409874172,-0.8271913516964013,-0.3154359233602487,-83.33739883023915,12.748453200801476,-5.952119029053853,-0.1616804881994089,-0.8004280856860952,-0.2237504286413884
-0.1215516239171274,-0.7843842235354199,-0.30461163445975,-87.18559685782435,12.424200841065067,-5.2624741340763,-0.1406965342357664,-0.7553916988465612,-0.2014279571250085
-0.119167828564992,-0.8019743397308688,-0.3510212363531302,-88.58378754045023,13.322483164643998,-5.839560045946398,-0.1353012519426225,-0.7750697892496903,-0.2501809011758557
-0.0745958490348815,-0.7246749615818989,-0.3091091680624907,-96.06391153675342,14.44511421142144,-5.21902403336617,-0.1078024834674672,-0.7102614516284976,-0.2223138578723315
-0.0447627340058791,-0.7855643475957417,-0.3719164816384643,-99.90650923332367,16.157773679617573,-5.604657096202399,-0.0685382023763115,-0.7725808469596112,-0.262055364291032
-0.0402394907391762,-0.7467951101082031,-0.3648271587325033,-109.43827837444482,18.44664816300083,-6.137995428300348,-0.0660017124730832,-0.7351239754488705,-0.2877802533279406
-0.0036120562392733,-0.8503590457605986,-0.3572112178655958,-117.88436657666392,18.88133076619428,-4.8399905582255816,-0.0240727696844946,-0.8041805566470345,-0.2319946988014479
-0.0905542453913556,-1.4532832601419066,-0.4998359401881869,-103.82711254187804,24.4432089194324,-13.677089157913414,-0.0761850714011388,-1.3919433533013017,-0.3462413890040785
-0.0775087423189525,-1.1807536537027,-0.3153449819896576,-77.26143963702695,29.02960687046617,-19.2851105956724,-0.1059805290980858,-1.1216446877792388,-0.2003469926888876
0.0062305177868856,-0.834737057249499,-0.2440920293650068,-51.189300581247245,25.994877908993395,-15.396360376241056,-0.0399193749826979,-0.7615422672542632,-0.156909103433889
-0.0751404089074363,-1.0565311816741887,-0.1926710748071737,-34.825958477018744,22.780652211688047,-14.213863184804072,-0.0931767051904986,-0.9935737896503382,-0.1057829699681536
-0.0985123305494808,-0.6474635548911739,-0.2416088347219623,-7.086303234218007,23.165287045973564,-4.5492227127202325,-0.118863322130482,-0.6465268221137848,-0.0718430822196105
-0.1623921366026337,-0.8324339647346395,-0.5971681623434835,-37.93016642749241,23.722626275653923,2.383705941121344,-0.1568688585758027,-0.8463704648650027,-0.5455959043644738
-0.2079502213236954,-1.3215201008238378,-0.4403826891073401,-124.15278033034224,15.687299690397271,1.873188237252348,-0.219538102095355,-1.268356846201099,-0.424425898985627
-0.1089506834083688,-1.1144910866314444,-0.3654739285933217,-129.0870249585992,9.659408960715114,10.277344690006643,-0.1467951139215186,-1.0592015898793634,-0.2164992102913784
-0.0613547308660625,-1.1504627532398384,-0.4864398423222602,-106.45105071669728,11.324459956980334,12.75711403805916,-0.0879885815468365,-1.1024226297492454,-0.3954308183045923
-0.0766728727446665,-1.0961234484596358,-0.4702320951702998,-102.84449310830313,11.205719472553668,6.352173477694372,-0.1153448965901236,-1.0487747878506946,-0.377504492942582
-0.1669012518208995,-0.9052201580502616,-0.6050787320472508,-98.1819432436086,11.455139404856762,5.345999389975933,-0.199157959676359,-0.8878378252675883,-0.5081244745052906
-0.1912226851252779,-0.8842547324032437,-0.6041958961438498,-113.13074422723057,8.598054432133907,7.648182654345514,-0.2280349378366811,-0.8595480734141672,-0.5225038760881194
-0.1422796549984875,-0.8468412284883342,-0.6387638820255488,-118.83746092346094,4.733399260738072,7.719655153737182,-0.1968156254595231,-0.822170022073978,-0.5139372573300731
-0.1363798433719475,-0.8830231407371658,-0.71018615162919,-121.67099243673276,5.825209765139861,6.221143201066162,-0.181508472651849,-0.8568368388979322,-0.6085272128338872
-0.0766843857530705,-0.8840860508416092,-0.7088334072589928,-127.1179415133179,7.232901720377734,4.042435028890136,-0.1127150091950132,-0.8533750636803848,-0.6099098092476694
-0.048765735815486,-0.978831567511004,-0.7402648420353116,-125.62971780236364,8.598744589192814,-1.0339751266228694,-0.0825027924353412,-0.9335774898254758,-0.6476136834470153
-0.0851778048986723,-1.1021183538602182,-0.7916526854262671,-114.47591815528344,11.193608346669976,-5.316632345860668,-0.1244886384414174,-1.0356152777716587,-0.6893283792562009
-0.1315220954470142,-1.1109234221409283,-0.8998804028294662,-89.64333524935542,13.766071738503612,-7.34724368633633,-0.1668210369011082,-1.0543377905723277,-0.7886635349930483
-0.1774414397022165,-1.1070456149003522,-0.9248847280518628,-64.7542945795779,13.188742585703874,-8.804634641255928,-0.2105974770279645,-1.0495544829118222,-0.8396121205115572
-0.1858025069659596,-1.0234275098694974,-0.9610827542855565,-39.1904232163858,8.940867576528094,-9.016388085983763,-0.2220954471050547,-0.978088033879024,-0.877056997320868
-0.205073300757922,-0.9420757838165048,-0.9497569925248392,-26.50819184954889,4.7935948992470045,-11.27672891622526,-0.2305637311541596,-0.9065772936628764,-0.8751523275625258
-0.2158437385074483,-0.9124250707907652,-0.8799923833503493,-22.931168180529102,1.8116727101420147,-13.618629696019644,-0.2472269315334143,-0.8682904536989609,-0.7885509651250622
-0.2022910027279134,-0.9536132705613448,-0.8674656186287062,-15.8749593481295,-1.1513126112392689,-14.841164833773886,-0.2392319201460149,-0.9017735771862836,-0.769721072499659
-0.1779145872564406,-1.0210065663814845,-0.836529752367986,-10.50528273740341,-4.2451359975814125,-17.340194157182047,-0.2156825013879568,-0.9642314876404864,-0.7431062135118662
-0.1350312324440473,-1.0254935998933217,-0.8581067467789526,-1.944695840616464,-6.909076800995732,-20.02359877808184,-0.1787187253349141,-0.9865000552781744,-0.7519065973389836
-0.1033863731203335,-1.0239318715173196,-0.8580404472811234,4.067101700357566,-10.041385733431833,-23.21425091637883,-0.1411623829793653,-0.994768633335856,-0.7691961641754574
-0.0666847764163869,-1.002581213385507,-0.9020040737773036,8.174732163728052,-12.991953134978242,-24.635781142882305,-0.1063706091721609,-0.976516804647177,-0.8106265668459223
-0.0824937414247767,-0.9895431563606204,-0.9354297445194688,10.26299070590098,-15.252445649964947,-23.7524830916403,-0.1248031600810755,-0.9582908546869024,-0.8460351394451896
-0.1073098732008561,-0.9406147066291852,-0.926185060307032,11.13177816358772,-18.111902056578845,-17.266409749392007,-0.1670775395229717,-0.9143750861603784,-0.8508779973237988
-0.060756365411736,-0.9320793304486292,-0.9391690626718748,9.340760136279084,-21.87400118161852,-7.185605612707344,-0.1228293102797837,-0.8989541293549637,-0.8594273404304971
-0.1070919082694778,-0.90983232457528,-0.8978013660569604,9.303562833520887,-25.720809938351135,-0.8383044778463754,-0.1355710683232778,-0.878695489764219,-0.8179969134474114
-0.1139284999562404,-0.7685237565077327,-1.0088505492452902,7.317352889921185,-28.230307555729485,9.669962480560583,-0.1618536750653187,-0.7834488457239595,-0.9333191897691566
-0.0062156121917771,-0.946157170362388,-0.8022991875533106,-18.33039110717139,-32.069118658565024,12.123232812570825,-0.0634049923052282,-0.8781133673476847,-0.7548875395761314
-0.0650112581523924,-1.2433629759836076,-0.5022068527777215,2.759065005795556,-30.0260955197645,2.879217501116584,-0.0870283114169885,-1.0918176766200478,-0.4509692285488702
-0.1379918261755335,-1.2824200796973568,-0.8121578821830355,75.2307707826015,-18.85102969585713,3.516331145380654,-0.1697316227214327,-1.2013381337708984,-0.7237549780054882
-0.1378047614274566,-1.27208248203642,-0.8805671019875205,99.48468148115649,-17.328595761829643,-1.214712195637489,-0.172508076842879,-1.215799233831087,-0.7907560613153746
-0.1720243419260163,-1.227383020047326,-0.725936774845555,115.08156947720494,-25.09714462815309,-12.069014953876277,-0.2016757343029412,-1.1459239876791596,-0.6336601128311512
-0.1356784038580421,-1.2007218178300922,-0.8219042509407786,153.68648651724362,-30.172766891920368,-11.41725913023596,-0.1850733042298785,-1.120296704840905,-0.7354701065361445
-0.1264072372389187,-1.1783624154056032,-0.7721141906889963,179.94737468308836,-34.629374610996635,-10.780991470830728,-0.1581275550257533,-1.1066601550331914,-0.6661524857970001
-0.1526839620372718,-1.1357349680783262,-0.8036813639451892,212.33962528280605,-38.725967059590666,-11.6395198260085,-0.1674191866868694,-1.0908810390402743,-0.6598598257579034
-0.1283291966398995,-1.1167344151403111,-0.7694232680228221,234.35110700863476,-42.710590610331856,-11.596977046879156,-0.1652505862769147,-1.0597886885863856,-0.6669449071028786
-0.1390220093113808,-1.1271064158470667,-0.6327480724219856,255.21679732472,-45.33310171479452,-13.211730505557131,-0.1751116252220099,-1.0496497003505632,-0.5138689664967004
-0.1437083676544494,-1.06966112464382,-1.054587355894584,272.70451109372704,-46.20826093162635,-13.184474189282444,-0.1822472311070506,-1.1168076485728398,-0.9217055440503136
-0.1484798735393607,-0.7961521139863315,-1.1357964087419308,201.56744187525,-48.43714046831079,-17.24992440973543,-0.1931203375059776,-0.90561520602408,-1.093264198860333
-0.1852903467568548,-0.723970042669937,-0.5362406170361679,120.12643007505268,-48.65844448939261,-23.865176769479017,-0.1953950908489422,-0.6867461618134099,-0.4630644882551296
-0.1354035103231238,-0.9527944095938724,-0.3636784393383704,134.0708470695478,-43.54536165501567,-21.22072589484024,-0.1584336440050817,-0.8626282683979235,-0.2317285859597026
-0.0746013168253568,-1.0827375975380191,-0.3461328050270333,164.6565382051383,-35.065964953880055,-15.895059613225175,-0.1254862547788795,-1.029616460971546,-0.2450724866410206
-0.0865056668318875,-1.0953827813429666,-0.2212033581824631,173.76357015914522,-26.688422733117456,-16.95815906243864,-0.1198133969105765,-1.0397191823086187,-0.1136567327740261
-0.0718036091678982,-1.0412140635313465,-0.2350803353863279,179.92472402926546,-18.826404567801365,-15.470805720378875,-0.1105997879311536,-1.0093664114813965,-0.1077395667795597
-0.0550243152501817,-1.009410935138081,-0.211495716498539,176.52780965572788,-10.90177468315235,-10.26325845971239,-0.0830791218814839,-0.9931153037594624,-0.1060665172489697
-0.055598511071641,-0.9908127241104052,-0.2215797773661346,160.5156071401819,-5.680340611794503,-8.904213033609846,-0.0635918238443181,-0.987588666750534,-0.1344583939421986
-0.0378927770865334,-0.9288892591441188,-0.2526507676900061,128.50977931073797,-3.510645997050289,-8.508191369063537,-0.0582898877635463,-0.9354151606159516,-0.1470165955571855
-0.015744284723186,-0.9151095772880644,-0.2468193761293021,93.5686052850547,-2.393174317576793,-5.963847583467687,-0.0365489543182997,-0.9052914829200762,-0.1441530431140363
0.0119337115339389,-0.9023800312722732,-0.2600279262901145,61.09284496298052,-1.8997469119395003,-4.118365315219174,-0.0065910401574537,-0.8975483920886766,-0.1687716399340529
0.0286609587497566,-0.9060988822603574,-0.2678829893602966,30.595519210662733,-1.7199213518885164,-3.515487752861278,0.0044720349120022,-0.8932922269551067,-0.181717036389553
0.0325690137205073,-0.9319247687603937,-0.2924665340976732,5.681316926522333,-1.2484058710440205,-1.9161308221653444,0.0066259161492807,-0.9018190801458216,-0.2167123314115742
0.0331406105954316,-0.9353856908284298,-0.3176538498341897,-14.872944450443498,-0.3678090446095748,-0.0359404894849381,0.0081467877792121,-0.9071945987940824,-0.2229532162918201
0.0212724759550495,-0.9615467907535962,-0.3128728188866094,-25.439752011440152,0.0958069009719238,0.3524118191047599,-0.0065360528440281,-0.9243061154768044,-0.2198738615217593
-0.0042540241486152,-0.9815834326062692,-0.3047260967423862,-26.34973072285923,0.1593774053520957,0.9395423743743396,-0.0252051505516854,-0.9423371775285788,-0.2152199951288265
-0.0103255270697042,-1.0020113181617567,-0.3001639777530035,-20.05880895474173,0.6538383851860221,1.312448756725967,-0.0205895309695833,-0.9549179091497452,-0.1944700442391388
0.0164698862031812,-1.0120945562140695,-0.2783428324584368,-6.730585077898621,1.6886190687057796,-1.0610271767042687,-0.0149958190545753,-0.9592651847617406,-0.1836005318040685
0.0214080788108763,-0.9945769915322088,-0.2613689928134749,8.791154555724036,3.4150980567011078,-4.107295709519777,-0.0156912562864937,-0.9501857988202462,-0.1676057304135126
0.0155185705666813,-0.98158413450026,-0.2564016057671462,21.75266457834688,5.610325919335246,-6.297355898035571,-0.0060005926337918,-0.9271920015538389,-0.1526459492638136
0.0243044164700515,-0.9444693228280306,-0.2286336552360597,30.476118242660714,7.869504000729572,-9.377988700448396,0.0003614181098204,-0.8888264822688363,-0.1358992147575984
0.0204315400550816,-0.8986322810293941,-0.2075229206559119,36.741580824253134,10.295506029182263,-12.669929622936596,-0.001805824141982,-0.8552436682693321,-0.1185142483930538
0.0115952266499114,-0.8559750322016223,-0.2135417262694584,40.4022901611615,12.885815201760254,-14.69665736122271,-0.0061413877535198,-0.8241890892647423,-0.0985138102550775
0.0004010770644246,-0.810315122977195,-0.1948835042207264,41.721054117199536,15.052182837498057,-15.341267436530472,-0.0109260802869291,-0.7919910171664846,-0.0737346872435039
-0.0126906149519463,-0.7804961535202828,-0.1578115983331705,41.06057845222108,15.944423724267464,-14.54102325657059,-0.0215061534450807,-0.7642516377295772,-0.0569106337602274
-0.0282932091276078,-0.7558137448792204,-0.1427679621487455,38.04371920743478,15.1631222000514,-13.17387988995404,-0.0338941571525392,-0.7270219194750954,-0.0433132546073505
-0.0528846740564636,-0.7140418154266013,-0.1454241246560309,34.22177510112391,12.3517119658072,-11.515813147683517,-0.0544064939966303,-0.6885204808148175,-0.046339983373829
-0.0808731343566467,-0.6713229340452092,-0.1507375926621843,28.58050638877452,7.901637878438504,-8.593288741926122,-0.0903996750327131,-0.6527502986858347,-0.0540778221854823
-0.11578021975339,-0.6512744380850408,-0.1426155722341164,21.934290465100236,3.5150977703939232,-4.859992196443155,-0.1184119919408213,-0.6121180392946595,-0.0496277478783738
-0.1418027415519271,-0.6049787034418423,-0.1576632528778596,16.245619775847686,0.7687691363267185,-1.2697843034808631,-0.1470420815042016,-0.5762602879145196,-0.0553338304712647
-0.1573365212356701,-0.5453546983822338,-0.1674159463186806,11.176274875549453,0.3275885232671607,1.4640375648761914,-0.1762444869824139,-0.5297231266979118,-0.0547315785073837
-0.1822181379397316,-0.5006654478493857,-0.1347124912638969,8.548071988605722,2.523583671453564,3.0645845596370824,-0.1938235286944886,-0.474160814033132,-0.0408095231675594
-0.2090874766326891,-0.442032204024418,-0.1272905215996095,8.83647019497396,7.516773196259291,4.06938114656941,-0.2145821177650558,-0.4228894818781381,-0.0268595937756509
-0.2327983372647216,-0.3913375330566467,-0.0966135635888287,11.775047381728122,13.237801441311714,4.5935054899133165,-0.2356228018891428,-0.3618438705713915,0.0048270453097022
-0.2573062894525242,-0.3451612393415535,-0.0581472727949264,18.01222260699307,17.425536514446573,4.417648084324131,-0.2611812341283696,-0.310093256575617,0.0286030298816706
-0.2781331563503516,-0.2848730021152146,-0.0834911638460471,24.264995799483945,20.416040456453224,2.861899557442268,-0.2751014778804352,-0.2626524136167478,0.0208493015861763
-0.2792366970334584,-0.2224689610662164,-0.0940797875618211,26.723111532486904,22.509390649720725,0.4549910252524478,-0.2697349749015617,-0.2074925382809601,0.0057058115780853
-0.2609628343542906,-0.1954943535591246,-0.1144117458775562,24.37160141134016,23.55457238217741,-3.347887480310332,-0.2647044077384036,-0.1723131531598576,-0.0187695368047115
-0.2420936989247387,-0.1798106342726586,-0.1584872995801491,17.508818500057437,23.159931686888708,-7.307380939756838,-0.2463724252903514,-0.1572992080040813,-0.0564594355422808
-0.1892281293051486,-0.1559723439256664,-0.1718764698353951,7.717754846287655,21.286350698950475,-7.809514623890941,-0.2074402657694806,-0.1697754690053858,-0.0888341648222177
-0.101185291994132,-0.1869537003493773,-0.2016091758250342,-3.324333094181506,18.95983767436974,-9.157892967501084,-0.1311734122694353,-0.1913208257582944,-0.1086673758758536
-0.0351659199513838,-0.2522199054524345,-0.2202249010138049,-11.605072092429266,17.742648793597027,-9.64237471654025,-0.0476801385227875,-0.232191709270919,-0.1150699745446365
-4.01632702165906e-05,-0.3589861222720227,-0.2056651343351519,-14.62452912207152,19.43537779716232,-8.446690558055387,-0.0196370527942923,-0.3526176755153125,-0.1081120773229294
-0.0008549481742322,-0.5060163157097322,-0.182207472315538,-15.72288558602376,22.35877122341081,-15.775649947854909,-0.0184129440630306,-0.4930110800207874,-0.0796560148320335
0.0018998174073296,-0.6528650507218745,-0.1277395255696269,-13.43295232370884,24.05582373011483,-22.970818814858823,-0.0100490339441542,-0.6141554148012134,-0.0199021082090889
0.0289646134141853,-0.8098815112700577,-0.0865229431061566,-4.639817535820869,26.083645217950515,-22.163832800766496,0.0054226684982322,-0.7463582898546178,0.0303916777497615
0.0380883811213031,-0.9322368935939,-0.0577492763133427,6.8413963103662585,29.121916485688796,-20.80733296065187,0.0236326031433763,-0.8705953298966143,0.0464443412731566
0.0519242353979932,-1.034713821639944,-0.0433715828814561,18.12766566773856,32.28226628493232,-18.54917211673506,0.0346576360208513,-0.9885368084856422,0.0504210830237229
0.0560062186958212,-1.1404693188664243,-0.0867672459086699,27.34625771227424,35.94162456958617,-15.346755862713,0.0370705017045845,-1.0952118367847277,0.0194246665591965
0.0402050535872159,-1.2142486914589623,-0.1602374416153288,30.457507827851803,39.74300634430164,-11.194449122012507,0.0244625445097444,-1.1713649181238956,-0.0556732005903777
0.0111677769833055,-1.2435178315437976,-0.2734716342563779,25.32395879979433,41.4860362849078,-5.001112364903606,-0.0194173314502893,-1.2065604958665517,-0.1546174839208954
-0.0829094346560865,-1.233011479210869,-0.3797775346361464,13.938109386002644,38.676895415319855,2.4415471243665707,-0.1070213628249393,-1.201656954956792,-0.2640811001460094
-0.225598986000941,-1.2318624380494732,-0.4143637343360298,1.1128049000358162,32.68271094018904,12.989113596994654,-0.2311930148582829,-1.1945394226468655,-0.3309458282048986
-0.3454561101547192,-1.2319709555092266,-0.3899251668172047,-8.055844050202063,27.27901261685584,23.57848698266607,-0.3539435571258897,-1.1841999638496132,-0.3037694982044993
-0.3946105341567516,-1.2142509190940476,-0.2676413459928575,-9.542728840738434,23.12389119775008,30.06144239436996,-0.4081279875986436,-1.1519240504435286,-0.1709885619514631
-0.4012467817417039,-1.1833475167231509,-0.079356960843512,-3.826568069550604,20.477943431061924,31.861154961920096,-0.4001525034525823,-1.1081195440303429,0.0099411198651642
-0.3717154441129048,-1.1158393457997282,0.0778694750752472,5.455846454340161,19.27314074552387,28.66102632729653,-0.3725040805833334,-1.0508328647483487,0.1603275238504768
-0.2999697102095951,-1.039239328527207,0.1806889150828204,16.049685008534283,17.425627914481172,21.733852779817354,-0.3088310207307594,-0.9840546729846013,0.2656843493408244
-0.2259812184233656,-0.966799812957396,0.2165353033950227,25.04587560406662,14.450260065085558,12.950171636649555,-0.2230238595046794,-0.9104927462476692,0.3079167557057467
-0.1230362607203452,-0.8880322219972722,0.1938371319208448,30.60232569437855,11.012225043168923,4.873732858449179,-0.1249709727834444,-0.8389045831541913,0.2809313468428902
-0.0398476439193218,-0.8000936578816193,0.1126883985980258,32.53120003935833,8.342570787053926,-1.902464567030454,-0.042375691448525,-0.7836844388701383,0.2128518584817947
-0.0106804228053942,-0.7273369942186045,0.0079023894334851,28.306951978679603,6.829075274706985,-8.076333111220322,-0.0111899284497053,-0.7308677086638594,0.1293499673161141
0.0146139895937755,-0.706072083192826,-0.0274055747656945,17.09603047897487,4.95193282999384,-11.666656714488996,0.007424288078377,-0.6890780969252919,0.0712389191815421
0.017876173257062,-0.7039371709743784,-0.0307255782612732,2.6422701308448837,2.9183890239407564,-11.528134488523015,0.0122424188929455,-0.6849797298528045,0.0549787902222556
0.0204111195112575,-0.7400080771003645,-0.0086260189160971,-9.579088125230738,1.7266191194299203,-8.011232218378789,0.0070756273737659,-0.7242588064945634,0.0801579479123362
0.0211160005390191,-0.833064762547272,0.0428993996021292,-15.189051533057608,0.9489794774882776,-2.5398819874533336,0.0131475031322759,-0.7934233463861717,0.1248301283376839
0.008587481958621,-0.9179592581690792,0.0479101028689046,-14.276461012176298,-0.651986762691225,3.1677348866517443,0.0079645234420533,-0.8682896125358792,0.1508759326205286
0.0055551974238151,-0.984662749455848,0.0501138460544402,-10.107103092936494,-3.905850877445156,8.692578039906591,-0.0016996897887035,-0.9386769386943856,0.1529774171065971
-0.0093424041941649,-1.0266437755357587,0.0346941547197583,-5.42356221598445,-7.630660567258053,13.389566033765616,-0.0162312858309484,-0.984536513525208,0.1292123584473691
-0.031094010834386,-1.032102436912822,-0.004876369860507,-1.271110885910867,-10.215251890815628,17.131587361847178,-0.0367462571339756,-0.9947667796566564,0.0953345788042087
