ADXL_X,ADXL_Y,ADXL_Z,ITG_X,ITG_Y,ITG_Z,MMA_X,MMA_Y,MMA_Z
-0.1396490454189689,-0.9605747269072482,-0.075529398776811,0.5735988487749443,3.2319843560884687,-0.8687854364687881,-0.1547487351483859,-0.9095572726510636,0.0159986119913802
-0.1385329197289866,-0.9540398700452082,-0.080806426253984,-0.2553039371586657,3.245077049365012,-0.9776665108704422,-0.1536059874609365,-0.910413955175958,0.0201809569086277
-0.1440924430447995,-0.9530999499263908,-0.088841965453333,-0.8588088520482057,3.2548495520635425,-1.0822105591025994,-0.1509964155726914,-0.9109066821214546,0.0219836431436618
-0.1384587882905554,-0.959182697328714,-0.0964466349828848,-1.0856983537875635,3.130925930333605,-1.0765269871795171,-0.1514483488293821,-0.9131405882069292,0.0194909097100037
-0.1536116204894341,-0.9533576520477964,-0.0750655666238754,-0.9962562370468054,2.8915236491869334,-1.0590335853400838,-0.1560096155941719,-0.9126234504266788,0.0160961302937085
-0.1504945126105173,-0.9561577179438708,-0.076143359517378,-0.7241177581813392,2.7975571197706635,-1.042625181182782,-0.1584771308497761,-0.9139466767652208,0.0129341157948375
-0.1416335319486969,-0.9714855357491554,-0.0954497623566319,-0.3142626438349325,2.7647857652916352,-1.073840174745128,-0.1615837073006498,-0.9164244460412732,0.0114294067191301
-0.1498746274038063,-0.9654863523231846,-0.0877554282138579,0.0933248276164568,2.92279613123453,-1.066332260329803,-0.1608872976105393,-0.9157098868652314,0.0110177522717313
-0.1351289607078579,-0.9584736367898602,-0.0964303538955215,0.5562187962761923,2.900040332325446,-1.0532469329742404,-0.1587341451406316,-0.91618759981889,0.0145955809866789
-0.1477524733428949,-0.9681391429634956,-0.0864296352027014,1.147052088351753,2.584563291828016,-1.073861092823815,-0.1583181065254864,-0.9176811157083704,0.0173077048052201
-0.1577205447470217,-0.9669157856293732,-0.0647160530641606,1.5457829374815617,2.272253235345115,-0.8367314388733917,-0.1532243971584078,-0.9169669836448024,0.0176626607224545
-0.140198136232747,-0.9651850403395432,-0.0778925683767173,1.656014335562899,1.9223571554191552,-0.5415640729442597,-0.1508949568226088,-0.9151879976596126,0.0186359211458066
-0.143469900869464,-0.95509050195262,-0.0823751557363947,1.400141695074834,1.7015056644378557,-0.3922078684872848,-0.1507601591671094,-0.9128497951570986,0.0190667567253904
-0.1377106418715284,-0.9585325697790924,-0.0750713950934948,0.6680370359056691,1.6350863916566238,-0.2675479150495142,-0.1496641945259916,-0.912565489217937,0.0224731808328864
-0.1411301622036863,-0.9583812729313764,-0.0830060583807313,-0.1139737343625789,1.799374279729071,-0.268671823355677,-0.1497828160729662,-0.9141048019847012,0.0271068022723628
-0.1514635534187176,-0.9356297673330132,-0.0832592220015828,-0.6813042478251418,1.9434100662860887,-0.2419306761611483,-0.1499174428410754,-0.9144364964791204,0.0293179226096989
-0.1446805475455921,-0.9570661453153432,-0.080892126525746,-0.9397561301006898,1.827675708449251,-0.1603769036700201,-0.1502429571661588,-0.9154191061540068,0.0284339995082044
-0.1398974167548916,-0.9654644128765408,-0.0896905538899516,-0.8545212583483873,1.8232209898354252,-0.146403494625267,-0.1480191958328305,-0.9155649549748835,0.0252080137673625
-0.1347907368276863,-0.9635192733420256,-0.0829368002307619,-0.7738465583052005,1.9415790734884155,-0.1044207064391313,-0.1480545696356576,-0.9142783519479346,0.0211985423685595
-0.1430541227881621,-0.9748906992502157,-0.0838152188120509,-0.8704964402648733,2.147908455410034,-0.0697481954352066,-0.1507503439784608,-0.9151749589231686,0.0171190420604948
-0.1390002086560018,-0.9610748887990808,-0.0896754457367058,-1.0865201626168046,2.2383782121616296,-0.1033909472849332,-0.1513299078708986,-0.9154108464589286,0.0168531428296562
-0.1318773990305777,-0.9673692939148002,-0.0756762565837839,-1.2070278108817063,2.1006135394577297,-0.1252312999165179,-0.1535722982405569,-0.9172468112086328,0.0187433818274084
-0.148591716270242,-0.9627969356024176,-0.0809409006031611,-1.0817785671215423,2.04133067406428,-0.0758848697396346,-0.1552125941165247,-0.9174355105627822,0.0196084333807453
-0.145643094860956,-0.9641873900821604,-0.0841083229315604,-0.7811887279638496,2.0612219075802223,-0.1088407199202085,-0.1528362415268611,-0.9149607714588084,0.0188990124043144
-0.1467423197772372,-0.9731857467231282,-0.0750405734143794,-0.3868188780543001,2.160848599490623,-0.1632988608588239,-0.152682012261189,-0.9180533465339566,0.018473981101442
-0.1534436769697169,-0.9611932531585204,-0.0937873312748962,-0.063964658277216,2.209816777624393,-0.1919859455122118,-0.1541038046415038,-0.914841062043901,0.0215378858661841
-0.1385857896929144,-0.9831745062080506,-0.0932705658440858,0.0723818180123967,2.169313938232512,-0.3078420424771769,-0.152159376039221,-0.9123147405046196,0.0233995746549213
-0.1452227543560593,-0.9735495404399964,-0.0707535200408232,-0.0038538188844455,2.2621656854372283,-0.3581050395073477,-0.1534975706986134,-0.9121232436975628,0.0234071708691993
-0.1561252305852011,-0.947228068480516,-0.0825898756032857,-0.2140546921783365,2.312652936363364,-0.3884015990760146,-0.1559102745890586,-0.9056183183262,0.0229107115963681
-0.1418081933523227,-0.9638628161368036,-0.0910294902665878,-0.580123802090659,2.3556815351738165,-0.4087951426105675,-0.1542429444301562,-0.9097755233978484,0.0237248778857212
-0.1414629224279158,-0.9649058940757472,-0.077828325902244,-1.1044132188388585,2.5641106341907154,-0.4323509121220995,-0.1540220250972868,-0.9130936100219744,0.0259278633693681
-0.147144615728785,-0.9502693059987716,-0.0885972405055928,-1.5986624534684537,2.6914975058873125,-0.5280937759461592,-0.1524379556172308,-0.9136672613302316,0.0235657095018812
-0.136256468095898,-0.9497939550818214,-0.1005907938123467,-2.042013507841663,2.759073277747895,-0.4973133165067185,-0.1506478633079351,-0.9173485796272964,0.0203329525820476
-0.141934977578088,-0.9684183974016074,-0.0807110831708896,-2.326346457025721,2.8187962478480086,-0.3729916667949203,-0.1538051037770564,-0.9186156504933028,0.0174854059526202
-0.1485518422889209,-0.9692058665920082,-0.0753159951128171,-2.363647550885783,2.867462962825739,-0.2830995472027784,-0.155477631529373,-0.9211457792775908,0.0154515316560528
-0.1434351062748281,-0.961234350338632,-0.0812604427477518,-2.304030967826479,3.0401539785733185,-0.2528403744249938,-0.1552628387324936,-0.91521132157938,0.0131943685427949
-0.1490698793382477,-0.970855390254202,-0.0743352184469033,-2.281852813978596,3.048819087434165,-0.2309361129676194,-0.1553073707649839,-0.911541321393085,0.0112055027039953
-0.1456386613398818,-0.9641251845838176,-0.0813518906746642,-2.1411413365117475,2.949407876255984,-0.2703819386430244,-0.1522480888435627,-0.9136313162732864,0.0167542541742303
-0.1415301468353262,-0.9659206198048188,-0.0816093516928735,-1.7274321163720407,2.9495471297313403,-0.3559634362580654,-0.1513737910163267,-0.9159201616469108,0.0189410369316695
-0.1373746570276377,-0.972412574194365,-0.0832795469147924,-1.3164683487444038,2.8282036912277206,-0.3547156845052056,-0.1527207036851224,-0.919606977907424,0.0173848546419185
-0.139019643755633,-0.967407245268426,-0.0819416385870801,-0.7877786309604202,2.8159182874673507,-0.3568010860548478,-0.1521410329907931,-0.9185391904948362,0.0197922957882855
-0.1472058761900511,-0.967856870996089,-0.0694700349871878,-0.0433843168642138,2.97471708929247,-0.3209590387730472,-0.1521788470060986,-0.9243153326422496,0.0216523486526431
-0.1255583484786755,-0.955342239824594,-0.0922469142452528,0.5245979476500711,3.1923995587311658,-0.3335882058972031,-0.153148587358405,-0.9262963327981106,0.0257602622240481
-0.1248194128655579,-0.9544716337925714,-0.0980283074470381,0.7758627829428206,3.536554142187082,-0.4859377128189389,-0.1543251896051182,-0.9188699264349856,0.024607952192226
-0.1438578911850715,-0.9664867590604982,-0.0826420216386568,0.6642598624371612,3.648868145997527,-0.6670408002974616,-0.15328126393716,-0.9200400405822792,0.0196705722363279
-0.1428798670129996,-0.9705311118518908,-0.088411877557307,0.5022157146524013,3.56635191229741,-0.8283071086299708,-0.1516566217689015,-0.9231092351255208,0.0184052755224499
-0.145490737437426,-0.9632978110938308,-0.0931214564422644,0.5486520283234195,3.578093006127571,-0.9207861585262154,-0.1509187797229657,-0.9212853279791886,0.0098732475844175
-0.148819201503259,-0.9584728997830664,-0.095139820288219,0.7102518848422275,3.777079074720721,-0.9878745864529476,-0.1502352811562609,-0.9152933982517412,0.0034771092235162
-0.1487809255128828,-0.9758888753345332,-0.0925519501629665,0.9664591328160036,4.205829180796246,-0.9979160573668516,-0.1505688639616794,-0.9136009828729352,0.0054749726007534
-0.1335840185906673,-0.9744867883183534,-0.0942921371837492,1.1892140690785378,4.365570836669867,-0.98180654547575,-0.150416216342456,-0.9192529138562616,0.0080750669890208
-0.1350197194276476,-0.965832024804986,-0.0835313362578674,1.5710027295289926,4.206991866688459,-0.9186708213820274,-0.1504566739087541,-0.9233941745781432,0.0131542888274329
-0.1436966628036819,-0.9713724379121488,-0.0725561703432678,2.1643851179980333,4.095496630474485,-0.7027157394818275,-0.1499412400592014,-0.9276205051157094,0.0153579640001727
-0.1344262730429265,-0.9738222974324858,-0.0884620472157792,2.7151984535130014,4.003208322823769,-0.4604532008926018,-0.1499381890132495,-0.9235732361037712,0.017978238169171
-0.1543559716366966,-0.9700729255827972,-0.091307781183234,3.1427827260765926,4.0095905575268445,-0.2245816487184963,-0.1514486689601049,-0.9153500295066992,0.0198644075103727
-0.1547581960851048,-0.9614217995586916,-0.0826466495653377,3.202539610479429,3.889702028996626,-0.0702309103768665,-0.1523663364342326,-0.9163306092460032,0.0169729062951395
-0.1359166090433968,-0.9675658806786516,-0.077708568210235,2.883671478714416,3.628013587624223,-0.0073015191163675,-0.1546795442451091,-0.9148837741372446,0.0216245995557063
-0.1424783040065143,-0.9679243854329872,-0.077414742429987,2.432702066771144,3.5291220230082505,0.0653047983139963,-0.1549210530809261,-0.9150776691893504,0.0251348233662206
-0.1501396482573255,-0.962023655614046,-0.0771268885461172,1.9846082353272905,3.353568223186848,-0.0421624614577954,-0.1525658886798811,-0.9187939702388404,0.0237371376887397
-0.1505959435233906,-0.9673341705483544,-0.078486732905528,1.6694461674860537,3.188850754917325,-0.210563162169164,-0.1522621631910329,-0.9169338259294048,0.0229659618071334
-0.132999190571196,-0.9745042510189628,-0.0839007491939705,1.634863943034844,3.345106738866073,-0.3092523299454425,-0.1541847559884652,-0.9191802492517828,0.0176279181176212
-0.1316669001115741,-0.9760423915238772,-0.0824954278174537,1.8360175409967368,3.723259359496175,-0.4706249581487664,-0.1572751366947998,-0.921334596766733,0.0170604780812762
-0.1426221623997757,-0.9640398682981668,-0.0821684530976737,2.0583329499680607,4.005607162077244,-0.460325548671983,-0.1547583764895302,-0.9180106922746928,0.0196467530809197
-0.141054521667808,-0.9684824759156804,-0.0695847606817423,2.1581849460177582,4.038194680424283,-0.3115798835789354,-0.1510477612747721,-0.9138109770336484,0.019927372190091
-0.1432119936502976,-0.958723336778707,-0.0986414393672191,1.9593638670520064,3.8514055965924094,-0.1566361757937736,-0.1518187699607965,-0.9082381127031992,0.0201881911110829
-0.1371629715444408,-0.933120379575672,-0.130936099937039,1.5495990107015942,3.355684946278186,0.094532748296763,-0.1518898710037008,-0.908151726602222,0.0194291465208308
-0.1420109878017317,-0.9541170163134642,-0.0799034884244223,0.9472603934923824,2.855633567209868,0.2779836269211087,-0.1546105786886408,-0.909429406953084,0.021479031688658
-0.1432547882467987,-0.961693432930905,-0.0708258319021001,0.2348369913177296,2.513412146007424,0.4855018279641998,-0.1563101233706299,-0.907744842791822,0.0216070978491344
-0.134655068041588,-0.9564498894274924,-0.0921939347711907,-0.0508855019806923,2.3150826588187448,0.7042442032575817,-0.1535622209975497,-0.9100333021384188,0.0201404381063088
-0.1439604583565505,-0.9728125960040316,-0.0784598104079273,0.085689434032504,2.487323330428189,0.653419451333851,-0.1517437204300685,-0.9134156123311374,0.0231692757069158
-0.1388061316332989,-0.9624364250397848,-0.0836500410204666,0.5476173129089877,2.6926142546033924,0.4796281346218372,-0.1541862280303261,-0.9196440388623874,0.0247802224687132
-0.1309647737757631,-0.9645093805354894,-0.0804080182071923,1.2485053134484785,2.770243057212862,0.2687675805897915,-0.1578244946574536,-0.9234270009190052,0.0244327857583739
-0.1414760964405292,-0.9759661879066146,-0.0854252173398256,1.7678716281914593,2.9732012098558123,0.0195938292591586,-0.1551726086329697,-0.919412066142905,0.0263244290544381
-0.1495477235364932,-0.961883459196117,-0.0906656504672439,2.0559224041826822,3.2266978469731136,-0.1474662372815799,-0.1549219600244529,-0.9179155423124274,0.0231959092112718
-0.1498652635613949,-0.9649444633595632,-0.0680702160520898,2.0968816541248403,3.358298762384031,-0.3603730535193744,-0.156497613827075,-0.914973543245594,0.0175012736003653
-0.1533896947936977,-0.9616886154295856,-0.0914923768008027,1.8386438118908552,3.271217803511239,-0.6082910322197693,-0.1525233167204596,-0.9121699527579556,0.0193552855452863
-0.1507580828453271,-0.9550444810916756,-0.114334803225242,1.3236643777092496,2.989905035007552,-0.6469377942893825,-0.1510456634790391,-0.9132894539654156,0.0204039012113793
-0.1384983070218727,-0.96233161156648,-0.0776626546136953,0.759856434895831,2.642547026508609,-0.536710730806649,-0.1513302854458124,-0.9120614740074118,0.0231681988546319
-0.142457004983955,-0.9621909665569552,-0.0646717978641589,0.6431888334216108,2.2584631868435734,-0.4639231231306429,-0.1520338813151624,-0.9164279578919392,0.0310774496120083
-0.1384411702679158,-0.976314616891764,-0.0737188624372164,1.0933844538175337,1.7093661343172502,-0.402771883228089,-0.1533397008159236,-0.9203635631055648,0.0340168765284174
-0.1412567123263875,-0.9702065680211744,-0.0640863757966443,1.7367381407037576,1.2387428960142586,-0.2904278012466241,-0.1527781258205552,-0.9163733181474304,0.0358810832954735
-0.156703229720643,-0.9518744430037084,-0.0721479020496208,2.109590136493777,1.120866908472377,-0.2323548827076096,-0.152609252291179,-0.9136055166763346,0.0318897713008197
-0.1469811726239032,-0.9572854480945886,-0.0837813480096572,2.0027607783047228,1.1797412460131351,-0.2778066578713475,-0.1535641708806411,-0.9115088187836476,0.0273116279976862
-0.1460091696794346,-0.9539433448874242,-0.0754925609163707,1.4898420561017862,1.3507127336662683,-0.3453703658064432,-0.1539982369428576,-0.9093015149278804,0.027983020145871
-0.1478174165487484,-0.9528736018946876,-0.07300257406495,0.7987580778116912,1.5260737210069102,-0.474306626452028,-0.1544036312488352,-0.9096391469576748,0.0238789654307703
-0.1476294421723574,-0.9603619302848784,-0.0659220388350701,0.3179733063940327,1.573471483031735,-0.5747212151472549,-0.1536306858305224,-0.9155932851946404,0.0307778855256985
-0.142989515314128,-0.9666555507521444,-0.0719851992548656,0.2205705659240288,1.568516099691871,-0.5508082387528206,-0.1503624068439721,-0.9175208278782472,0.0372594821021067
-0.1237711989270241,-0.956422655557878,-0.0846979273822031,0.3212235004637738,1.537489271358946,-0.5838753087257619,-0.1509524149948501,-0.9102783059086568,0.0348173232754278
-0.1312862376517615,-0.947780155930465,-0.0608340158530585,0.4134844104839223,1.4690882013976445,-0.6637592535472111,-0.1517536121209285,-0.910220943914814,0.0417370196074643
-0.1462055267533447,-0.961936459863882,-0.0572110879600483,0.4550369731355692,1.3239844811126034,-0.7694455880808779,-0.1500564948411292,-0.9131827681757214,0.0409647005623642
-0.140567562308786,-0.9590886854214672,-0.0621863250026006,0.2410605078332325,1.2165077233508417,-0.912261324623143,-0.1507837731765967,-0.908362932334631,0.0384840602863378
-0.133908331505682,-0.9536771314111884,-0.0564689105051407,-0.3396248203611842,1.2059766059829298,-0.9208819449903204,-0.1497080594219464,-0.9102421741931196,0.04278100570814
-0.1435979983247669,-0.9518587532841308,-0.0827426630151583,-1.0379643653339707,1.1661076100926355,-0.9034431149203505,-0.1508572511002855,-0.9158599524690512,0.0400559746693389
-0.14849215665754,-0.9478799121007097,-0.0812804367639644,-1.8516209639147432,1.250326741236794,-0.9319230698148916,-0.151333609954422,-0.9095279618992784,0.0369601477408104
-0.1368217112854339,-0.9632156126582804,-0.0613988909236943,-2.58350391477932,1.4385528319444056,-0.918249772528544,-0.1476032308847925,-0.9083632264458732,0.0337739134808644
-0.1366009098710838,-0.9720703368049164,-0.0666777146946757,-2.8865544061822312,1.4467330367909728,-0.8713503998714577,-0.1492419051041524,-0.91643950988644,0.0346310065915926
-0.1452920109352454,-0.9721124860039062,-0.0618111352551363,-2.729346123773091,1.326606395452339,-0.7971801091373784,-0.1497639175228501,-0.9189693309957772,0.0378881151723173
-0.1372267336091182,-0.9712787671761868,-0.0632525000764348,-2.100715800382482,1.2262429745501042,-0.7636045762384723,-0.1488569101525967,-0.9191510879309416,0.035800717114278
-0.125499820296005,-0.9694757274487302,-0.0749963432475902,-1.3829711649211789,1.207150567171945,-0.7372511485410562,-0.1515797232005253,-0.917877976153473,0.03533908969478
-0.140341422115051,-0.9714015912041336,-0.0712280277839926,-0.8884903937312792,1.3490636150413158,-0.7255922736359328,-0.1506473003048283,-0.9147544405381608,0.0331675854676867
-0.142153351416923,-0.9614402341596642,-0.0673060956753051,-0.6185120453315618,1.555726443016452,-0.7687588639932454,-0.1488194049347733,-0.9128496687640956,0.0328818023410577
-0.1313100882618948,-0.9594751492491068,-0.0687941485383225,-0.6631347854798605,1.6992106530647615,-0.7663086286302275,-0.149060818259041,-0.9132261846916074,0.0355730221212719
-0.1439046172734838,-0.957250873472704,-0.0733016155378472,-0.8874159024412008,1.807800682295322,-0.7191615075393337,-0.1479699220949502,-0.913146536264074,0.0342123010593868
-0.141882149249529,-0.9424669891958009,-0.0775531334622552,-1.2116874368252026,1.9059854466068529,-0.6634053457498096,-0.1476855913813504,-0.9120052553059445,0.0364593589511683
-0.134175986311741,-0.9514628783361944,-0.067684287662704,-1.5196101238751438,2.027287324909452,-0.6007926177622517,-0.1490596243212363,-0.9139281297979288,0.0404817763093445
-0.1413464185239365,-0.961698871892782,-0.0547233758085467,-1.683635198581807,2.068283134819119,-0.5578169198463176,-0.1501824047251074,-0.9134072785892348,0.0415941976760989
-0.1384375198657074,-0.9634661885874924,-0.0538089500212023,-1.8444437557870368,2.0529007752616844,-0.5443284493088819,-0.1508526195766842,-0.9099465709307248,0.0417341933943263
-0.1307845481789626,-0.9601451833338568,-0.0678520557249539,-2.0650784758105623,2.133324036592521,-0.5216089615484598,-0.1486104508322214,-0.9100902531797872,0.0396898254919839
-0.1351005314033016,-0.9533528952140862,-0.0655404697813359,-2.3904321373944124,2.222432097487491,-0.4602788065569766,-0.1458696992700004,-0.9126879198744297,0.0368507608968083
-0.1454019078238007,-0.966113411740944,-0.0521663238373337,-2.663022839717717,2.372348042627744,-0.4502796535147688,-0.1468762842719887,-0.9147618836997138,0.0352984046542957
-0.1421340676810232,-0.965906950846259,-0.0643384293075965,-2.7156647438469976,2.541047291439677,-0.4910147540234914,-0.1465179719712476,-0.9174374303536094,0.0357742062668532
-0.1351318641703945,-0.964490725457416,-0.0617826846626461,-2.51374070503926,2.643335205025077,-0.540378137243475,-0.1483094869986274,-0.9199297029628796,0.0368823572728634
-0.1388595912205453,-0.9752447199287808,-0.0700982359960998,-1.9422679894605572,2.653691550760221,-0.6671848814895058,-0.1520919731144242,-0.9183497390091978,0.0372796330325989
-0.136853185383298,-0.9771654927389324,-0.087976465980834,-1.2034648247264708,2.4560265228938616,-0.7437174608571437,-0.1505264595004374,-0.9234195366762744,0.0353233685246139
-0.1347738608112213,-0.9887362536950096,-0.0550095296651891,-0.5252293683607572,2.3446112928643847,-0.7573480360623859,-0.149331436970104,-0.9321988967294006,0.0345311729047068
-0.1349326524231581,-0.9861567503606272,-0.0556170877063292,-0.0385125192681966,2.3142092169567747,-0.7876611576647581,-0.1494802907275154,-0.9264117014426166,0.0317695258769311
-0.1321858627374883,-0.9626769385891712,-0.0771098846059274,0.034365393546368,2.376101409330803,-0.7020079500652466,-0.1508370337908718,-0.9149492462795252,0.0244506790459346
-0.1406513294516773,-0.9565876678539657,-0.0599289436922443,-0.2949625658393576,2.8613094950233124,-0.6473791626779031,-0.1514941966633752,-0.909295025363207,0.0282357475078608
-0.1378450191576473,-0.9608539574993942,-0.0569527058159718,-0.7388337591027634,3.2448970518241915,-0.6906372431582002,-0.1486222201219582,-0.9083673336474098,0.0364172189770871
-0.1281072797859078,-0.9554931450288794,-0.0510041999508936,-0.9882359664288624,3.317136977250808,-0.68815229589763,-0.1474242106923464,-0.9095422389479838,0.042036035238298
-0.1280919889225438,-0.9596810407388472,-0.0526363467055622,-0.9910505295633526,3.328518437123269,-0.6782336068429167,-0.14658365060145,-0.9116205245477028,0.049074827971053
-0.1271934964442626,-0.9655651063126056,-0.0554308393228708,-0.9553749175353592,3.123213568598616,-0.5902162831528648,-0.149040158901554,-0.9131881640143644,0.0507814957021462
-0.1349217247734738,-0.9557022601113688,-0.0367861013227541,-1.1780433103357109,2.931409825076149,-0.4198892826396869,-0.1523271004240634,-0.9109179466171446,0.0525463668826407
-0.1359066367471267,-0.961383196377873,-0.0529986195589042,-1.784871414121521,2.8721527883835907,-0.2708034582949096,-0.1507442703033929,-0.9102138500336472,0.0483830222797573
-0.1464623710763259,-0.96928650064243,-0.0626589569085527,-2.612783268607986,2.715900715656601,-0.1773726386654474,-0.1516622234183736,-0.9125698157978002,0.040676571838511
-0.1548395880005382,-0.9610964990080082,-0.0569137243728797,-3.313120566547259,2.5724557412090845,-0.1396843804317492,-0.150828901145955,-0.9145984449606384,0.0371313374739371
-0.1321111656747559,-0.9588238874719256,-0.0721411348544737,-3.722553866628707,2.567101603480967,-0.1226950490356755,-0.1487657538727822,-0.9158786222901638,0.0283090728206949
-0.1347659321541738,-0.96923111547152,-0.0754901687772567,-3.9099993405306304,2.67608280973823,-0.1539814180131506,-0.1501923888094634,-0.91834104930949,0.0260163036627778
-0.1444466119353756,-0.9748786732539284,-0.0804320998637316,-3.6272379376139456,2.864538384394465,-0.2054416024190139,-0.1502928929147661,-0.9231129734160664,0.0259811125140961
-0.1382048923536742,-0.9695622421866716,-0.0792404220960295,-2.6987399310846367,3.0214427300530327,-0.2595924119802056,-0.1514057379483709,-0.9248055802302472,0.0207680984664578
-0.1503552194755803,-0.9754833184109156,-0.0666921299904063,-1.4321511470179753,3.1787201555532327,-0.3184188094732891,-0.1520913498246267,-0.931916474985492,0.0256888530541211
-0.152558606797151,-0.9744636749619464,-0.0709540284524858,-0.1327223816505036,3.3202394275416194,-0.4364406092960635,-0.1533252844016552,-0.9361820497123782,0.0290016537794652
-0.1415934440213027,-0.9710822647131224,-0.0798311555873038,0.8476583940760681,3.312416908213921,-0.5872316180594486,-0.1537424407037677,-0.9228293877221978,0.0257568344033567
-0.1417704039871105,-0.9740726158050116,-0.0815793945838702,1.181196129240172,3.329065388379313,-0.5811598494089341,-0.1505464202102244,-0.9155802579654124,0.0284828038775663
-0.1392737104989682,-0.9630642439902196,-0.0793889522645008,0.9865168290435432,3.4115151022917822,-0.5844504266088817,-0.1500877049500251,-0.9165480522438524,0.0315396273381614
-0.1372283777809645,-0.9676776413673228,-0.066272006342188,0.4715101579466089,3.428720430259294,-0.6101861512236537,-0.1477045853874007,-0.9138556526170758,0.0294625305850564
-0.1392152352656137,-0.9695071587773346,-0.0460895834689735,-0.1421227170198102,3.4764282587804893,-0.4501104360900869,-0.1440355142773662,-0.9122735662509518,0.0281214456256835
-0.1293537406862135,-0.9614662020479274,-0.0604150457689361,-0.5755716613191683,3.5257635589900707,-0.283994204040445,-0.1447539481173453,-0.9106530851503768,0.0321778920221311
-0.1230999016126182,-0.9657334751034434,-0.0742403361689199,-0.812877283985288,3.402851545890046,-0.1918404673837795,-0.1456012875359942,-0.910900694604428,0.0354065889881903
-0.1283274404525883,-0.9644688625787632,-0.0577310667705377,-0.8988135431867122,3.1975870284688277,-0.1040546588176765,-0.144979406761003,-0.9120771724308896,0.0358117386820761
-0.1337867131320083,-0.96432819612777,-0.0652132348951602,-0.925921004438335,3.095394855262256,-0.0403426285025371,-0.1443030059028495,-0.9126112647410328,0.035645254808523
-0.1440008488539189,-0.9543869319935367,-0.0654689886975448,-0.9480524094126752,3.049496201610319,0.0511899850609146,-0.1472426421485364,-0.9159611018934072,0.0323372778520618
-0.1426316611077185,-0.950342358419886,-0.06481024493464,-0.7921061461228092,3.141523235963643,0.0991892872338477,-0.1512292916209326,-0.9195122030441092,0.0273041969416703
-0.1369654701359822,-0.9657148948797114,-0.0849655732882773,-0.4871500271125112,3.3686943267201928,-0.0763594562873869,-0.1509336137810167,-0.9189328132126964,0.0241156503086033
-0.1399246407237612,-0.9696805670340756,-0.0816088668598632,-0.3094031834623621,3.5364605104684945,-0.254954029911825,-0.1516225290651414,-0.9179723165623692,0.024132602254208
-0.1388908169044787,-0.9653379434180251,-0.0792782063705588,-0.1583859849279623,3.734363593977557,-0.3494119318275669,-0.1528359852893313,-0.917378221691656,0.0250216049637958
-0.148808280150456,-0.9710316037963126,-0.0707310263058878,0.1500145873987707,3.936118089186564,-0.5501879340550078,-0.1508113486751379,-0.9167006088280444,0.0250524446361227
-0.1542309698255582,-0.9811339566626344,-0.0548267695578853,0.5772651519862065,4.042676476600758,-0.6738628996458522,-0.1512822020478145,-0.9204112108835778,0.0266208965679573
-0.1460871436780727,-0.9713701762510328,-0.0595641618879989,1.1461099675708684,4.062516919586415,-0.7247779545894786,-0.1514886901107425,-0.9210284304721156,0.0292323945174831
-0.1377393662586172,-0.966865370828222,-0.0687084314466611,1.4188964064270662,4.0133850248306695,-0.8036622313647018,-0.1500104699651954,-0.916089040405935,0.0299325919480127
-0.1350746099568137,-0.9623902371138968,-0.071933670464384,1.2121200121894296,3.9334241213457006,-0.7827445509484975,-0.1503693593095147,-0.913572051274743,0.0305567927368294
-0.1397291309491227,-0.9526251792450888,-0.0669749277928262,0.8144571942413784,3.788305088688805,-0.6913011213140706,-0.1493769762262023,-0.913618512797362,0.0298842790014607
-0.1304676855333179,-0.970645194006674,-0.0720847751104412,0.1413229989829208,3.710403544690013,-0.5777770358131554,-0.148423326055531,-0.913519135389888,0.0317005217582053
-0.1384490450391183,-0.9649456450189569,-0.0727455403566216,-0.4474028792819656,3.598521959551354,-0.4986360551573457,-0.1466750759425739,-0.9153127644204526,0.035904298683157
-0.1434471651745914,-0.9617303760561188,-0.0640990675841461,-0.6223440147863968,3.317856109337677,-0.4701053708180025,-0.1461261543668867,-0.918406899435198,0.033784074274798
-0.1339464657552633,-0.9756305113959702,-0.0615432125676959,-0.5917137057811747,3.097634125987748,-0.4295175937432919,-0.149742240877708,-0.9180614705493128,0.0332099817086732
-0.1463545958192389,-0.9527099967318158,-0.063569281255201,-0.3169980139773276,3.0746584680171254,-0.3807794225398319,-0.1506459881094631,-0.9169715955999294,0.0336749549542079
-0.1302095170472273,-0.960388469670458,-0.0694835896901421,-0.0054698450513437,3.2903560248402743,-0.317761216981219,-0.1495111355015568,-0.9145937545603784,0.0300313542690495
-0.1234912616124335,-0.9820726920747664,-0.0621962906645263,0.0343227387723322,3.544343513272023,-0.3943314590272259,-0.149628330219172,-0.913256421412153,0.0298531748094539
-0.1363101355578896,-0.9697400975770284,-0.0639403132927018,0.0388512861790652,3.705697053245177,-0.5775551274075722,-0.1495224955946845,-0.914198381063136,0.0331878014718927
-0.1377205163256449,-0.9594314731898635,-0.0731180930629484,0.1177931385489454,3.775778135184596,-0.6456012148025125,-0.1479469247957169,-0.913117681026663,0.0360016816954305
-0.1436347549481747,-0.9618491908204534,-0.0657612644953569,0.226706660086754,3.626868992526821,-0.7136656831522239,-0.1463496523898423,-0.9144951009427092,0.0362685639683964
-0.1331330563986134,-0.9644652499372004,-0.0628517379324051,0.3937021633827118,3.428957776946956,-0.7117411615635983,-0.1480760676195287,-0.9145286275121468,0.0360982390845066
-0.1532185789399454,-0.9417281011244992,-0.0706536698912049,0.3740538996728551,3.371964058025251,-0.6618469507031838,-0.1487070629015062,-0.9145454850849136,0.0354401822735987
-0.1536146511622282,-0.9456214040786648,-0.0684950814722961,0.1772602404662354,3.327598042510231,-0.6611707507073331,-0.1464931824283487,-0.9144097122841588,0.036132394192657
-0.1263372812755463,-0.9688012491574862,-0.0591557375001029,-0.1013353061308276,3.1750959360488387,-0.5707234967365604,-0.1448639409269298,-0.911466872479212,0.040229855335311
-0.1392066952964491,-0.9597781725916064,-0.0629463121769439,-0.4947458857492684,3.055520722963607,-0.5747569205008954,-0.1452542564196061,-0.913933232567469,0.0406162012890897
-0.1384396328785881,-0.9580206626392757,-0.071428529240556,-0.8499127920227482,3.075791114483901,-0.5524605319780458,-0.1460527245854616,-0.914421964479431,0.0401155308317601
-0.1506831235466686,-0.9631788623769212,-0.083719886493583,-1.1586136498695103,3.093027410150257,-0.448991592703947,-0.1452086790582945,-0.9117125669491972,0.0403445562425527
-0.1479877281474405,-0.9643549817788803,-0.0873696912852553,-1.3340555632770112,3.096407074467688,-0.4486755306697228,-0.146099623631561,-0.9121194405686672,0.0370318155935843
-0.1274932232357804,-0.9636132927038962,-0.0707014934267306,-1.4378194795759511,3.243670705468225,-0.3838370263244305,-0.1473829498160162,-0.9137312079129396,0.0350666070822301
-0.1406955922477619,-0.9581735779678164,-0.0605126412308597,-1.5980177614477589,3.431225470395609,-0.428065081024643,-0.1474409501376057,-0.912712718628762,0.0340154432893503
-0.1326491723299128,-0.9500335989699285,-0.0677169062734945,-1.6290805414274188,3.557885742635879,-0.5970053327281932,-0.1458639027484136,-0.9120887628884906,0.0313199674824582
-0.1389328261662972,-0.9641276012459143,-0.0699268496218916,-1.512529581738066,3.7369992088556088,-0.5760891628717512,-0.1440860441881269,-0.9167427490780248,0.0311031583372072
-0.1445429720295132,-0.9852045694764872,-0.054918994327373,-1.312239883950085,3.851737221403066,-0.4598163234380121,-0.1440283358668553,-0.91613149209792,0.0317875530706884
-0.1271956762121785,-0.9704521013380996,-0.0556433888080489,-1.1447179688022415,3.9719676672785855,-0.4930277084027784,-0.1429435438891856,-0.917117205210936,0.029829638551394
-0.1377781031898674,-0.9707054165920168,-0.0662635425583237,-1.0430415584810182,4.21019959633192,-0.4974061148818002,-0.1465547567878541,-0.9207440780787316,0.0328217990657153
-0.1369471596678872,-0.9741283392880568,-0.0672987202503409,-0.799661428305438,4.333000641771763,-0.3540988846482602,-0.1512627705183724,-0.919459625800164,0.0375994151490783
-0.1352575575066861,-0.9637941050942064,-0.0707281986801506,-0.3922425978199906,4.2668743938762965,-0.4045267069526085,-0.1503649405634641,-0.9220674019505044,0.0380920537158941
-0.1416423973917027,-0.9670474040458176,-0.0664355295294782,0.0504382939223669,4.023307254610968,-0.4824029286853623,-0.1496364134681344,-0.9223440116068392,0.040489813027734
-0.1354383424507649,-0.9623363216753597,-0.0697668023992478,0.5605459231487994,3.5859971263464026,-0.4311929667419708,-0.1511332943777201,-0.9243294032616096,0.037802376787167
-0.1422178442328182,-0.974111341017678,-0.0744637465743391,1.0776774287766462,3.1928346549718234,-0.3907972846672801,-0.1529703776566892,-0.9231353577848728,0.0325353012983156
-0.1413522258944993,-0.9648702330624452,-0.0713469937103082,1.1509520599532814,3.2425575762546046,-0.2931618347392688,-0.1502048772125405,-0.9135488597785985,0.0322164602867267
-0.136007366717708,-0.939627741602434,-0.0810504136618974,0.7805401939153531,3.492606546259159,-0.3189147158886308,-0.1489208304734923,-0.91194654708034,0.033099150825706
-0.1388087624957995,-0.967167731033198,-0.0590693335620406,0.3414869920690411,3.542387828801158,-0.3637858297415226,-0.1520783241987864,-0.9118150311221452,0.0413973857696258
-0.1367678119464871,-0.973857173516941,-0.0343874213895195,-0.1068660408792134,3.527256609052463,-0.3055342727656783,-0.1511146940484084,-0.9140989083327676,0.0501134104574052
-0.139074860591331,-0.9579932580186128,-0.0489776488379077,-0.1813180831525113,3.469092443759704,-0.2868189356031688,-0.1507310005851274,-0.9170561955388528,0.0512822030424508
-0.1373148645985817,-0.9650287958857648,-0.0460747990228544,0.1461905599061357,3.400085214918737,-0.2270602223077436,-0.151437812261904,-0.9132742814098408,0.0548422253208068
-0.1389226989171265,-0.9598789433566054,-0.048194845868709,0.3639247637293968,3.232251717167969,-0.1666209041928245,-0.1495939035509117,-0.9129599477271116,0.0542113058536513
-0.1393053137953993,-0.954793704980922,-0.0607858839603966,0.141578271784768,2.883673644866529,-0.1302679555683486,-0.1496889205021229,-0.9120565822576756,0.0469620062842482
-0.1336108990952211,-0.9577207752450162,-0.0613106714694363,-0.7166803673345381,2.6468582557811766,-0.0938866034009509,-0.1500973308622379,-0.910597457135076,0.0445748331080939
-0.1383282068376751,-0.9561184074838028,-0.0649097943149822,-1.6954729362166208,2.504173543633196,-0.07949931927578,-0.1479581584153087,-0.9114973144686128,0.0429134932652085
-0.1374575091232268,-0.9584570138999068,-0.0543356743755589,-2.439485486762934,2.4539646577724263,-0.1141899021672692,-0.1463671133040929,-0.9106252176763662,0.0415962979511603
-0.1325961063072411,-0.9653128247281576,-0.0603455931376088,-2.8831312536465483,2.662809299964486,-0.147501275956021,-0.1448341758419332,-0.9143590695251962,0.0420323858324891
-0.1341690716314471,-0.9664287101066722,-0.072573311218147,-2.7119432133308554,2.91402037258783,-0.0830829102747851,-0.1433772998395411,-0.9190040268964336,0.03983639569258
-0.1457798672342267,-0.966133072016522,-0.0631924086198899,-2.2336401899877965,3.146534145748792,-0.0236627428629513,-0.1454973045785791,-0.9177570449288326,0.0365837594326842
-0.1523919577729338,-0.9708530889237555,-0.0666862256931979,-1.7274652475020051,3.3530593013451875,-0.0174976278846765,-0.1481826484126022,-0.9171585615722442,0.0360311746350548
-0.1427779538264652,-0.96634387209397,-0.0582058863458406,-1.2597345372751534,3.305334667113712,-0.0431179807576583,-0.1499095862610835,-0.9188531582808304,0.0363154759496751
-0.137693106897411,-0.9685875445468723,-0.0609595989344955,-0.9300163836257128,3.1394343000252567,-0.0184867721135497,-0.1525455347403113,-0.9193611530384052,0.0332842292520858
-0.141320869096076,-0.9702830634606184,-0.0750982701053977,-0.7011084158582976,2.980060812276109,0.0315289884350006,-0.1536481019495171,-0.9205138314833796,0.0348154948930515
-0.1464537224243331,-0.9635506059403872,-0.0532790118773733,-0.5847399572350013,2.800932619934989,0.0320727280420286,-0.1518843478407174,-0.9204594549892589,0.0372602916778407
