ADXL_X,ADXL_Y,ADXL_Z,ITG_X,ITG_Y,ITG_Z,MMA_X,MMA_Y,MMA_Z
-0.0684418594599803,-0.910947929942187,0.1066149101269611,-2.828757244568564,8.350637352483592,-0.1856973778554111,-0.1468125862097442,-0.8839154896220806,0.2602026051668046
-0.0571051426685865,-0.9141203748408252,0.1237569359301979,-5.93233680824036,8.03184205750166,-0.1175561197166612,-0.1452340513321367,-0.8849894698064403,0.2744680405692369
-0.04223550741343,-0.9432775278581556,0.1496426207370087,-10.135714877992536,7.928362643084997,0.2929900286449447,-0.127385546684946,-0.9020283198838406,0.2981057237487072
-0.0084163348280741,-0.9711330627685046,0.1714101173759359,-13.383507329609577,8.092417837641104,0.7554015589072818,-0.0840352274276971,-0.931165165209816,0.3164662199885661
0.0187392552429212,-0.986436819734568,0.1904668386642531,-13.433674334493553,9.22991725993946,0.9346321916253882,-0.0532642422112209,-0.9508748269547084,0.3307866654254998
0.0414827132838913,-0.9976230773190182,0.1916141230242006,-9.783654798979638,9.738596298269991,0.9312204040790808,-0.0394629453097435,-0.9520979574996382,0.337014459590396
0.0599544392928125,-0.9969357905137108,0.1799605574993914,-3.8485038015949455,8.709805003984256,0.4128406299854802,-0.0205785441084956,-0.9439637084209468,0.3212886696746837
0.0584748801716299,-0.9660413039016276,0.1534371637916609,1.957118837756856,7.146107588682673,-0.4803227533479848,-0.0117952607882812,-0.9241101714217286,0.2997141745139734
0.0565056516409794,-0.9283850851347432,0.1275792525289865,5.786716741839627,4.904680864297881,-1.2059943449150443,-0.0211668921648205,-0.8958714624715814,0.2862797318368328
0.0350411185704429,-0.9073621577541776,0.1223706149521903,8.196527170856196,2.393222071688748,-2.0360474016788577,-0.0376071868617116,-0.8636736806039027,0.2766354122719323
0.004049949376616,-0.8836206197218686,0.1202707700169581,9.415463508993165,0.0646431169021839,-2.7040990105684526,-0.0612365324134658,-0.8364819729687176,0.2709570184174695
-0.0021269210131223,-0.8596015386945368,0.1041374833649244,9.109355444331106,-2.475134695508594,-3.0925479408498155,-0.0865976915291494,-0.81497695833079,0.2633315493680778
-0.0316846027852699,-0.8458342230780365,0.0999073215204712,7.482215713017622,-4.903585273603694,-3.203274173927406,-0.1132224250478814,-0.8012551282285746,0.2532883881469237
-0.0663541630095305,-0.836548544507329,0.1014001688610056,4.638798230646269,-6.943491895302625,-2.677503418505346,-0.137363778718148,-0.8043548115091397,0.2434602258101551
-0.07619326566085,-0.8440904512454978,0.0877412744581778,1.2103011591952786,-8.183013606376962,-2.067799137318887,-0.1529108043724788,-0.8087402932874652,0.2397291776975524
-0.0857604481749486,-0.8620809125646419,0.0974401200311752,-1.4566134385590457,-8.778226874494326,-1.2280275370743587,-0.1635506517177907,-0.8188255526610939,0.2493121093820856
-0.0835174342344113,-0.8720109498668979,0.1067884218796855,-2.5349442991583717,-8.881674128150253,-0.474546701969439,-0.1637187280843811,-0.8384373190055219,0.2564542135371747
-0.0911820483963855,-0.8856997536490627,0.1139632002047223,-1.758846771048837,-8.907583395870617,0.2592154459272755,-0.1690764339803145,-0.8491293216679789,0.2685140651948184
-0.0893446188513314,-0.9058761078034738,0.1319493326780398,1.2709977171266256,-10.70851822497668,1.8343575141626145,-0.1621510716743276,-0.8657561341221182,0.2785372860713074
-0.0650021267330513,-0.91609975012273,0.1134082991278234,4.043691412453001,-12.508487274340276,2.238363807789589,-0.1386832935690089,-0.8844135330056835,0.2670123681222324
-0.0569503400082563,-0.925626658275056,0.1112581573888526,4.418318507228297,-12.524693338771302,1.6312378472224385,-0.1340571896013837,-0.890359813845195,0.2641424582379514
-0.0447742987848832,-0.938226230954003,0.1174795711555895,3.900313797253725,-12.896051095025712,1.6038283995677896,-0.1195416661693346,-0.8971974022370929,0.256879056212441
-0.0190965713868974,-0.9299053989596932,0.0854698355428471,3.027702202818304,-14.287062031855683,1.4854342221508554,-0.0923972400396408,-0.8923441450963445,0.2296506324705135
0.0164655689667257,-0.9121969077043024,0.0513562753501168,2.5019133345341653,-16.326034959476118,1.482594327711206,-0.0576796070470344,-0.8720100767294656,0.2020838721762877
0.0525582117659727,-0.8928836645144842,0.0219098629926837,2.4175349911224773,-18.26504252891861,1.285247318737943,-0.0169519887681851,-0.8481043013994818,0.1748542349159395
0.0870651663844411,-0.8620765176617073,0.012465777550293,2.006928796711017,-20.05508886898407,1.028370579311234,0.0102979193978142,-0.8191386995709865,0.1613057094481337
0.1194708660783791,-0.8244146794744305,0.0110138906937064,2.4014512049856567,-22.099851047829585,0.7537045685817829,0.0403336794354694,-0.7879680170820347,0.1639902822375361
0.1417821151229924,-0.7879719788695942,0.0282156953629932,3.67164608703404,-23.20380096982159,-0.4280344416693192,0.0603351703559629,-0.753859664336341,0.182664141410256
0.1609795902432311,-0.7673980443973883,0.0676181225615127,4.617549528373085,-22.80621754472778,-2.3407126509166165,0.069241173132482,-0.7281294456165597,0.2163732880401033
0.1444610342993675,-0.7481479172851321,0.0978684504616641,4.410608199455255,-21.21607866291244,-4.880651428734773,0.0598988854765492,-0.7157353124217936,0.2545352830541585
0.1172501450453909,-0.7526246238512181,0.1371433023747713,3.1198074953123607,-19.15569404426648,-7.534306512903363,0.0321244074182935,-0.7239618864518724,0.2871456436478184
0.0788126210234146,-0.7950181228311484,0.1678156490798871,0.6556353770154997,-16.55161752411265,-10.421284769271582,-0.0026190377705875,-0.7612596763304997,0.3085436141234515
0.0153073739697891,-0.8490773547084169,0.1908737161260789,-2.8442408609256846,-13.935302025594162,-13.133798307928885,-0.0588913016782425,-0.8151153246756787,0.3311658826735301
-0.0006553664316219,-0.9255273046350032,0.1981238221647644,-5.709138062088313,-11.50869689166744,-15.434339814581476,-0.0879679259124304,-0.8843040250990513,0.3410025041883087
-0.0279233503945722,-0.9778171835314492,0.1953047705538582,-6.657224111927655,-7.15475059133892,-17.81847927299175,-0.1122774051289139,-0.934629505948037,0.3447322332643318
-0.0474292479001846,-1.01637631011522,0.1998588973600409,-4.8182955273839605,-2.559936500587916,-18.459452985461105,-0.1286088609077293,-0.9723892209502096,0.3412590394604865
-0.0189636613421062,-1.0683169644242465,0.1653296340651987,-1.6657914556391389,0.9450484054938152,-18.46949502644997,-0.103953999938238,-1.0189965242092995,0.3099580220630659
-0.0379976517489441,-1.0692836800362922,0.1463842321370184,1.2262392706587235,3.36629233494089,-18.423275687675385,-0.1131903271828637,-1.024397351051996,0.2938375263717996
-0.029457963379341,-1.0651051975027437,0.1416157432800718,4.650773304682419,1.773631958147708,-16.68069697106182,-0.1062899894626767,-1.0210944283886352,0.2861834661267979
-0.0100357791126886,-1.0798454601700618,0.114029675880693,6.987854051387464,-1.9478079204368048,-15.577155649519018,-0.0917979963847296,-1.0299546824653154,0.269633656842748
-0.0392450078059174,-1.058737762242809,0.1183434817579067,7.570232222099406,-5.808565535108171,-15.19338080870918,-0.1173267695470363,-1.006916720829952,0.267888972059179
-0.0229994293379865,-1.0204721027271353,0.1245522918196633,8.32014637808507,-10.282356481312952,-14.295632321565073,-0.1017589616789693,-0.9735497591566112,0.2751444353030578
-0.0015588573451869,-0.9893549193874585,0.1371899766117529,9.38554175988846,-12.792211611359628,-13.798283742631645,-0.0807684166884728,-0.9472390115084472,0.2902995137851769
-0.010631693355481,-0.9678938819960594,0.1638126438416302,10.769348851330218,-13.24491218190492,-13.668621436078729,-0.0901214637840629,-0.926497301883485,0.3084874841909266
-0.0228377090437187,-0.950078409232412,0.1693881302870737,12.604706762887258,-13.622151212728705,-13.647077237789274,-0.1090192485746069,-0.909898791921859,0.3274130431328327
-0.0498460540726294,-0.924665877843332,0.1772933210998193,13.38117748700901,-15.085969714519226,-13.255184061019042,-0.1361492504229341,-0.8857771178551954,0.3358694350192387
-0.0725572173094398,-0.8918485259281455,0.176367287913635,11.625593852539842,-17.726846285522637,-12.16643761371905,-0.148246092976177,-0.856930707927498,0.3225874886080394
-0.0704034918283523,-0.859623977003884,0.1583535105763686,7.820397739360271,-20.33452403352801,-10.532938605409957,-0.1426081963888769,-0.8304209248060124,0.3076970934565595
-0.0370675488337547,-0.8366607755816026,0.1387879304702032,3.7477618899832152,-22.632155004494365,-8.787205752668974,-0.1127995522884662,-0.8092708530148113,0.2968242526292745
-0.0065414044498557,-0.8280691191613546,0.139060046022967,0.4095166000408405,-24.54143975051125,-7.080886025391319,-0.086054633252324,-0.7998921305552122,0.2866268189187074
-0.0074984368923854,-0.8312301974330125,0.1524432842665742,-3.0463037518273617,-26.461803439289337,-5.012182484663227,-0.0878682832385555,-0.8036948166238593,0.2853477215952799
-0.0037613659437911,-0.8448056382829756,0.1478667626804601,-6.937660828533992,-29.54848093329484,-2.630600918170316,-0.0875876638777259,-0.8117260096468015,0.2951750117507855
-0.0032164235439689,-0.8756797780416377,0.1502719292840386,-9.812557676612045,-33.61652065544228,-0.0496818304835841,-0.0870119451949254,-0.8315593461021757,0.3060200518391536
-0.0273595094316964,-0.8968271405397036,0.1594176159846675,-10.829921635961202,-37.32199163304792,2.5170779209314103,-0.0994093515073966,-0.8575034922900874,0.3096351326625339
-0.0342760895732737,-0.90153211818804,0.1610148241034774,-9.532207032646578,-40.11879989177548,4.899468397754722,-0.11693118626655,-0.8603743023452797,0.306999966750995
-0.034255123401827,-0.8929246669008023,0.1563483452459593,-6.054801148538552,-41.85801743874028,6.798815097099816,-0.1190651578381924,-0.8405476167704684,0.3023376456125677
-0.042121769989259,-0.843454454452096,0.1368465117906371,-2.1374687299400144,-41.83631028603142,7.775029777142929,-0.1065549135384462,-0.8039631789630288,0.2898028531258743
-0.0347507520168507,-0.7981800797923951,0.1173708342192306,0.5303644676619977,-40.89601908083228,8.087269357656764,-0.1091815486562008,-0.7608623188413186,0.2720873600548388
-0.0438801963712248,-0.7701228544536627,0.112485585646947,0.8863930134981342,-40.67974888558309,7.94578821859743,-0.1224256140892046,-0.7326271508589816,0.2678987281196405
-0.059190727371756,-0.7564712403468892,0.1209594366790975,-0.7691131429891365,-40.29780363176648,7.530514614894678,-0.1384247448414539,-0.7302178072144123,0.2722866670115977
-0.0512470412101311,-0.7981985862568737,0.1379190509823919,-3.532799746301666,-37.17562119853829,7.303973357402226,-0.1448088029319426,-0.7627517712605945,0.2854670190870098
-0.0291884243233935,-0.8481031388605591,0.1437102354157213,-7.097177489327101,-31.09428030287758,7.84626775053009,-0.1139836508911926,-0.8171949557107745,0.2953914611743841
0.01039088148812,-0.9122042053141216,0.1184456744649012,-11.277875732799414,-23.6479842423294,9.163092990404138,-0.0743498008193164,-0.8858817839426303,0.2696602577213525
0.0523867512546393,-1.0189221613876485,0.0922848290435466,-16.126036485027967,-14.044406795279206,10.908549497570968,-0.0453028355370108,-0.9761485081418728,0.2402077051965649
0.1066640444335534,-1.115022034805254,0.0867998239938052,-18.19042309480849,-2.028610862530232,13.67481850999516,0.007897945206341,-1.0639697884289028,0.235247455625764
0.173796883062737,-1.18679886798229,0.0572690403008637,-14.802058774692998,7.185331283864997,17.804158113744847,0.079259522666932,-1.1241981080693433,0.209142934649086
0.2179053572147181,-1.2271296791751738,-0.006712515833003,-12.047688744094408,7.689185016810935,23.411685608464943,0.1382051623444981,-1.1654227855919437,0.142629702182379
0.253647202023707,-1.2500104034753898,-0.03603869991438,-12.801255671399463,1.745971311464296,29.78796872385308,0.182248660594109,-1.2003853594938318,0.1023615667329228
0.2968925469083104,-1.2735539891667478,-0.0089329580653716,-10.605523583844926,-4.591771803278033,34.55695772277587,0.2195455220257797,-1.2142447139413055,0.1270334919097572
0.3253395680315988,-1.2598155573165106,0.0154924420203083,-2.4948689953065446,-11.282067749674402,36.940542488090976,0.2452779037028121,-1.1918231063521354,0.1631161131443626
0.3326507384830758,-1.2096957893686393,0.0319388509259321,8.986716912281135,-19.12615971599466,37.85402853926895,0.2514398831182267,-1.1444127430870106,0.1815023432607051
0.3240336096636232,-1.1584340649580498,0.0480668888824622,20.23286323475469,-25.487629074386938,37.96456395514993,0.2455618345805794,-1.1017631777799173,0.1904947234397327
0.2850531266498303,-1.119643007866762,0.0296042589978085,25.4991973483197,-29.70014140788873,37.636758278299,0.2047851686003842,-1.0802556220238952,0.180134021828459
0.2086113445928691,-1.0919792086787756,0.0071117891260761,20.863099527800397,-33.793854451466096,36.936243692448365,0.1265309648754906,-1.0612347180261774,0.1642024809217249
0.1191791836538675,-1.0813878023884484,0.0226729748187533,9.073279389893685,-38.21141608311624,36.003645793319976,0.0477258991553352,-1.050772001333324,0.1804069324213753
0.0411097563570185,-1.1020242125259496,0.0789060388769509,-3.409160680102389,-41.23548194159664,34.73102308234627,-0.0338452226040959,-1.0649100911801144,0.2364737824571147
-0.0151014061860158,-1.1180649652723456,0.1668120628619881,-11.020028403892102,-42.87746810650383,32.88796346895927,-0.0975407934036245,-1.073365019739171,0.3151334864438676
-0.0356251606067704,-1.1115972204744486,0.2366817888150068,-10.678368549182304,-43.353106090811416,30.11822019752949,-0.1152310604350517,-1.0655843644501202,0.3908779477458838
-0.0255439936292877,-1.1103928439829784,0.2595607044763368,-3.178025990490597,-41.64463734157569,26.36096369712104,-0.1086101083685977,-1.060017275042734,0.4194825078539496
-0.0016854614330892,-1.1020857053821411,0.2446356809736022,6.2831242680115365,-38.39119775370586,22.794897758672125,-0.0822382902409073,-1.0518821974386758,0.3875778223650876
0.0539153736343232,-1.0853122695542363,0.1725046219669167,12.331233220187125,-34.99540945668565,20.42882111142236,-0.0249769805107057,-1.0436793739329142,0.3144870223753847
0.1399055772773359,-1.078794005823899,0.078692465684154,12.503016296728386,-32.072536226877254,19.489508855372595,0.0514061824869724,-1.0419028619618842,0.2319170022668293
0.2182777449576567,-1.0798103531220835,0.0576594765210762,8.554986092406555,-28.422867493398343,19.450218621302994,0.1325064972504406,-1.0384307535742776,0.2025428563960735
0.2975312336390082,-1.0902181531109356,0.0919291697619856,5.577005156425885,-22.210116496998584,19.20446420723615,0.2100755371132481,-1.0476400464025746,0.2364505192740006
0.3826181857175487,-1.1156721139081869,0.1106867940243715,5.0588943177560015,-12.12212331667135,18.7518191185098,0.2763269212859233,-1.065763361068146,0.2632703156880881
0.4255659521781783,-1.1142565310534107,0.0705865124130489,3.2217529988846274,-0.8927563999016064,18.93166424494165,0.3213497287709823,-1.0764821789459926,0.2155342900382526
0.4007527785633457,-1.1157785632633426,-0.0215043663835267,-6.961754323304155,2.7627022151394467,20.263513885782373,0.3142442341950826,-1.098609130159442,0.1240249008504983
0.3134960538966548,-1.1905981299252153,-0.0442556151473016,-26.056246528321942,-2.0733148376558144,21.69803011095116,0.2413390378037527,-1.1354552890434182,0.0983356506630664
0.2035686578678416,-1.24115221917533,0.0367940203854879,-39.745520973071486,-8.275358389404078,20.34728756081945,0.1355727698343352,-1.163331542224575,0.1646967594026597
0.1084463428663976,-1.2265382164335128,0.1206874724398519,-36.3698276798057,-13.598695219337138,15.124120026971974,0.0352962383468858,-1.1559842267287634,0.2536674940124187
0.0285936797295098,-1.1828945136845608,0.1549007887959047,-18.631697646117797,-17.107043076038234,8.085145718435287,-0.0382794925039701,-1.1130910506081249,0.3027327132186986
-0.018333113648263,-1.0974329509001448,0.1479644057563412,4.196564502406523,-17.74744008114639,1.5771153978957386,-0.0924309195371708,-1.0406460509763096,0.3027860241692523
-0.0398837188236144,-0.9954628666560784,0.1170654647490739,22.454671312983585,-16.077624050338216,-3.163650465907885,-0.1240326822617159,-0.9544856218921264,0.2705830479154336
-0.035877429384405,-0.9066308508274296,0.0699759166530504,30.099941526319068,-12.365668956939947,-5.6602619867528094,-0.1203447761336238,-0.8945748287311944,0.2260085571135475
-0.003699396427571,-0.8754474897697663,0.051908752696761,25.058994061451,-6.667599879442518,-5.815940836179906,-0.0981531381583117,-0.8635865308318875,0.2101983392415381
0.0271918604479265,-0.8990906942865412,0.08219068628133,10.808325394034796,0.8591375119555952,-4.254384909504081,-0.0585746018403212,-0.8756415642766467,0.2326219761707847
0.0694266888960639,-0.9473967171418332,0.1206055626321441,-4.898069539297204,7.741405664312658,-2.13293171292511,-0.0132822314466908,-0.9265167524036096,0.269189685095953
0.0941895183097883,-1.001458311561758,0.1543727666118981,-16.453535101048747,11.839205137048031,0.1469669380464665,0.0097459915956827,-0.9640590644085764,0.2995937184966618
0.0882965701206528,-1.0294376414935265,0.1584138923887383,-21.087322122402608,12.960240213413174,2.343522351075057,0.0166225477432058,-0.982543049804949,0.3099501653914899
0.0787188120546141,-1.0295868805534878,0.1453369021993454,-18.68832149500893,11.146847748065882,3.3543925716768856,0.004926961764291,-0.9855445656393094,0.3061695751408844
0.0529187639883225,-1.0112465280824086,0.1389475040380269,-12.101471262789572,7.157237409445249,2.7359092360285,-0.0194614663610237,-0.972530040546986,0.2833507293836093
0.0351377387368368,-0.9935512009628742,0.107959810665469,-5.004812532521476,1.3560981471848543,1.060408802199903,-0.0317696957901532,-0.9514331694379914,0.2531796671409424
0.0278041014190198,-0.9621591199825136,0.0906999116360708,0.3693648628020552,-4.8345285633827775,-1.065596252796868,-0.0353185419748385,-0.9241142981843304,0.2468556539420566
0.0306914900599238,-0.9185875087005289,0.0998876472557807,3.4051708143028776,-9.399373656815342,-2.896080208785928,-0.0354321488511491,-0.8917085363858922,0.2513986427164508
0.0468969640654574,-0.8863714047973583,0.1008019134542656,3.109483795586608,-11.82901767293794,-4.012092741720761,-0.0334439794774102,-0.8527719171997343,0.253664007507958
0.0442229901078613,-0.8570996137771667,0.1089837259548259,-0.9226221584894718,-12.161570634229593,-4.415892146822068,-0.0319952444841508,-0.8265132180215042,0.2591235489813535
0.0462617689516902,-0.8542835154937285,0.1155451575472288,-7.454877716216293,-11.215596589667202,-4.089038557514739,-0.0286359299157756,-0.8208263363415453,0.2672885036084625
0.0585867381145573,-0.8666128355752338,0.1228251472236725,-13.90583380728364,-9.688485241819857,-3.4287366112721496,-0.0288104059902726,-0.8262995782327598,0.2787793015149787
0.0585423809941201,-0.8734573541387275,0.1403845604624131,-17.063276121587585,-7.617151508247371,-3.04708759495427,-0.0242692234908768,-0.839592056195118,0.2908350811412526
0.0696479709703359,-0.8897515393297262,0.155141786600775,-16.029212211443628,-4.591635647696281,-2.9462214351494627,-0.0087468009341713,-0.8530331610193966,0.3022304517586538
0.0928792299481065,-0.910872860324414,0.1653983408964295,-11.87181573973749,-0.1862570528231543,-2.8495372050968477,0.0030198480105608,-0.869251861497907,0.3131414692359723
0.1096967694159603,-0.9338208427793842,0.1732511783581856,-6.311697120181563,4.781437618981809,-2.5596430399183783,0.0173562596795754,-0.884882695525828,0.3252274533405525
0.1286841084106683,-0.938128906819008,0.1863570991372476,-2.044076751689598,9.221860345299762,-1.6409165543586457,0.043156978616711,-0.8947020459555495,0.3328604646201083
0.1560894681449781,-0.9389191964619872,0.1973802251002314,-0.5632826748623172,12.512758790481175,0.041969185151083,0.0730671111949329,-0.906989478279168,0.3387174830339753
0.1794733798860982,-0.9560639891933111,0.2150621611527542,-0.8988787889012338,14.365618104962598,2.135738111544181,0.0982093797815494,-0.9192122174972024,0.358674557330757
0.1869367156556861,-0.9661685434852212,0.2304655817060259,-1.126333278874599,14.62410135492244,4.364742698483742,0.1022014281506194,-0.9251736714727355,0.3798025766352578
0.1711002628698008,-0.972888275087716,0.2294797691145552,-0.3415150472555421,13.285865179617716,6.319491116097375,0.0844710010625328,-0.9247231586058182,0.3886167956409766
0.1186883182240281,-0.963338937625007,0.2338993769036594,1.265367336133869,11.009556026864528,7.52405795579688,0.0458157171444341,-0.9187060950875048,0.3798517767564306
0.0585884253883734,-0.9485881187957854,0.2103091213852681,3.247071029588759,8.136574400341699,8.030843564589164,-0.0118083350723826,-0.9080623940913932,0.3540235778058267
0.0139026945208811,-0.9416005000501916,0.175564024102179,4.662925961959267,4.464728617641335,8.221029106400934,-0.0670571161410928,-0.896347596731103,0.3309955150985008
-0.0370182092357128,-0.9280587786706695,0.1720855645998417,5.320690423322845,0.2645435309411652,8.328764434287393,-0.1137072369284649,-0.8894793737379771,0.3138110797502209
-0.0699519117553915,-0.9155046368327876,0.1721356735485613,6.134891385171251,-3.3102824795012413,8.402726120607525,-0.1440952122650056,-0.877908082225246,0.314661385852351
-0.0694830642210019,-0.8886302921808731,0.1803306979621904,7.302343616806607,-5.015104448824751,8.372561070785746,-0.1458993061203666,-0.8567027783633892,0.329444179190592
-0.0426109820628022,-0.8771931250489544,0.18492132445529,8.430620353553127,-4.917455668447203,8.197991598870846,-0.1210123323801662,-0.8419142815375817,0.3344443736298844
0.0003071672812542,-0.872556446889837,0.1928002238188618,9.10172195119116,-3.7119826009780073,7.929377157761947,-0.0776045213475069,-0.8267412575724077,0.3443414907216341
0.0491053092055527,-0.8400362840521598,0.217074688130148,8.829068955962645,-1.8166600606304737,7.539951858548829,-0.0275306694679484,-0.8059034677977778,0.3637726468369588
0.115919506748693,-0.82797220183453,0.228059945332029,7.9214286890491,0.0446589696055583,7.161751807976692,0.0280624506671056,-0.7928072566697226,0.3826140431713744
0.1610487904475903,-0.8299164910099892,0.2317832708068401,6.954324320631264,0.882522581071813,7.073383062659314,0.073692169703474,-0.7918170030713825,0.3827592504091555
0.1763009854319538,-0.8462743353067035,0.2126869282118045,4.908206204363887,0.1547259634366912,7.395521388446821,0.0888852480174482,-0.8153486292838062,0.3604045846692031
0.167674018783718,-0.8810468430688077,0.1890815713838812,1.1114020481662643,-2.190974653313351,8.024260703683883,0.0831537148443367,-0.8472125427601497,0.3425572955936787
0.1253420623218383,-0.8978443463835624,0.1896623717597473,-1.7718624274248729,-5.651221533877493,8.276070754319546,0.0555267688195348,-0.8620878197723583,0.3304069105003671
0.0923220421982013,-0.9069116928160376,0.1814034048901959,-1.4917352661208507,-8.59306719827957,7.636180122115787,0.0091697874991757,-0.8665288930788786,0.3210882484220513
0.0472946490553333,-0.8927674002881947,0.1625194835523026,1.010706288018683,-9.490657215628548,6.41163275770131,-0.0299649331950958,-0.8515225114294313,0.3112442970244398
0.014152894207101,-0.853430583163248,0.138814551857778,4.021631194934958,-7.986527490901896,5.108952808163559,-0.0559187252518025,-0.8168969174782286,0.2884922788183824
0.0193091560241168,-0.8261769794087316,0.1112379740842681,5.140739187281005,-4.661340211278827,4.350943013762887,-0.0674237615431246,-0.7837161951953725,0.2623432468749989
0.0159012561919771,-0.7941958816043526,0.0954869010015849,2.6903276185367777,-1.1531786554205377,4.35203298357893,-0.060523957396719,-0.7588060019711417,0.2500545884271251
0.0514942469460455,-0.7647432107172987,0.1019397186265106,-1.7744474135722077,1.5581078609696073,4.721361472135791,-0.0396019300561075,-0.749628602826262,0.2637476208104614
0.0949069700414601,-0.7844029384425608,0.1203634849868454,-5.811735714624361,4.02242295791656,5.167281793868205,-0.0094263123021654,-0.7644788561687057,0.2842546131064545
0.1154454900173389,-0.8308754975050043,0.1379860970297727,-9.366709982512514,6.971060128460356,5.450485207308301,0.0265086004842913,-0.7903999177880108,0.2881684008360824
0.15192646293687,-0.8720323849617454,0.1352092753376381,-13.293183831817014,10.328876622131116,5.425843350806687,0.0600496860426916,-0.824207785059152,0.2872820385334887
0.1636203071831359,-0.9130510105817758,0.1276221424243471,-16.492613012711583,13.076344965128971,4.943352146887351,0.0722260118825667,-0.8726543012910386,0.2804467927886236
0.1527706363001093,-0.9494400977878336,0.1294924825316971,-17.271129922385825,14.544792006597223,3.860871237397191,0.0638706993602178,-0.906489958521691,0.269318133398382
0.1335156369382038,-0.9620411002854647,0.0868284363278308,-14.523244916542502,14.671493310066014,2.328586757705553,0.0509930237850605,-0.9136806672287324,0.2621287243663586
0.1152713505941527,-0.9312644226362988,0.0590557951862627,-8.65745086397766,14.244803180061886,0.5403709350869604,0.0366687665899199,-0.894937589294652,0.242555647339158
0.0985319885876346,-0.8859832042515173,0.0711315739569216,-2.702903651797521,14.407770110181662,-0.9633533964684664,0.0180322787903022,-0.8468419824616923,0.2201355845104416
0.0783590914375153,-0.839508761355712,0.0663869859821425,0.5160643478817114,15.17376093913008,-1.6965894411514657,0.0007983016587383,-0.7998752517255683,0.2219784171792042
0.0807800649675641,-0.7879559165727535,0.094125270474458,0.4168942892591396,16.69881925681882,-1.551557511908328,-0.0016449899960922,-0.7607775462982587,0.2486950911430701
0.0906035049484854,-0.7765140176041421,0.1350821173143465,-2.199560912050868,18.92498621299631,-0.2495611927759075,0.0118242656650911,-0.7467607725015607,0.2834599545441153
0.1084711362532547,-0.7992865217716908,0.1756741743698107,-6.835333504020081,21.501633740067007,1.9494371875123004,0.0298751142107075,-0.7697376860452763,0.3242327559145804
0.1329808592911267,-0.8370173582390091,0.227696469505786,-12.428660598814853,24.310884660133706,4.685232042560582,0.0473922656337071,-0.8036090204167023,0.3739271646770586
0.1533619575003711,-0.9024850831612192,0.2468288051654577,-16.38754774729869,26.758058217053133,7.752386634246794,0.0714798529765624,-0.8636224298456139,0.4056246995445728
0.1647820181335345,-0.9824859699185008,0.2541591094558428,-18.14307476244041,29.50310295146448,10.497085446595712,0.0821441142451682,-0.9409491440884712,0.4102852382900863
0.1570647516407833,-1.0475588865783667,0.2452598471920795,-18.82896586044444,33.0113680256055,12.858575289617413,0.0730104792897773,-1.0073763630780284,0.3910616078854431
0.1597046668644633,-1.0863999853445931,0.197241105836999,-18.36299535462369,36.1648479906298,14.492262043232856,0.0776427908754582,-1.055389720297349,0.3455344670008823
0.1671634017773226,-1.1096700810337397,0.140534841042783,-15.67284445553059,38.30007505954016,14.397432460919724,0.0828121212592585,-1.0634335913749615,0.2942663424422634
0.1638746531231272,-1.0823230281981506,0.0917200358991097,-9.646483783290565,39.014378911815136,12.258828497255337,0.0794453911171367,-1.030789805209119,0.2430852125996523
0.1612916015591228,-1.0040159264135364,0.0490711396138947,-1.7556746318017102,38.07718969214205,8.219219328449043,0.078239067809297,-0.9656567465656,0.2017729469098491
0.1585907308263575,-0.9191870953474832,0.0285479357843481,4.5955664165684,35.795028537518405,3.2681625401660264,0.0751485457834753,-0.8766261445761012,0.1861087357977073
0.1536188441078133,-0.824137466442181,0.0461953177505318,7.584207151405359,33.086975728961725,-1.3154723858130832,0.0730493817792825,-0.7873546543940682,0.1933934032416843
0.1560544628918257,-0.745757677602929,0.081660882263692,6.601197229035534,30.910890146359684,-4.944118964439234,0.0697630748337111,-0.7186772958895433,0.2260992141826584
0.1653188803530189,-0.7065456804348103,0.1113826357093921,1.440379153983032,30.192004963346413,-7.677022177817334,0.075694696092072,-0.6790993660684155,0.2664808953671978
0.1415272138715424,-0.6940889193044422,0.1316736133388055,-7.096619571737785,31.91417742796055,-9.933523166007491,0.0612707060530445,-0.6675541903804565,0.2948955233639755
0.1266650852795981,-0.716220110914977,0.1625976394315549,-16.47387641596697,34.24213961764734,-11.520314700328756,0.0417448017406832,-0.6867962301519854,0.3237079829377217
0.1366774424439369,-0.7762653746806201,0.2116428697331842,-22.9949448606598,35.5174542925436,-12.8794682537923,0.0493900112945219,-0.7426748298910131,0.3679320530173349
0.0909490141966305,-0.8616356600462964,0.2610606650845924,-22.64561810922264,36.719830621897486,-14.45573148255537,0.0145748280263927,-0.8217809437467022,0.4202251587899731
0.0368647324670841,-0.9311849995632144,0.2938853598050993,-13.005150427811817,36.790790390579765,-15.228042665392175,-0.0347879423357895,-0.8801288440169047,0.4502113712616461
0.0140684391296103,-0.9588317540804522,0.276960059308784,0.8879498456034749,36.421089519926646,-15.712521731819994,-0.0646910164259554,-0.9105127803924712,0.4293663544414793
-0.0061225343526389,-0.9955962539664408,0.2274887800819746,9.96862028524506,37.011046574754,-17.173479188235476,-0.0930268381689891,-0.9606409410153044,0.3779975856864022
-0.0179784063433575,-1.0754017472106558,0.1958383795619103,11.513310862666332,35.692790815459674,-19.29244990092798,-0.0974797517427007,-1.0417580847395636,0.3414983317494927
-0.0547566074905214,-1.1610672733203646,0.1642794896217371,9.312230497562313,33.53085097173421,-21.779573545599423,-0.1322637273436827,-1.117791886617272,0.3049614587126449
-0.1381388269600802,-1.213759594667548,0.0775464827743838,7.616849599246124,33.147443194792565,-24.776648318242085,-0.214216005820834,-1.156517476437953,0.2200709334035035
-0.2242087847003471,-1.2297804975028837,-0.0589372446971338,4.451214547696061,32.1266855421672,-28.795227189184235,-0.2860877539589442,-1.1856033716426877,0.0912796509033418
-0.2348089995715605,-1.2648019264971728,-0.1560966566659961,-4.029749757365194,28.42519262982233,-33.58061879496245,-0.2970520680008196,-1.233053720711251,-0.0068324780637961
-0.17826464805215,-1.3101505232639332,-0.1775494455462133,-12.123178708894825,23.55070165851031,-37.163969551186405,-0.2499198883148511,-1.253994137007587,-0.0191309051119269
-0.1627921551186197,-1.2944764121756878,-0.1435224100197586,-11.595396977481332,21.58570734452012,-37.92209618045751,-0.2361388570418138,-1.2339049290563937,0.0198300507672133
-0.2114555895586973,-1.2466269791103768,-0.0877339779282941,-2.752695280078524,22.133019309803537,-35.485079297617546,-0.2759973542923984,-1.186061232527388,0.0598054519626178
-0.2575323042604455,-1.177682611492279,-0.0654545531718391,8.577233852556526,19.8417724241225,-30.450933824181416,-0.3128096039814046,-1.1213510333338534,0.0844732140495655
-0.2602120410262888,-1.0914697530996291,-0.0406005055323287,15.848264289827204,14.026774324960412,-24.114425972490267,-0.3237855888842894,-1.067694653411683,0.1050878415958026
-0.2443130647870946,-1.03582974245185,0.0005288134888069,15.431955013360705,6.906423566772287,-17.923398721551987,-0.3105901487900739,-1.0167668251498394,0.1438599307742008
-0.2244568634756353,-0.9964389540541952,0.0432913148755136,9.199085488521431,-1.188631197885506,-12.72906635980316,-0.2857939712069565,-0.972082995055408,0.2063162763694226
-0.1777740491780687,-0.9804246757166258,0.1116641118621378,1.5041209576755907,-8.774033420962647,-8.640667201498292,-0.2591955337846761,-0.9563286934214336,0.2663812306285815
-0.1499270116495172,-0.9968930487844948,0.1347725900519557,-5.478539805462736,-13.221823468124102,-5.970501132621509,-0.2339101703389157,-0.9627305560601234,0.2846889041287229
-0.1394744334067433,-1.0314229849502063,0.1149500026042643,-11.947916167391076,-13.785088050832323,-4.856076662916895,-0.2073949244201278,-0.998660883017697,0.2668690462129794
-0.0982002710954142,-1.0881353880537414,0.0921878740896215,-18.292060555240145,-10.383478326717814,-5.194171593502486,-0.1823380060399049,-1.054142948105725,0.2400506476802357
-0.0605632296649119,-1.137009584321638,0.0552767078730215,-23.73698802754872,-3.3514820576833606,-6.940078420196935,-0.1530029413845434,-1.0928389010866613,0.213741527623824
0.0081186791806891,-1.1589531821428063,0.0449346505230627,-26.698040403181903,5.672410036872531,-9.3185132893025,-0.0847390417080752,-1.1059979838638176,0.1974452291359885
0.1150081285283126,-1.145429156414682,0.0396276385995287,-26.02578277561486,16.798741416147475,-11.242492789188477,0.0106023020273931,-1.0924015305918662,0.19630268375444
0.1727106771399621,-1.1062090803972595,0.0329024680606747,-20.27255891420629,29.984233725384392,-12.26670656366025,0.0716258413140499,-1.0558183024057346,0.1938656508447816
0.1850566786032016,-1.057948698517526,0.0132905191430643,-10.475495960352744,41.93390479206213,-12.849170790578768,0.0894551971400323,-1.006673088964905,0.1666389305198984
0.179017759339955,-1.0084809846710516,-0.0455647106437266,-3.0918388906433454,49.77429250632205,-13.14611673799608,0.0844053804391225,-0.9666137496991156,0.1186474397822003
0.1345135994448669,-1.0027497561179302,-0.0785588797824188,-4.383189260283127,52.21147336857264,-12.595612365039988,0.0551919005444166,-0.9673568191130628,0.0772746672654309
0.0611921127404062,-1.0466588736470162,-0.0679555124985887,-13.928157045770948,49.09626736049325,-11.268360496146116,0.0004083720690307,-1.0145021420829976,0.082861713741935
-0.0092082505848884,-1.1334736637420102,-0.0112748655710821,-24.65191386754771,42.81976784647191,-9.67865420312393,-0.079261054006624,-1.086528993510353,0.1407198073322801
-0.1052577872640826,-1.2248539105145737,0.0488863973787594,-29.20659424446001,36.7867295388733,-8.619323949278293,-0.1737381393921696,-1.156500896040474,0.196130399349402
-0.2121840522815327,-1.2642846245008803,0.0619463995430246,-25.859157834478705,32.904979441961345,-8.509754871491747,-0.2698074337701094,-1.210558536228029,0.2158519731168441
-0.2622505767274369,-1.2719643051022582,0.0688653163554311,-17.665545369046068,31.084558587295383,-8.588556403941137,-0.3375541077133738,-1.222201613347062,0.2108270443364479
-0.2569664600119453,-1.229719851061604,0.0534226601818739,-7.908693015315762,29.85937583844317,-8.352238390528601,-0.3295133139862976,-1.1753706079415966,0.195074390516187
-0.1928024542734053,-1.1421403957199383,0.0326772923650895,1.2537982162323518,29.13781536812528,-7.7549174415497,-0.2667336926794668,-1.1032964814947397,0.1824519635169491
-0.1141168971339662,-1.062109219521366,0.0276158883635361,7.346970149422678,30.566561712011843,-6.80590991657849,-0.2055961347377837,-1.027120596211231,0.1828014153724959
-0.0727397035036592,-0.9905960881608478,0.0127594759949359,9.251707193031478,33.48495723061632,-5.7633395477159794,-0.1559755855727616,-0.9528817312851896,0.1827175506084501
