ADXL_X,ADXL_Y,ADXL_Z,ITG_X,ITG_Y,ITG_Z,MMA_X,MMA_Y,MMA_Z
-0.0235890482736079,-0.9952842036587936,0.1183043285216958,-18.741284664833817,1.656937913467563,-12.831721010800026,0.0138002988767376,-0.9734326962024372,0.0906854216649495
-0.0332510365414965,-1.021315486226082,0.1010697068332717,-17.89103537548155,-1.407050655060177,-12.57096244661422,0.0050729124776277,-0.9990554885741444,0.0810159953648401
-0.0345677285780269,-1.0458924214614829,0.090938478558447,-16.394340084122256,-3.762363994981836,-12.2795391347404,-0.006899234183918,-1.025566772812625,0.0764973773520859
-0.0306065723420657,-1.0561096156103065,0.091095846285818,-14.349032782639094,-5.166827254788064,-11.771707157814053,-0.0111084744550118,-1.0304194368981636,0.0724945229737214
-0.0438476925712283,-1.0597700638270098,0.0881559807672196,-11.560407160172796,-5.561515248494812,-10.824069236490791,-0.0148683679252441,-1.0298959680332378,0.07336931527888
-0.0463138746544917,-1.0468442172335894,0.0898729232652824,-8.350394337069758,-5.429056610244689,-9.498952054827146,-0.0188608069773858,-1.0232133583241756,0.0772775489691076
-0.0445599583676092,-1.021591936915016,0.1103239572172377,-5.522480879611192,-5.109488195987077,-7.747865012494882,-0.0215338090901753,-1.0023646656306944,0.086018632980262
-0.064478122305892,-1.0059808191503137,0.1264838937230187,-2.8501450619637527,-4.843724180183671,-5.733208546111099,-0.034913509953195,-0.9824800268359636,0.1041433576466807
-0.0713165124278112,-0.9895874940449876,0.1223665185869301,-1.2715747349171664,-5.277388729304343,-3.7974420500106336,-0.0410860187693446,-0.9659936404379332,0.1090830370809248
-0.0607865752456854,-0.968291462314964,0.1212757121209773,-1.935883278840303,-5.899326554734611,-2.154787991568229,-0.0276139195576746,-0.9458534747657203,0.1092117193448544
-0.0471622902770776,-0.9570699709392824,0.1347831945397281,-3.167588820033408,-5.068713928122159,-1.152525439788808,-0.0187419951162267,-0.9285063594628452,0.1171648249259292
-0.0308230179984662,-0.9583068687994952,0.1634721280766889,-4.226550994610443,-3.7945702368872585,-0.8903136367891155,-0.0091898531222125,-0.9309838309714824,0.1350715464358153
-0.0260912125912771,-0.9679662109165308,0.1952524055371585,-5.426750469001815,-4.2254903349344985,-1.083023270132747,-0.000665512677359,-0.9400815936730968,0.1637256978295629
-0.0290898896395842,-0.9736282921950954,0.2131656203395261,-5.853646368030782,-6.104215340993653,-1.331822386161132,0.0012714819291017,-0.9412010748114672,0.1819461135857784
-0.028429580561549,-0.9712140301823844,0.2202121259532991,-5.459464612261333,-8.218330911598754,-1.641706759194072,0.0054749111509482,-0.938719320962998,0.1881779777160115
-0.0320737307257114,-0.9686700387077272,0.2214689774016351,-4.989610659380563,-9.430743129342098,-2.063969065096101,-0.0034303160501734,-0.9309237400185186,0.1917813907421991
-0.0386497584770212,-0.9586710108025608,0.21070109596744,-4.802031081061692,-9.460833109566495,-2.231157569948452,-0.0086480799946009,-0.9269738048641254,0.1933111270756538
-0.0306427416033049,-0.955111030808252,0.2042543566118008,-5.041053674626577,-8.81509247632452,-2.3082842058724737,-0.005704668977592,-0.926442613472875,0.1913920793798568
-0.0284247599815437,-0.9620280805808068,0.2191433144345284,-5.715438740600089,-7.703034326996665,-2.5374345181328786,-0.0128078198873232,-0.9255480950291244,0.1892722904381829
-0.035766285098264,-0.9632364872914856,0.2202630721945074,-6.589971136561453,-6.69070102385283,-2.775656443120555,-0.010723653934243,-0.9291809325102796,0.189418650953499
-0.0268653985843615,-0.9706781739913516,0.2096480192665866,-7.303959863488035,-6.437697621703802,-3.037480060248645,-0.002570824228321,-0.9377915182603777,0.1877470554067418
-0.0257958662157481,-0.9850731728679768,0.2132668345335684,-7.764779878750554,-7.068485431713152,-3.306783771445362,0.0001403781080787,-0.9561726593418484,0.1846829601536515
-0.034924160857138,-1.000553014654579,0.2080017770242901,-8.279492841018223,-8.646554815830717,-3.529255588864727,-0.0026221764921486,-0.9724140880039672,0.1784385256108082
-0.0440864458910449,-1.0109666142625429,0.1976241260139683,-8.982199045611816,-11.19966874979104,-3.4029772732724632,-0.0118193778043241,-0.9929343958399012,0.1750174426600027
-0.0543668053168571,-1.0298424510579491,0.1973788873971149,-9.19144549389591,-14.555703924702632,-2.9230496761241858,-0.017309224139041,-1.019391675280947,0.1717417279850453
-0.0582554647296776,-1.0596713411481904,0.1967621323083457,-8.133025094096858,-18.37512746820416,-2.332882331091981,-0.0266347722256298,-1.0311834111216176,0.1693102136885014
-0.0744830132612704,-1.067361606806016,0.2090376660957284,-5.3098992667327405,-22.14375305900571,-1.2632935778128078,-0.044344217156484,-1.037873744751213,0.1789102988583228
-0.099145541453842,-1.0583369679734491,0.2344695838709529,-1.0934187270251217,-25.89865437310431,0.1344431534200447,-0.0612692195471036,-1.0317696891292063,0.1932697110397326
-0.1130532375107644,-1.037862358051829,0.2438337673925637,3.107815455525281,-30.017065680823755,1.422682352709298,-0.0749901091926023,-1.0200344520383662,0.2166718611179527
-0.1142402301279718,-1.016472346275862,0.2547691464675062,6.343787358287236,-34.104430370157175,2.585522874225833,-0.0786161138964335,-1.0071589946143904,0.2381197487008511
-0.1104458052991851,-1.0029333193018737,0.2720056521417547,7.918156778316303,-37.120198012907565,3.471314808978757,-0.0774386550152348,-0.9810464664563516,0.2454253652068486
-0.0910391374099929,-0.990388265703368,0.261656969411206,7.200775732890437,-38.105070668160096,3.8232846843996176,-0.0655605227495778,-0.9715304764278964,0.2375934822400492
-0.0431027192267855,-0.991543581800153,0.2204539202782462,3.133398963092493,-37.20251249039942,3.10326493514424,-0.0216131767746572,-0.9786952848190072,0.2009653654016459
0.0119185904089291,-1.0076683487851723,0.1697064009617716,-4.507445911937656,-34.98570664512618,1.6055480630936492,0.0399216025828289,-1.0021205041500365,0.1573971495924795
0.0645148318272988,-1.0616354991066854,0.1311997761825834,-13.586303924886844,-31.96344588169065,-0.1546417797121851,0.0962992750821762,-1.0505026082292408,0.1146876477440349
0.111974803952284,-1.1453790712946696,0.1033210885415054,-21.99906102544384,-29.27160651814562,-2.230323511729228,0.142357990943478,-1.1129993625698007,0.0819500637952262
0.1631053645544595,-1.2176807771930116,0.0843403918208864,-26.89947521364176,-27.476865784077063,-3.954343211907184,0.1879486941181123,-1.1858770566992618,0.0680402221223233
0.2132738117576306,-1.284113856371687,0.0477356241444,-27.259142291786063,-25.414972011722856,-5.503415553283144,0.2342359371658755,-1.2435923432382023,0.0288937521321845
0.2427966599910979,-1.3331649579460132,-0.0111890012086581,-25.459184893513573,-20.75520058878653,-7.33721609453053,0.2628857721120647,-1.2880495853086094,-0.0296631287321133
0.2678348317606841,-1.367983757804856,-0.0522787818687785,-22.08900422011758,-12.79516786023053,-9.899769779887706,0.282201855624028,-1.3298843732886971,-0.0806988838480721
0.2795701750659351,-1.4033170345286126,-0.0857986709702101,-17.50957670799252,-2.7429948933601915,-13.862134405832917,0.295068190066468,-1.350637266037289,-0.1150057362695996
0.272039473375916,-1.4124712332948648,-0.0890614658992857,-11.828747927839832,8.016629222793474,-18.086456376913944,0.2912313510107919,-1.358208708839538,-0.1131669579091123
0.2462695683559546,-1.4026087408408048,-0.048033387996877,-3.313393401797584,17.17021803801453,-22.23598981512728,0.2651651657406101,-1.3518856307939644,-0.0807717080774726
0.1751053350155491,-1.3701108529385388,-0.0130381125479602,7.705413608056712,22.66243471927993,-26.309675277875645,0.2033982120432473,-1.3192818845716048,-0.0408420629291661
0.0962471517612865,-1.3040523032537166,-0.0001622218826514,18.81229739332058,24.754961560387216,-28.718454596515528,0.1356045917401996,-1.261871911966272,-0.0298073107707187
0.05575151207184,-1.222005086199507,-0.0236011710570295,28.39608555152221,26.20618915533206,-28.58884261669576,0.0933701973165891,-1.1801844414647478,-0.0573076556990631
0.02984293713922,-1.1088391032298672,-0.0688468544940646,35.745725779837784,28.82961458741578,-26.156938836610028,0.0636291307090499,-1.0815618474484752,-0.0964438958348915
-0.0053175863691247,-0.9947768115240614,-0.0953656792148706,39.96512180745121,30.407760689295813,-22.07380445138066,0.0337713911599492,-0.9786684208964952,-0.1198336193991566
-0.0393781272813318,-0.920331648074188,-0.0989298582118453,40.5921593728502,28.26295340783328,-16.928119207364958,-0.0028462898647354,-0.8953664280947514,-0.1173140107978504
-0.0689805978860123,-0.8536995915695539,-0.082217680494387,37.35179682368839,21.953547396401408,-11.480238929893568,-0.0407069822880412,-0.8393695632515212,-0.1064314642516516
-0.1067891385686823,-0.7924591445480516,-0.0645697624197295,30.66923841045297,12.6088025470636,-5.828382640862504,-0.0666348563245037,-0.7921016431555903,-0.0963345777285238
-0.1388649839786978,-0.7583600529459328,-0.0612744280260633,21.849225830289697,2.4690081755734163,-0.7442296308639988,-0.0952242261832876,-0.7531862638669815,-0.0898828890943025
-0.1692694533882763,-0.7360020815067041,-0.0586393734042465,12.09206826768923,-7.09859575846817,2.0457608423448983,-0.1352558801436322,-0.7275554477235245,-0.0857611276071043
-0.2050214039901527,-0.7186120639614133,-0.060778627466413,3.428555301528073,-16.32440789635267,3.336199245309126,-0.1665438771106005,-0.7119282000480178,-0.0837987218773203
-0.2292826555627737,-0.7166580017620396,-0.0739523570587253,-3.3861334429266803,-25.478351544663983,3.6460621571869942,-0.1914214681963155,-0.7069973234672908,-0.0937966925998426
-0.229037172373569,-0.7260800602931801,-0.0931398281860689,-8.927385658980128,-34.3360957677595,2.061133142214316,-0.1971899371660509,-0.7147299272684062,-0.1169860058196951
-0.1897855506200316,-0.7514432588742863,-0.130577734528322,-14.032338448549009,-40.89235348163876,-1.2165506772879555,-0.1685828913497093,-0.7356299243762666,-0.1590088148396596
-0.1473683903244801,-0.7955480332912306,-0.1737518783168104,-19.5202078144521,-42.68435418220749,-5.523195420376252,-0.1356428564380272,-0.7700998399059718,-0.1983713383672593
-0.0989637000144511,-0.8536736804280393,-0.1875542550039687,-23.797523843305047,-40.362500528930575,-9.84842067997258,-0.0884912592075945,-0.8313532217504667,-0.2141972793242559
-0.0239236030116889,-0.9394302124369364,-0.1739534650565921,-26.339651369845424,-35.863210427814,-13.804591521342331,-0.0141576088875117,-0.9191059182571968,-0.2052909459042691
0.0340131749892604,-1.043470627501096,-0.1357670228957784,-27.538524001160365,-31.09639188223861,-17.076971400052738,0.0568918206833203,-1.0153331232671157,-0.1616083904462072
0.0982294853838001,-1.143600573831287,-0.0709705233332291,-25.847143349974804,-26.848829837846928,-18.52025194376352,0.1252055275242991,-1.1042452383900878,-0.1042520202518055
0.1725925110184943,-1.2239291830537349,-0.0172443340650155,-20.45885447244752,-22.002227888878668,-17.98529523685531,0.1948779045559152,-1.1691668181138084,-0.0529437027725348
0.2274190332646,-1.275877519957282,0.0037022918795709,-12.00602326802806,-17.199955415715774,-15.880169428576105,0.2523887944135304,-1.2239759153890732,-0.0228148337704673
0.2880621757515043,-1.3182600411485126,0.005343237868528,-3.439345782877679,-13.16770787403062,-12.18461060074126,0.3123614744096815,-1.2696248273840096,-0.0221063004634515
0.3327699607406992,-1.3452997827701425,0.000381618849372,2.90592244958036,-8.97146797812209,-6.5551647595402045,0.3620708098600093,-1.2903931292633737,-0.0292382378561842
0.3232454760102314,-1.333702376957274,0.0014725475505332,8.808568403356208,-4.195041957135036,1.1661871917958966,0.3491015866054667,-1.2846971865100365,-0.0317210003258841
0.2649333343387242,-1.2815222519780274,0.0067180794440867,15.768987644844865,0.5117655186464849,9.770973174192482,0.2866874784491785,-1.2347550692299214,-0.0194005422462973
0.1777428990786153,-1.1910616288374378,0.0182087838118362,22.354244226061876,3.632544647634722,17.301781124220913,0.211687937749718,-1.1618253576035775,0.0028952712648934
0.0831801636516037,-1.0812004781943216,0.0401990925794257,27.058879764550174,4.846925707611925,22.849059690540624,0.1273148394674053,-1.0719851127460498,0.025578928035776
0.0086275236916609,-0.9881034309547532,0.0554366158822619,28.67208593704032,4.442983852167036,26.391901292286605,0.0471476611619707,-0.9662593407715092,0.0462024885337009
-0.0424997266534273,-0.9119289532261502,0.070288954382592,25.33853663942944,2.6684674094787906,27.672404002547022,-0.0159052820840178,-0.8951923339134291,0.0543144662233686
-0.0868641497310926,-0.8457905275944769,0.0770035931198566,17.633816822316856,0.2153504580253683,27.04488474317221,-0.0617922123665163,-0.8446009100349985,0.0578192678610019
-0.1241771649100615,-0.8058790660266418,0.0686288056061318,7.908866692431743,-2.6234497953260085,25.454462696651657,-0.0983331018127845,-0.8006870163674245,0.0601571840869516
-0.14964709146033,-0.7813574782419305,0.0749684709509584,-1.5976425255635265,-5.00111192749623,23.133980763001244,-0.1202742459881967,-0.776350511597006,0.0580239165898347
-0.1482165840666019,-0.7766169580281845,0.0771284461210315,-9.33722858020599,-6.396903965502919,20.43948988086252,-0.1242690470766814,-0.76403334390398,0.0625397534174872
-0.1402634964675268,-0.7864546103899265,0.0832017503046475,-15.72494076036162,-7.091933216971101,18.04471684131116,-0.1169503318823773,-0.7723597764329901,0.0722757580606178
-0.1304839547317596,-0.7983961788475479,0.0956750485540843,-20.324807596828183,-7.597719502939364,16.130026844240795,-0.0955680499393618,-0.7963785903407214,0.0794544639960364
-0.0921770362816142,-0.8360781182059283,0.0815148276250885,-22.76682960664369,-8.293799920225332,14.605259840992373,-0.0681084989561755,-0.8244441543675967,0.076810131680015
-0.0540187586093623,-0.8738503403890683,0.0844406253317675,-23.848365977623335,-8.437229084680638,13.54035834622544,-0.0343720890215367,-0.8470165990082723,0.0660587684367171
-0.0207504160094125,-0.9000324702015285,0.087331155430218,-23.679657404424507,-7.857493422729119,13.098229720119871,-5.012519106661591e-05,-0.874496567545888,0.0565402934347639
0.0051772911965299,-0.9353376877668576,0.0602984242572753,-23.169484186396115,-7.128298066175964,12.79286843616626,0.0205761989125927,-0.9117031111820424,0.0414774417463149
0.0108660435552827,-0.9696459875243812,0.0523470020184402,-23.11777990626714,-6.340323156595563,12.201954625357892,0.030530261121979,-0.9374896080998838,0.0334621009709128
0.0053275275784123,-0.996203719483493,0.0602876024288627,-22.692956547910487,-5.59620162907881,11.541145945170037,0.0299780061105084,-0.9599628153664456,0.0367418344179968
-0.0121317998266486,-1.0109583453676645,0.0659558137695276,-20.88837884064672,-5.129419774260832,10.563779650411393,0.0248385286202148,-0.9851321784361596,0.0352587285363746
-0.0215630685782901,-1.0232384734755788,0.0663577106920376,-17.709320952990417,-5.094983701587922,9.073584768709964,0.0157185298134635,-1.0069260779856335,0.0425416219324825
-0.0304298770839483,-1.0321665197162515,0.06359694447671,-13.728317248411084,-5.472572778044819,7.260993495955086,-0.0001145047008056,-1.007516211267348,0.0531614335167779
-0.0467190727517827,-1.0262128602571303,0.0716410110838134,-9.5137679243263,-6.027559406889311,5.138850845259044,-0.0160671388126749,-0.9854003236068354,0.0616598618914738
-0.0652604489416396,-1.001665391716079,0.0870469463042418,-5.59851868393,-6.417472673799892,2.864725784164049,-0.0405723488742627,-0.9674358606790934,0.0799439320615216
-0.0932485890031424,-0.9746007172758704,0.1086057118939695,-2.655915880214625,-7.197558690964334,0.4615648903916935,-0.0666494599008661,-0.9472812445651844,0.0924315020904289
-0.1022058099218877,-0.9647464492436736,0.1239017366100037,-1.471760227744696,-8.65910601446615,-2.1373060888528035,-0.0725387829897614,-0.9327201652828444,0.0962473944372498
-0.0922094650561123,-0.9508153653876764,0.1254809399417549,-1.2337971300853714,-9.086499331223422,-4.089134808130308,-0.0661238006752142,-0.9271224212374716,0.1043100665398209
-0.0843699066982391,-0.94771140469656,0.1408458025599844,-0.4216469179857114,-7.101882558189927,-4.567831844732643,-0.0607459516054606,-0.919558544548288,0.1173339055032037
-0.0726840333092007,-0.9643898004084626,0.1521973216344413,0.3577070478795728,-3.2203789110564824,-4.287585730066287,-0.0519118250537433,-0.9324991305204224,0.1309629081529695
-0.0443426768483555,-0.9848736264348096,0.1459602454528322,0.3133362428927074,1.319682872589581,-4.016317135768258,-0.0245891727818096,-0.9576730947327404,0.1403290478907164
0.0007408770471334,-1.0174696829930805,0.1641906110176107,0.0952441264109396,5.8028834434945145,-3.748640840142961,0.0199817909564426,-0.9855221631759844,0.1480410817490933
0.045973665797775,-1.0363272481562875,0.1910105618921226,0.3955900965369407,9.9129855404891,-3.479828067873304,0.067697010367067,-1.014191772441818,0.1590892953031615
0.0970712452420364,-1.0480510423761058,0.1953348127556745,1.780791311679543,13.373963115022846,-2.9396031459512626,0.1231800096214677,-1.0261959546594055,0.1681511278960833
0.1485612168527576,-1.0590069505016233,0.1907351368513254,3.966675880308677,16.79700541807339,-2.121775517665994,0.1764573961242419,-1.0314001518992657,0.1711664477439115
0.1842428621323541,-1.0568062789452837,0.1865638687257499,6.2863219272006425,20.7657409266609,-1.2564181589392884,0.2085829097098228,-1.0329031942178593,0.1718330559677203
0.2033021116284348,-1.0652918687596968,0.1879107998076103,8.379138685805621,24.97806322787708,-0.5292115943615457,0.2266457518004165,-1.0376585580211477,0.1689123698319214
0.1975011027758644,-1.070638795700653,0.1943325954206169,9.601604031550847,28.7605450690304,-0.1829760271085846,0.2322238413288901,-1.046957022142688,0.1627469317918557
0.1845497162177287,-1.0679168458810908,0.1858061302908447,10.111149149991768,31.45688203005019,0.0919517627212716,0.2176758350741301,-1.0440965606259218,0.1576035882560257
0.1683183941011265,-1.0621371763429184,0.1702674353985269,10.691301283968413,33.32189458479029,0.5342193078253776,0.1888693773513747,-1.0380610168433324,0.1565379176973645
0.1257045436563446,-1.0438569092722545,0.1799159331612828,12.757461095536778,34.64312524401946,1.1709428419611283,0.1577387643075777,-1.021366296988636,0.1629630400734725
0.0679627088914327,-1.0173133248881885,0.2010875556020522,16.600793214500257,35.34814726657277,1.9774645946642295,0.1152591028489054,-0.9882383475045112,0.173413249792611
0.0109922802732275,-0.9909842822916493,0.2177194946048342,20.0174566198052,35.47292840236944,2.8192455566212398,0.0490262912102693,-0.9619250186149972,0.1851862064319836
-0.0470521203824732,-0.9824260837508926,0.2282600141860864,21.61642842736522,34.79306807198485,3.4904054124148463,-0.0173483740430883,-0.9522549764041132,0.1979415739768046
-0.1175138467628831,-0.9827655167905542,0.2229180538404718,21.363004042655596,33.250362181539344,3.527116544928348,-0.0811325109791061,-0.9565541541922404,0.2013356446511047
-0.1799766026519422,-0.9943817100959028,0.2090183526361122,19.836854685380175,30.749738598803923,3.331790403414072,-0.1418728597159285,-0.9699670852965936,0.1919186792620384
-0.2080741230331935,-1.0090006996410938,0.1903577305863741,16.177792432541548,29.88149305088007,3.434642563166475,-0.1767378697482745,-0.991966084610208,0.1689515749027907
-0.259874327532417,-1.035295581033424,0.1607612837643989,9.117921514736215,34.03469941180842,3.823167281328788,-0.2353823832329824,-1.0295473740929104,0.1356563854166142
-0.3527971639317194,-1.116892145674096,0.1302821003132841,0.4398019919767161,39.31333758693173,4.1799871438355565,-0.3203462517825332,-1.101530830163683,0.1161349647539368
-0.3994971906435005,-1.2116803308330168,0.1108847055590486,-8.144495391055752,39.65074471494678,3.72387108231554,-0.3550078293926209,-1.1992622384536245,0.0980315006719385
-0.3905695698221587,-1.2972488935407114,0.0718113170175435,-13.629539886199122,35.58788421832183,3.545099343042447,-0.3481531217072287,-1.27972022684115,0.0527706776737261
-0.3730170240721421,-1.363013373321713,0.0228337435463975,-13.585876076446256,30.73112906715026,5.12026646217024,-0.3248611914761145,-1.3361317929711407,0.0016322591282013
-0.3290288193614065,-1.393397250895938,0.0068989859112231,-10.229452204091942,26.325628576288068,8.31672502132955,-0.2786940882322003,-1.3689458778868493,-0.0335291492499443
-0.2683580953513123,-1.4068507007735342,-0.0106300303874673,-4.111891882788599,21.79156090579201,13.455431950822923,-0.2280691521220148,-1.3660616980139697,-0.0476617762385733
-0.2317062207399145,-1.3791977936427045,-0.0211333735778135,4.580675820727358,16.4000444523267,19.98000779759215,-0.1921515743028124,-1.3440589689426314,-0.0418734721248736
-0.1917914959254554,-1.3444712862824948,-0.0103201794395331,13.910380074631572,9.16478128518175,25.870764492832944,-0.1475170719440328,-1.3133995578122832,-0.0356313416861769
-0.1166559278388483,-1.3074049531311716,-0.0253928659223937,23.088240204032967,0.708998230874851,30.120345583090717,-0.0708145901214441,-1.271144627642189,-0.0518788585971851
-0.0427351501906586,-1.2399505925900716,-0.0579632252663889,30.757609622450595,-6.583673195026436,33.06108589747001,-0.0042009745684968,-1.2146393657532124,-0.0833125817767537
0.0062393622798936,-1.1646251669327774,-0.0794247024192575,36.10502553008077,-10.65958475642684,35.14149094886424,0.0359511739164876,-1.136781129521836,-0.0996753732881193
0.0454640833170286,-1.0662922844196605,-0.073654933811643,39.34870553969384,-10.675660850587075,36.39411958916905,0.0689402077545578,-1.0453289087707294,-0.0973441402129793
0.0623637947797923,-0.9761831918027356,-0.0550299740359316,40.49814778144378,-7.769526281973169,36.60499058500946,0.0845939183346141,-0.9532299367292388,-0.0800148923754097
0.0691757838680497,-0.9045381349880182,-0.0491251045891377,39.08301164516941,-3.3567559416705466,35.42876444369547,0.0918140737825086,-0.8804285072315094,-0.0629915136718143
0.0736956892972512,-0.8415655251736434,-0.0409218084052584,33.55853474079555,2.749853880686966,32.17798172873737,0.089780703461537,-0.8336884209520634,-0.0584789199460389
0.0665160826216122,-0.8011975008932225,-0.0254582818952469,25.011161266837696,10.86640332586007,26.976216339365497,0.0821011757761919,-0.7845993860936897,-0.0443667382990316
0.0654573508133299,-0.7623258087649762,-0.0220955579264497,17.107479208912967,19.506946046146496,21.219358161826506,0.0811459619158385,-0.7517944674356324,-0.0443926388415509
0.0492084939122318,-0.7647356884789529,-0.0427702326088303,9.67591341060638,27.68326152847248,14.553821637899444,0.062484898892549,-0.7574130702510011,-0.0694805638876238
0.0313174971576502,-0.7829104854536799,-0.056914210992451,2.389189492920426,35.886119667774715,6.745510754663378,0.0472908117968129,-0.7584101867025874,-0.0803138660978342
0.0276475307498625,-0.7755328746973434,-0.0586860884231267,-1.8481777979963223,42.22324164924877,-0.2422358666609962,0.0525741245233305,-0.7622345683175364,-0.08791052676212
0.0378461209557656,-0.8026136681548626,-0.0810469148965146,-3.949430061276309,44.52987462246249,-6.1270413502859125,0.0670923877181293,-0.7845068849517598,-0.1025190933114726
0.0674689411519512,-0.8340565216388917,-0.0971178713222621,-6.276825617610591,44.18427248959237,-10.778044895410313,0.0925016583022158,-0.806876289299197,-0.1131491249378348
0.0695622983857426,-0.8674399963341141,-0.0992718506460121,-8.859329704848594,42.33324219405628,-13.206276685214826,0.103173614670648,-0.8439325350755381,-0.122356107297239
0.062923812772372,-0.9372901277101487,-0.0951550084575996,-11.699191013080418,38.348680188571855,-13.758669182797636,0.098703581559511,-0.8962342952003631,-0.1219772915908534
0.040492582825988,-1.001256130156572,-0.0783331099151777,-13.413529190599755,32.69053739211147,-12.456277578174834,0.0768268340567428,-0.9670966676905252,-0.1086385169400369
-0.0082818728951902,-1.0659110466379336,-0.0593096019255541,-13.195114224509092,25.952278521731284,-9.664263851908167,0.0364666261485318,-1.0405567117290766,-0.0841109144292467
-0.0403696688984949,-1.122068157451145,-0.0266111359279246,-11.6035401306021,18.408102459055097,-6.444475881566726,-0.0038415269741082,-1.0898421944578376,-0.059020882609932
-0.0943205016191192,-1.1681312018464785,-0.013060279743283,-9.024750352002515,11.12917659305348,-3.1190047311119997,-0.0532645622176101,-1.1394865168451709,-0.0469076882085986
-0.1422477278171628,-1.2217470338331808,-0.011398421884352,-6.592723796992235,4.796673646778931,-0.5571242331702989,-0.0952411041511372,-1.1888883495996685,-0.034214527008571
-0.1663293970253148,-1.244518404989724,0.0125399326039857,-3.808668728590488,0.9802860093641914,0.3391584054500506,-0.1259267472085914,-1.2153178151733428,-0.0141165039446058
-0.2042117400293198,-1.2489025636041362,0.0324118648548769,1.0118136765533043,0.91251354186976,-0.0305153009495174,-0.1621862168071202,-1.2161511471312672,0.0123828933002254
-0.2118478057108218,-1.227729717337251,0.0660894169689374,6.829153332537202,1.9346130891185016,-1.563119621180008,-0.1832066742463192,-1.1907696031090085,0.0489872145267018
-0.2020368001238939,-1.166189353560735,0.0940121736916196,11.67053128487625,2.7108456300926083,-4.760596778829223,-0.1768700852133532,-1.143005130911623,0.0754918474222815
-0.1987955596702329,-1.096183191811805,0.1006129029692242,15.07845501673164,4.600885589186799,-8.783888743978629,-0.1649471100448494,-1.0821859393964892,0.0900443358622248
-0.1727714438936951,-1.01621079076739,0.1150479574488334,17.85891871717278,6.028867988802333,-12.019764309683916,-0.1464611145433591,-1.0047405321667011,0.1017667005569454
-0.1386709660186957,-0.9538148362021084,0.1130667194647834,19.43393145989899,5.852794402172564,-14.409118535781488,-0.1056210970269065,-0.9325242684920784,0.0928015377525668
-0.1072184945715756,-0.9107801369758456,0.0940696808128811,17.19224895221701,5.702492146787422,-16.52187969629042,-0.0718634021324264,-0.8946483471376951,0.0758596240173258
-0.0680253398263454,-0.8745072767513647,0.0839454413558485,12.272841854894008,5.528478191189871,-17.733550048304927,-0.0450210217236233,-0.8665747868351761,0.0712817113671782
-0.029023724079172,-0.8645801275378744,0.0940795789982122,6.943962876448393,4.629915194402162,-17.693997201284464,-0.0065766261841141,-0.8463935773395539,0.0698073890846591
0.0010212890601825,-0.8557989723830955,0.1000726288370342,1.2851722649599246,3.757604916739804,-16.784873023982826,0.0237094999636554,-0.8390232378503095,0.0755490992543013
0.0147136443785011,-0.853875784085151,0.0995484037083059,-3.3425268443751994,3.0905292924055714,-15.266927733279712,0.0404259697202707,-0.8367472808219522,0.0884932054480768
0.0161956295947106,-0.8673509522826672,0.118232247135778,-6.462348998674472,1.9816697786492057,-13.604761574278596,0.0457078251944763,-0.8458890578024492,0.1023831411552915
0.0143556821926876,-0.8759366919216176,0.1296610496705895,-7.963781097639757,0.2669324132501883,-11.951070675499263,0.042638319763359,-0.8529999571533307,0.1157155313995175
0.0045403668553439,-0.8851430394117883,0.1395232544953885,-8.451342583382242,-1.7879070924746343,-10.433478201179383,0.0328967492250176,-0.8643259239374343,0.1204664892558696
-0.0059042848260159,-0.8983499335060741,0.1482497732786921,-9.450397618764011,-3.9829294215498727,-9.447667470321692,0.02238265422385,-0.8799170485930145,0.1238890810177214
-0.0214111312303296,-0.9214228805579776,0.1422699155451715,-10.916670513025345,-6.24174274910335,-8.993708760792504,0.0091778841173175,-0.8959985900294707,0.1223506261002643
-0.0451732096721766,-0.9465752634078016,0.1484206544547918,-13.522087105781084,-8.442815376234366,-9.161327077952842,-0.0130470447076499,-0.9223794884878054,0.1194480022415045
-0.047448748876691,-0.9697501543671296,0.1424478848329915,-16.19181404973006,-10.574855252319647,-9.736480868276988,-0.0168501399994982,-0.9440213603381958,0.1219087649266605
-0.0323190395915074,-0.9917798867722591,0.1297871718526007,-17.496287303328682,-12.477135850390884,-10.117753889259628,-0.0056849605095119,-0.9610828230610976,0.1110273446480519
-0.0286475138530177,-0.9989632473918608,0.134604075858325,-18.025103868554133,-13.32486246056351,-10.109290863004198,-0.0036869473155075,-0.9749269171459178,0.1045350354618092
-0.0286469649287065,-1.008088661038007,0.1285300506902902,-16.97494092451561,-13.299849847480951,-9.369611232140231,0.003350202750148,-0.9847482472894544,0.1072634059276442
-0.0201181703824188,-1.0263014121732883,0.1295438159557329,-14.588223334996057,-13.446703564277396,-7.86520779507081,0.009981915938499,-1.001250763537183,0.109451303866265
-0.0205471531816029,-1.029490340701494,0.1370219454718735,-11.951071959124333,-13.75428384700291,-5.983520848447844,0.0029109989860269,-1.0095745108761958,0.1177182977424571
-0.0312286037626919,-1.0178142017607252,0.1359710065398552,-9.8163117309068,-14.237521141309951,-3.73015770876042,-0.000952239680382,-0.9995565653240964,0.1128997487041195
-0.0333747705254613,-1.006464782628547,0.1390033465831187,-8.432087875219613,-14.143539091827892,-1.268312623330192,-0.002901812505163,-0.9863595109792798,0.1124433186165645
-0.032857729960804,-0.9985718337184756,0.1443077396371908,-6.556019501274784,-12.676234494675864,0.9314295811973088,-0.0061637206645964,-0.9772541432206452,0.1299963568312431
-0.0405753841283499,-0.9969819058189624,0.1807953280354957,-4.388500699585827,-11.475352015393485,2.4500678758447285,-0.008667971999685,-0.9702732961848124,0.1508655774501915
-0.0464129338441806,-0.992760348500435,0.2218638106281452,-2.4883114033937845,-11.5274927283103,3.3331618915793157,-0.0147972196199561,-0.963555908789976,0.1843394284751073
-0.0465085432422214,-0.9772371729653528,0.2357236547351865,-0.7227692854980259,-12.235804147436994,3.6573111707085406,-0.0174253676443954,-0.948284943499033,0.2068447204062798
-0.0569117344274366,-0.96050566315356,0.2440156205463427,-0.0188214156230152,-13.04710694931354,3.243242877486927,-0.0266992274638359,-0.9289442990004924,0.2110861061783945
-0.0672130415406636,-0.9445722521269132,0.2384039759163123,-0.8005899970257788,-13.540642995738963,2.493077391837529,-0.0370410661877008,-0.920409543844986,0.2202902478966304
-0.0647588644007141,-0.9406727351304858,0.2420438821095212,-2.180457470966059,-13.778841650939563,1.7365516678793853,-0.0381529118411563,-0.9176280682005976,0.2230012482514374
-0.0651180298284453,-0.9463547928637576,0.2440985579879082,-3.610966881091675,-13.594944080253192,0.8566455264928585,-0.0391345877219683,-0.918472420845392,0.2164649325275261
-0.0634879225462555,-0.9451887501948428,0.2332785587256287,-5.12144310468325,-13.105883774815847,-0.0846496864761822,-0.0312926146405138,-0.92348297111259,0.2107092511226859
-0.0584559735682796,-0.9510059289669436,0.2362919777794502,-6.325828888213911,-13.072499096305062,-0.8749186604725852,-0.0249055871844712,-0.9288638194667332,0.2077201746248563
-0.0608395612054301,-0.9722933759031208,0.2324486715529382,-7.115111928516493,-14.040052751384966,-1.199324842622734,-0.0254283248134034,-0.9431881625437952,0.2052806514362382
-0.0595793756146357,-0.9940182491098656,0.2235892680848799,-7.609800512176176,-16.05214115026883,-0.9697952559851314,-0.0235585629198087,-0.9612126874647144,0.2007567763640978
-0.0518776966757378,-1.0013048269623757,0.2110357680793112,-8.075433470420279,-18.39637476338645,-0.3564671844776791,-0.0244438904122326,-0.9782386986059118,0.1941213410552093
-0.0590229619163155,-1.025407915278242,0.1970359361409457,-8.656045372104002,-20.44750350379845,0.5404017503031721,-0.0279731561787528,-1.0105032443227615,0.1821690039157166
-0.0760098203806259,-1.0639961603283463,0.1975262104430779,-8.31483015211308,-22.352852762927316,1.3917710624177857,-0.036043289314577,-1.0426209928053325,0.1790084515567402
-0.0814123758613983,-1.0687480206567683,0.2099711047615698,-6.043282350908135,-24.50999438588969,2.088249541519219,-0.0450635113947782,-1.0493135668484044,0.1899041963124103
-0.0887620596826397,-1.061409009575748,0.2298803025113339,-1.778124358803207,-26.875030171291343,2.802299924743672,-0.0529531059076726,-1.0430987588613498,0.1992583290016612
-0.1006041113079719,-1.0404963273977628,0.2438317691042003,3.261879777756556,-29.2482635180246,3.352587512032725,-0.0601546340336787,-1.0230957128335412,0.2149492345734724
-0.1056535576412559,-1.0147392483532405,0.2654283535425343,7.948256563683698,-31.561357615697087,3.894112216591024,-0.0687496218279464,-0.9979311683654596,0.2418505403332373
-0.1154223305537378,-1.010778372446797,0.290120356848587,11.372044470588422,-34.24435802035746,4.230700195364248,-0.0800250349588371,-0.986970135485836,0.2658145953056673
-0.1090221742096636,-0.9929378482634048,0.2943096062906646,11.741044082247583,-37.7843346479611,3.7442759354167854,-0.0725549438276697,-0.9762968322843204,0.2733233222264057
-0.0663564045719973,-0.985502823784696,0.273060109300099,8.668058952948192,-39.93970283318559,2.5322501593914257,-0.0417421314941235,-0.9694901036162212,0.2511752169649328
-0.022503434938503,-0.9833367529058374,0.2267915855660895,2.8416109857081904,-38.48007448852676,0.6994922811802071,0.0020489326613529,-0.9618513697256996,0.2090281389025747
0.0208112395811919,-0.9829435035948562,0.1866048541339566,-5.024150091942655,-35.4428800314776,-1.6262781080729187,0.0546279661270363,-0.9787471951730278,0.1703962196632732
0.070792622092283,-1.043984639226482,0.1729209683756877,-13.75487343142072,-33.884802455421905,-4.387151265103267,0.105528101662126,-1.04705803972384,0.1540153149640122
0.1114265893833392,-1.1353405575970417,0.1744927481674793,-21.35120198718208,-34.924473030933626,-7.29123521307334,0.1540004305239837,-1.1183779781656504,0.1529114615941014
0.1659562948761528,-1.2142717882830605,0.1393472340784927,-26.54590972479127,-37.301164668355085,-9.648644443193897,0.2019638273012872,-1.1812981618084613,0.1192096057155969
0.2322497723000134,-1.2664867328700833,0.0611018326627875,-30.627931042105352,-37.48279141022094,-11.7480114467757,0.2483059119503272,-1.2282607507986223,0.0449641976915604
0.2803800920812227,-1.31706275076083,-0.0062090507584195,-33.03944623147535,-31.617407704729303,-14.24814391821378,0.2938449660851047,-1.272982769261788,-0.0299445248149286
0.307018940832323,-1.374850747944143,-0.0427186069094708,-31.29088422332508,-19.709990262975303,-17.214403245960625,0.3248098018611545,-1.329367220332776,-0.0720320845311503
0.2969956443432189,-1.3947552888428545,-0.0329140977320629,-25.058954790517426,-6.780535611490931,-20.39023112499113,0.3164305474854967,-1.3495900488322508,-0.0626754955925945
0.2485607213000988,-1.396791627603189,-0.0021305499873585,-14.92344739618012,4.084778596300213,-23.567355454618003,0.2709013029818735,-1.3477607426502607,-0.0251215431739035
0.1898438431906972,-1.3744200316043,0.0322591196084377,-2.110190720241067,13.087794440032972,-26.6271296691116,0.2125284318514852,-1.3220788148248956,0.0132668201548209
