ADXL_X,ADXL_Y,ADXL_Z,ITG_X,ITG_Y,ITG_Z,MMA_X,MMA_Y,MMA_Z
-0.1903018495762276,-1.2560000686042372,-0.0235968064808758,-19.42748736278929,12.628477203746328,14.866919689190256,-0.1579981771247066,-1.225812782113714,-0.0446544160482267
-0.1867952357742857,-1.2668239348314123,-0.034144499466601,-16.826652697739085,15.57417487668285,12.298828296940307,-0.1490796726945998,-1.2400383694676365,-0.0639399807768508
-0.1847339366299247,-1.2586432249911217,-0.0543193126505826,-15.15525304477195,18.48256253375317,9.733104313136488,-0.1546644160437247,-1.230205924185428,-0.0841181853879481
-0.1976828323301518,-1.2416022205279889,-0.088917356371585,-15.360007585800911,21.658811446925416,6.6303279283719645,-0.1657784211672407,-1.2047957722245075,-0.1108821679545623
-0.1899578698772911,-1.2155552781897574,-0.1025110613532366,-16.250734573056697,25.90552171993411,2.5242915180384395,-0.1633817436095562,-1.18472186790407,-0.1428461437638055
-0.1780968636489915,-1.192629595238871,-0.1221678944363545,-15.799297816677212,31.040845061732234,-2.8225939885975797,-0.1526151461905271,-1.157689103959768,-0.1579699319955456
-0.1813266298967034,-1.1571906383376231,-0.1424894616892442,-13.20034627103829,35.23316008759939,-9.036237106718884,-0.1536131127348113,-1.1166704852760925,-0.1658168659551764
-0.1725997919567247,-1.1020981550739837,-0.1529534819959069,-9.847101957554338,37.54525033576515,-15.299240791833418,-0.1489249730448546,-1.0761196162233575,-0.1718699978794733
-0.17656207758234,-1.0632847059171062,-0.1399714003093859,-6.528816568658223,38.126953431863775,-21.0253091387631,-0.1414091071898412,-1.0357307066414203,-0.1633283288354738
-0.1725895379225622,-1.018087471073538,-0.1190493856001331,-3.0574401922558065,37.22979777178578,-25.69812776611711,-0.1400026130691079,-0.9952938018190864,-0.1457880421810964
-0.1722389452767581,-0.981359532097012,-0.114825416860146,0.5040976279926804,35.73175329526761,-29.342168836149693,-0.1389641771470506,-0.9589540212518796,-0.1330822746084966
-0.1776675086241446,-0.9696567963721427,-0.0973058953783829,3.2127191348126063,34.122238020915404,-31.588457333865197,-0.13461640782242,-0.932810887335402,-0.1263731534605538
-0.1600517382000057,-0.9591060429921392,-0.0935050236582956,4.639677486728236,32.22001940708599,-32.64219915076513,-0.1280862892831107,-0.9240545982101775,-0.1242999078794296
-0.1621722626919674,-0.9541844588033456,-0.1047741576702311,5.734727766940472,30.387185092888984,-33.24704017501018,-0.1254475570166376,-0.9246747019610432,-0.1263424634268945
-0.1531285022591941,-0.9444802976453802,-0.1026855027418237,7.719817476864491,28.948368321315375,-33.125794387638585,-0.1160846458565954,-0.9211357505578928,-0.1268217246483853
-0.1342395768205193,-0.9419331483252418,-0.1097349437038729,11.561432072158953,27.30304487248056,-32.755780802080785,-0.1146497103765456,-0.9166180836029542,-0.1271683369753741
-0.150190843340513,-0.9445687994080793,-0.115833195561753,16.47956242101402,25.16518250856428,-32.06258265225092,-0.1233340185773948,-0.9173634182842874,-0.138892656810733
-0.1528942200531024,-0.9406337907419946,-0.1217030799486221,20.18636382656829,22.460589841096777,-30.694020457446133,-0.1210016792846787,-0.9145752832739508,-0.1583584436118336
-0.1421013701507852,-0.941384810510048,-0.1444349401719603,20.689287176267417,19.079690739543175,-29.610997527001395,-0.1136328450795384,-0.9131727841405765,-0.1698473114766992
-0.1355005175831071,-0.9377807835246392,-0.1554054315754241,17.872931089448393,15.708043252710567,-29.169173993885103,-0.1004866451297261,-0.9185144008712748,-0.1689429234536939
-0.118517190054075,-0.9298729971475468,-0.1286426833174658,13.818210886555017,12.844736551280942,-29.52197141384061,-0.0861930386330843,-0.90728708818142,-0.1510109962950754
-0.0938063761293978,-0.9112330136913078,-0.0924818093567054,10.06081949442415,10.685734723692306,-30.13235674864418,-0.0698019734718284,-0.88802473646784,-0.1243202446871735
-0.0733098410293515,-0.9026835531264849,-0.0762619160253107,7.143096893915688,9.372532442282315,-30.378798913231247,-0.0468622285218634,-0.8816475073484112,-0.1054164463154903
-0.0543422667711028,-0.9131889111757256,-0.0669592525212546,5.789421483322723,8.801105028635112,-30.320351289448148,-0.0263405817337775,-0.876084999769629,-0.0910541025213025
-0.02926968797619,-0.9158761847028498,-0.0536975042386572,6.454977765339515,8.725375485658,-29.677628734268414,-0.0092995765719084,-0.8826713212878015,-0.0779706105802087
-0.0254781864217058,-0.9259694550608748,-0.0412244522563625,8.854953291820971,8.496319038748279,-28.622901929029457,-0.002788019889533,-0.897238706828205,-0.0651948739903598
-0.0262466053545568,-0.936949472273976,-0.0371962270824209,11.750008750206504,7.716678265163368,-27.13207154799814,0.0031207241491851,-0.9054482705672122,-0.067628381716408
-0.01700628121929,-0.949678193630168,-0.0401001997042957,14.289515926632392,6.627537646022817,-25.80992641741266,0.0116474448456015,-0.9247515660206058,-0.0830845894858563
-0.0151217230495765,-0.9751632799375364,-0.0467859823181721,16.862930710864138,5.875486182375026,-25.15930335537945,0.0181110008634948,-0.9445432409736336,-0.0845460076770723
0.0055704379247747,-0.986776733861662,-0.0467065908095889,19.28154311115375,5.645989968714321,-24.567940981087457,0.0357629674551872,-0.9583604218625336,-0.0809150403192788
0.0231048808446509,-0.9887751179808346,-0.0398434373804656,20.89957578118437,5.925565990899615,-24.3556208412527,0.0484965086390933,-0.9609787244217334,-0.0754338968416271
0.0265663939848256,-0.990142095352623,-0.0474926367473428,21.71548162816166,7.52383492536717,-24.248566445357337,0.050219841448806,-0.9521875207837598,-0.07111353143111
0.0323503395944372,-0.985882251174075,-0.0462982674918852,21.244629766738075,10.297894921553764,-23.98292184052913,0.049376663063354,-0.9532234974457692,-0.067682768218469
0.0260081398696744,-0.9799936287158644,-0.0255268932310309,19.64291428152425,13.404094293833772,-24.129159779744523,0.0502837666066562,-0.9466881903369974,-0.0533488379261833
0.0327047897482177,-0.9670427919509648,-0.0213139621640285,17.98547387476874,16.88767983870432,-24.490750794453348,0.0619911612161989,-0.9333985089406204,-0.0491265412504299
0.0415665251943723,-0.9509435528564806,-0.0255156841400944,16.49997726424588,20.53805354990758,-24.935262700770068,0.0678308686037806,-0.9251919640531636,-0.0458478736935732
0.04552990736505,-0.9432950305401496,-0.0133566319468248,15.660294512377703,23.940870286176764,-25.42274959599904,0.0730606536041388,-0.9148866465501092,-0.0303736471399448
0.0591563858739701,-0.9404477911085184,0.0003824534647813,15.689626511417917,26.71607905051728,-26.07613935148044,0.0824008964281682,-0.9142806026016992,-0.0203316031142345
0.0554963144053226,-0.9449480407661752,0.0001014506657879,16.075124312805965,28.62825717721048,-27.063044483175908,0.0805884102468019,-0.9163720990823736,-0.0167903585547689
0.0518067445006228,-0.9573580205433584,-0.0022608040576196,16.70491875698706,30.27213997095507,-28.29652973328795,0.0831691106869274,-0.9165126042702814,-0.0213292133255886
0.0575208766104708,-0.9599262995898312,0.0045667358390873,17.521449957470022,31.823566419093225,-29.81379831530135,0.0863571542363938,-0.919490183340672,-0.0229399036321777
0.0558023273605491,-0.9505295788180884,0.005504916047984,18.892440852729788,32.876314212554355,-31.375098531814665,0.0838232353530601,-0.9155994823445724,-0.0127922938233498
0.0529372180602508,-0.940756147115808,0.0085890348420623,20.43806424737852,33.4303523259589,-32.73500453324875,0.0885400736691673,-0.9109883602589268,-0.00415670887892
0.0596446491363142,-0.9314366174913836,0.0201607138335701,20.85558346568809,33.63367273639249,-33.82315533636562,0.0939772930153197,-0.9061870686689362,-0.0006824551491678
0.0614237897612954,-0.9136229666213852,0.0160776981401385,19.694916348773948,33.47521105095335,-34.61981491178635,0.0932228040719527,-0.8921961748097644,0.0039834201002729
0.0532844671252736,-0.8946047191790749,0.029391942330385,17.222211540577387,32.93912362484057,-34.92273802652554,0.0897776620197983,-0.8736728160953008,0.0142321593973183
0.0677417884532623,-0.8847594130938212,0.0471806935103491,14.203161399298429,32.41479769045605,-34.45666666537295,0.0912076290738019,-0.8575464951041979,0.0222244304229277
0.0661118100493504,-0.8663519432859434,0.0340354349413719,11.003380019486515,32.00274515697895,-33.48016178805074,0.0891795110586908,-0.8452352363388673,0.0296346918395277
0.0460164091121573,-0.8581049319268246,0.0484119204644771,7.950395629263342,31.374870571435626,-32.04044729116514,0.0785331187093212,-0.8400407599940307,0.0419517955824047
0.0553075112716556,-0.8759190113959814,0.0768857558989708,5.580524395674382,30.58800782164615,-30.351470301608423,0.0721522561582656,-0.8493951776061177,0.0500183855914837
0.0576192768304082,-0.8870386771618965,0.0803593720859596,3.8911227750403934,29.80358178255597,-29.036529308960528,0.0755621872719064,-0.8639370219845919,0.0569430107384744
0.0510745854048933,-0.8979659322466058,0.0789153111214857,3.113304769964752,29.06516565620551,-27.78050141769838,0.0839464615004278,-0.878231947604771,0.0638495174394672
0.0558918500516883,-0.9210493562523754,0.0744184051939392,2.521991144876189,27.890286078386925,-26.49892166003011,0.0925413793479109,-0.8986540536615658,0.0642419718730313
0.0668503780359036,-0.9443803876183292,0.0709131529212192,1.0260830896009954,26.172185228280306,-25.688825952484716,0.1034683285865033,-0.9138564918514086,0.0631762088436422
0.0773328110508221,-0.9519450360881204,0.0802097506010785,-0.4986502186760547,24.29518645276485,-24.77472825654397,0.1080345196687626,-0.9197416590541048,0.0686632027110386
0.0907652837775097,-0.9404790120491447,0.0968564033561379,-1.5251477367297377,21.80274297838855,-23.294187248434906,0.1195435406866948,-0.9159718191615024,0.0813680526999748
0.1222069111235187,-0.935182815245556,0.1115725964871167,-2.4636011595245164,19.23369284242616,-21.55479799033821,0.1492356125302618,-0.9053959059693368,0.0962034757493359
0.1492546016404234,-0.9342439362870536,0.1262375884035305,-3.239887444295712,16.99990794236106,-19.566867447850253,0.1713552808841783,-0.9051717926959294,0.1032142230496439
0.1667509170691333,-0.9344769513965732,0.1105286170187273,-4.505098391873977,14.39183164910772,-17.74430825335416,0.1862588979770139,-0.907181561983602,0.0970545927057761
0.1802986452681041,-0.9416935725051307,0.0941319296508299,-5.991522623308644,12.312928942827796,-16.430707965284125,0.2023393432340565,-0.9077310863110176,0.0895553467880584
0.1875790548561527,-0.9484542145565016,0.11309492215781,-6.398378982718822,11.393903162310744,-15.311083504393697,0.2155018244476771,-0.9167398085620162,0.0853837872881649
0.1934215968291426,-0.9641535269401844,0.1063629687455525,-5.558626289407913,11.293947838292118,-14.153168874251294,0.2215587558001649,-0.926620974584963,0.0894985492103439
0.1847342800567679,-0.9763075246091394,0.1082919573850893,-4.063027881251632,12.006330413731636,-13.038754928198378,0.2156947556572477,-0.9394302243922188,0.1014405359266339
0.1771007912245916,-0.980793641473208,0.1347868401821154,-3.5044986109247644,13.098820221060796,-12.403124884255837,0.2051253240847608,-0.952787720730118,0.1088653705390563
0.1743478090651846,-0.9906248644759842,0.1457020059080101,-3.979455988491515,14.33896110726177,-12.066257202365977,0.1967545730910681,-0.9625194744954336,0.1246255302619944
0.1531466850536786,-0.9943681927494392,0.1620324067089174,-3.9523153792453503,15.495410972192852,-11.48298625659266,0.1851069864939972,-0.9712756728853038,0.1425962415834925
0.141058850626238,-1.0034013583736656,0.1760762984381444,-3.2379424588616783,16.105603186165865,-10.582224131928267,0.1741035898535131,-0.9783979019489932,0.1570455466917966
0.1449587038232379,-1.0107910616894042,0.1935935798151712,-2.1381283774923827,16.195209170777385,-9.59441903360797,0.1701162991888697,-0.9805892530860768,0.1761734079535098
0.1372420441414591,-1.0029457098471033,0.205463538738819,-1.597018449370082,15.742848141363076,-8.583258379362395,0.1639525862077266,-0.9737353299900696,0.1817382095657582
0.123147348046642,-0.9999219624010864,0.2218928062728264,-2.291058251877636,14.728720750170137,-7.639893661324738,0.1584713208709243,-0.976557723675198,0.1901111049301393
0.1093905080721425,-1.0025019455169617,0.2142573069177962,-3.865391055634913,13.36249993262896,-6.987639042036119,0.146636311011627,-0.9826172817947576,0.1831003331686123
0.1064944272199568,-1.004772916037867,0.1244078504043156,-6.348470785878617,12.062755091722584,-6.036162616015395,0.135569683747916,-0.9864723000292934,0.1162628414366287
0.0920316725029573,-1.0241301700341392,0.078234248468321,-11.228386352745767,11.78948299204231,-5.108971016656746,0.1223927293279102,-1.0142761899637995,0.0679722930957568
0.0718907979346938,-1.1027931067154553,0.1312014924624186,-17.721075792764314,11.099369804873076,-4.871702302669671,0.1033194312711237,-1.076325163723476,0.1019764189504723
0.1173027241155045,-1.2191304418375406,0.1758302582184134,-17.798224590140613,8.288172696809232,-5.21587008612575,0.1499829809210626,-1.1709103190511791,0.1464096004879132
0.1820403349298357,-1.295302672113647,0.1660038619177356,-8.499814319044782,6.977166941411582,-6.7617550663645005,0.2184269454924632,-1.246605629431503,0.1396271626273679
0.2181561206792231,-1.3370688966913788,0.1231124310723326,1.355251462708869,8.351064133795653,-9.5866944206819,0.2439682132866939,-1.2920598338126437,0.0959860332665879
0.2399259233691509,-1.367509430978595,0.0635197457144911,4.163202192219374,8.488367479839333,-14.526490329756207,0.2678180384785108,-1.3379034884948102,0.0323643547917544
0.2221256104066524,-1.3599810638137204,0.0125478768164776,-1.308794289705985,6.48817394765056,-21.066468587644746,0.2584013742900249,-1.34065356885508,-0.0204621591345217
0.1934340060805848,-1.314042906597429,-0.0167329980459948,-12.276377440444149,3.910001991374685,-25.80691232140262,0.2233584968703885,-1.292041659017774,-0.0511803826100541
0.1738152452509169,-1.2518154099816106,-0.0561104436158171,-26.49456979964898,3.0829925363841904,-28.81971710339777,0.2012931143733692,-1.2299132031678328,-0.0840694854533673
0.1591614815842805,-1.2070951398078211,-0.0504567380457568,-40.57601789469311,4.172324232259713,-30.91517036152814,0.1864399025831185,-1.1817469997796728,-0.0785916399898558
0.1540787283460165,-1.207853565927768,-0.0077325801773454,-46.3186334973784,3.170116992724916,-30.691474943089137,0.1856200842993752,-1.165961933932296,-0.0386924024991885
0.1474419025770623,-1.2291818773465573,-0.0010234554283679,-39.701564411692445,-1.1672069933093696,-28.86174748549224,0.1884250008971097,-1.1756306377819217,-0.0264066324534687
0.1535464735698833,-1.2485231230361526,0.000370305095863,-23.61131506107969,-5.963454571189841,-26.55957018817454,0.1945066116274039,-1.1982213301358424,-0.0333291414619547
0.1577373547647502,-1.243429490719302,-0.0087814754575041,-5.006056862791863,-9.273202234905444,-23.35824043843837,0.1897682117037877,-1.1917830235846112,-0.0410346643440757
0.1554920181035446,-1.1801337604704978,-0.0074263231325736,7.603677110354845,-11.76279724050316,-19.023664005740223,0.1816791669801358,-1.1422300753701056,-0.0422900654681765
0.1677007184312633,-1.1030955975196075,-0.0118625265164915,10.975678723410432,-14.075340110468783,-14.260195244728209,0.2012376538967766,-1.0914468958114187,-0.0442334619803005
0.1833020264776023,-1.0645672043243763,-0.0350421324065389,6.316030068626129,-15.17627025250122,-9.457855163938952,0.2237025635008997,-1.05151726225397,-0.0518106763220874
0.2113841349465917,-1.044078015490662,-0.0251857711518325,-4.187591915301975,-15.730998226384411,-4.330897277338799,0.2443297553297079,-1.0265031700195937,-0.0569323940945914
0.2450192714555962,-1.0276398133576854,-0.0501329804063297,-17.964678627321696,-17.51561776436819,0.2311538983399591,0.2694798028856416,-1.0196405378631974,-0.0746274298119952
0.2527216235653055,-1.021769375638815,-0.0756900246280022,-31.97678894954595,-20.319497826862808,3.722840556154066,0.2791232644030342,-1.0063208864408693,-0.0907410323187342
0.2527975708350541,-1.013383363974774,-0.0719687083014405,-41.91872668177948,-23.011432337064804,7.527045772642997,0.2810808031868457,-0.9864335070068802,-0.1040817641037094
0.2623715316819603,-0.997817658900204,-0.1091619793420003,-45.27355620715014,-24.276577833393024,12.03170902037999,0.2859433548223186,-0.9721136513844304,-0.1315583495948932
0.2572507605597569,-0.997975171873286,-0.1349867209861803,-43.00513151160303,-23.7110122648721,16.571260343223482,0.2804968021142117,-0.956814370369599,-0.1523319081506891
0.2409785511174766,-1.004729027242694,-0.1487087033256878,-37.36258602444654,-22.271548196447057,21.23414731222897,0.2631254195525999,-0.9536060653112164,-0.174722018620568
0.2207395904166216,-1.0005075329319857,-0.1783743985462078,-29.592403358999483,-20.94491982855742,25.760421817151865,0.2465321620383042,-0.9620405363672732,-0.2084434658133063
0.1936254464988771,-1.011853716906625,-0.20534683139895,-20.39133480244802,-20.620831206716684,29.537466095318926,0.2283952455870472,-0.9724100740946358,-0.2363058618813368
0.1701003530395901,-1.0368877053569832,-0.2195618000458263,-10.854791734631418,-21.32057246732681,32.52834613704612,0.202018490535127,-0.9982964811536073,-0.2451422461312065
0.1440347827425103,-1.056724111814397,-0.2128409717796062,-1.390615818771059,-22.30603638092018,34.69624847175919,0.1749909050306405,-1.0238255350241294,-0.2348773070329184
0.1218023665571106,-1.0695591981817163,-0.2000528004443455,6.533835357582359,-23.216140827943622,35.72981262476723,0.1554774876894102,-1.0381777574382958,-0.2218840276061532
0.0990089879691472,-1.0753109796708475,-0.1709243342016611,11.987247401175576,-23.958669793243264,35.848601675836605,0.1384746637964971,-1.0523760081887157,-0.2008538605325962
0.0803083415545238,-1.0904909308222628,-0.1434533451780558,16.075028630274065,-24.90910603568846,35.789256093163665,0.1241237053306413,-1.0574495958886962,-0.1758512744998521
0.0785714214388494,-1.0896135978079275,-0.1260341728970014,18.449106035735163,-26.19658847480896,35.63430470780297,0.1128767997331747,-1.0492893952561928,-0.1549190072905583
0.0641174914294002,-1.059745804804868,-0.0931751171353926,19.01797969529873,-27.49530102981305,35.63854925350298,0.0956086119276951,-1.0362278491490968,-0.1278906818349026
0.040201188288135,-1.043652305465876,-0.0692053231036225,18.587460940348752,-28.834254505454176,36.54528986556838,0.0740890785348767,-1.0199120477413135,-0.1047878690751466
0.0287171282139526,-1.0220049659823875,-0.0603608235603103,17.952205824729393,-29.90389356396675,38.259326410518064,0.0587028639651754,-0.9933624643963168,-0.0877821852566552
0.0313061950758273,-0.985813402767876,-0.054922821831605,18.60922335206544,-29.985394614298663,40.030788918206255,0.0605790653638241,-0.958160951213208,-0.0787298946349565
0.0335180937089591,-0.9559066906963812,-0.0522097758469871,20.02771553655352,-28.717288442849625,41.18587224930245,0.0646810902100801,-0.926988251745319,-0.077522402833557
0.0329659625454972,-0.9294014999154494,-0.0522661545792053,20.977774247552613,-26.60751718719239,41.88075504952114,0.0655266669752715,-0.9060863494917708,-0.0746109892081635
0.0482546074309758,-0.9197655540564148,-0.0551938929534336,21.59048442412955,-24.327528677748774,42.288582400094384,0.0793063264652597,-0.890484188032749,-0.0782452153158044
0.0553404988746636,-0.8949875038512143,-0.0568972172328214,21.28542454091833,-22.21884016178286,42.09619234433772,0.0849451092135306,-0.8803517944878074,-0.0801597580376007
0.0515403525813287,-0.8656417235503753,-0.0564572005299769,19.78817287438207,-21.1537888980632,41.68150534154668,0.0827000010170736,-0.868460088509768,-0.0772194881200078
0.0541136008003186,-0.8705140064788743,-0.0529983955144247,17.28239650559766,-21.204457975735245,41.25310108884823,0.0801733120076299,-0.8472243560278024,-0.0761617067787583
0.0433003932530404,-0.8567885289068382,-0.0516545921604377,13.6951102080928,-21.49148716661784,40.62754219056265,0.0689291005337442,-0.8332676136052599,-0.0707293241261417
0.0283036256216258,-0.8299369216943537,-0.0490025736281199,9.886087963691764,-21.797473751184476,40.032801960487305,0.0621308242572613,-0.8216645608225035,-0.0675351022474546
0.0222707615459653,-0.8254564107126827,-0.0387921697018449,6.705428963123215,-22.070695065804035,39.41942880525611,0.0504272534367691,-0.8077331582277513,-0.0598861163737606
0.0112641004716886,-0.818788187076595,-0.0189655487631163,4.372319551702407,-22.48605205591587,38.56841474151917,0.0362873137180809,-0.8010688099803903,-0.0475525986634809
-0.0071579303872819,-0.8114720294930975,-0.0073330020304154,2.684093703429378,-23.371095366029223,37.7021601225792,0.0242645776040843,-0.7954079312093216,-0.041776500136154
-0.0253429477151257,-0.8103960573945646,-0.0092288618494657,1.1750846258749048,-24.52610862212937,36.88675726133056,0.002113777714249,-0.793069346195287,-0.0362779090378102
-0.0407450232244708,-0.8098615158792986,0.0013677001095186,-0.1779037911856596,-25.43569153444823,35.99776455740374,-0.0179439412597056,-0.7956372971088514,-0.0325684503601309
-0.0591551163190589,-0.8212265990948638,-0.0029508124348037,-0.9425161975481334,-25.90891074523184,35.45338967993776,-0.0355230089197955,-0.8055461534103816,-0.0305509961774281
-0.074130332673864,-0.8337520420218478,-0.0197867147410496,-0.9137258285149712,-26.2796404834408,35.515347286860994,-0.0519115467255468,-0.8192169171844084,-0.0350325909192917
-0.0886531571548169,-0.8494390952793953,-0.0171688105060258,-0.4534834849624718,-26.59073473222468,35.90823683665123,-0.0639203755211637,-0.8359236541978476,-0.0443953299707034
-0.1044548482376345,-0.8749445144059169,-0.0168248303296592,0.3185191858580981,-27.03855538740902,36.398728168903546,-0.0730387147764729,-0.855431901476894,-0.0471251742668471
-0.1081832162521561,-0.8856423032318668,-0.0120670494972298,0.9854697008990972,-28.12140960615264,37.1650092080378,-0.0799045858866498,-0.865830475889954,-0.0448466315551644
-0.1100829390727767,-0.90189238249121,-0.0131087380970301,1.027733520629997,-29.529215873857385,38.24727154040447,-0.0825519646300774,-0.880855822095264,-0.0379451446948654
-0.1113660276070533,-0.916894544505946,-0.0212939539375649,0.3477988904604852,-30.80675700817517,38.48877907008941,-0.0765609573853022,-0.8892978783513119,-0.0404941745025245
-0.1085336869699076,-0.9074119005305336,-0.0110626714919768,-1.6232067857082104,-32.07309327487772,37.7033691773305,-0.075161154260879,-0.8840298509619254,-0.044260170792876
-0.0980830732774309,-0.904512126577742,-0.0090510208100691,-4.236644358868332,-33.291579454368694,36.56933494646872,-0.0697354723101671,-0.8854141597082934,-0.0345928368493336
-0.0891187974161161,-0.9016648571474885,-0.0131369710979969,-7.118527850402078,-34.01510145702162,34.27275787634092,-0.0597451104075624,-0.8814698210746799,-0.0355994710747635
-0.0835465846834032,-0.9004581581016458,-0.0103413506109817,-11.153112270633033,-33.88656386929915,31.40762664877407,-0.0550738649714247,-0.8836318169063528,-0.0406688147289936
-0.0622406142048197,-0.9109023114126454,-0.0142756180685803,-15.363709987123494,-32.64704217420635,28.696115305109203,-0.0382800939674893,-0.8946796373718073,-0.0388597687027423
-0.0539853742338729,-0.9201751550628576,-0.0198921952595271,-19.08269411366769,-30.285677314772,25.184813153575732,-0.0312562280940252,-0.8998496629291621,-0.0414996835807573
-0.0532659548436281,-0.9346538077829228,-0.0119542386708942,-22.540052378037995,-27.42150520213493,21.98813692261635,-0.0338289953824507,-0.9090604484719804,-0.0386341913317453
-0.04595323086941,-0.9448231531803308,-9.45441019635433e-05,-25.03033226336502,-24.27841047953661,19.89200743380238,-0.0226579616459956,-0.9191143202045278,-0.0294885240216465
-0.0492265392272676,-0.9561946958601244,0.0009317286391838,-26.31847928193612,-20.658470025461806,18.26525164453416,-0.0235656705288888,-0.9301282260790564,-0.0252080575316276
-0.0563750122892034,-0.9716651683179578,-0.0007201011026688,-26.56686340744309,-17.281068867178625,17.290430491744807,-0.035718897867881,-0.9363993628183332,-0.0248727536363998
-0.074622030374248,-0.976406652553056,-0.0061305354339102,-25.751593331272264,-15.09959850033436,16.553419175994286,-0.0463805253870281,-0.9394748002367824,-0.0279891594798909
-0.0939682933603368,-0.9811182099578368,-0.001296641511009,-23.377033003462387,-14.220702583656877,15.84440211602984,-0.0623740654413528,-0.9457885531168012,-0.032871344129376
-0.1171437514104388,-0.9834260852122642,0.0023915048621327,-19.00603444102454,-13.686116420736758,15.229404573831342,-0.0831754749584548,-0.944521506954112,-0.0336803364415545
-0.1451680161746253,-0.97747909716517,-0.003621176753359,-13.496221927727174,-12.614801158494068,14.669483813510556,-0.1135336007640386,-0.9412282930322248,-0.0336850991432872
-0.1692611329109083,-0.966725167285802,0.0117434354372149,-8.385793708715752,-11.559025258473948,14.52854128913263,-0.1435673978875254,-0.9331424614457616,-0.025738077521175
-0.200848500790395,-0.9544277302625246,0.015581438712279,-4.8924838407046725,-11.324919595614924,14.276338581768163,-0.1652606811697308,-0.9203903936685208,-0.0106288062376739
-0.2130138440225815,-0.9418024464761036,0.0169802841998691,-3.62549356384718,-12.091990787729936,13.514431209674107,-0.1881354573292841,-0.9116726673871424,-0.0048285172972206
-0.2184049899562214,-0.9296155894655522,0.0345787787939546,-4.216766945395262,-13.518691655751793,12.360738923728723,-0.2022571435855777,-0.906162730635758,0.0033868911783832
-0.2337708299672746,-0.9272045649246116,0.0256970691464932,-5.1630128868302565,-15.0931372669085,10.740868452885383,-0.2017563266709374,-0.9073350045272032,0.0118058466373344
-0.228693223011022,-0.9299957276802449,0.0336939425310937,-5.8406115073627065,-16.282963704006715,9.348473047478604,-0.1978286040800759,-0.9090590394935032,0.0152944084480208
-0.2172393275612382,-0.9359672232496854,0.0560617585294073,-6.382780129471246,-16.707052404452536,8.0609098158006,-0.1915927844098585,-0.91002270510824,0.0297549016756314
-0.2090499879312746,-0.9357927667936357,0.0529513972006118,-5.549552687834496,-16.879588910421695,5.837676643590301,-0.1785986447775702,-0.9106303251410218,0.0447441638258757
-0.1938232144180665,-0.922911443079394,0.07094198569866,-3.8659381301604543,-16.65353363171509,3.364838049277506,-0.1611418265798068,-0.908174397920483,0.0502785380252499
-0.176302817748203,-0.9263765963429876,0.0860638955864742,-3.3649831061629927,-15.407148895925095,1.2399790071007557,-0.1454364575632764,-0.9091446032910558,0.0565095123315459
-0.1685630426893987,-0.9379117402013486,0.0768577039578722,-3.97713690086748,-13.55626399350346,-0.7904410704386584,-0.1360046286548657,-0.9137178971166942,0.063288174573375
-0.1609712936533291,-0.9436282711926092,0.0811019596064104,-5.028014463334601,-11.730176547164987,-2.544356988286746,-0.1288369676883404,-0.920054483041242,0.0666210324582167
-0.1405919748790972,-0.9654073891758916,0.0812216880650065,-5.823187053266074,-10.003693356682836,-4.151862926108689,-0.1157188771969234,-0.9326544306485004,0.0688854141177205
-0.1286084868177286,-0.9837037600259284,0.0598642864512508,-6.7132771388927255,-8.063640751935987,-5.54840424028932,-0.1028552838411304,-0.9556220894901614,0.0436687361070896
-0.1032444530890916,-0.9930303434697104,0.0223735429366238,-7.999964629965762,-6.371519418651514,-7.826830950485402,-0.081129620032021,-0.9784394555184128,0.0006846870413822
-0.0949240935849876,-1.0355176172608225,0.0083117643123678,-9.115153526915964,-4.246795569696519,-10.293548390515092,-0.069479219107856,-1.018759806365465,-0.0095404699626097
-0.1251466154134188,-1.1144355389806495,0.0266073642869168,-10.46102465088915,-1.564089608021557,-11.230885395632258,-0.0900989533747655,-1.092920172249506,0.0003602093358312
-0.1208035687799697,-1.1805835950398065,0.0355908451923893,-9.748431185281824,0.3659339420256977,-12.388005711655367,-0.0948410559160634,-1.1528776666579073,0.0151451439321447
-0.1474521325394032,-1.2310177119379184,0.0329545269201199,-6.852445357775036,1.954412625101786,-10.677216343204034,-0.1117459955308002,-1.2078475035415872,0.0167519486440851
-0.2004684947139983,-1.305019402258555,-0.0073428740403468,-6.617538745168437,0.4760393677293726,-5.467291103128054,-0.1519897608093945,-1.283428225013913,-0.0281782657770608
-0.2183823335833969,-1.3458015461471589,-0.0752599730157418,-10.89251244409362,-5.187136090312982,-2.4822316661272588,-0.1712951084105622,-1.3308072460775306,-0.0993841703000696
-0.2467975459625884,-1.3349360276376077,-0.122075648098352,-18.60504022349105,-10.930011918225627,-0.0612202086175282,-0.2007062561322631,-1.3272050842762015,-0.1471708710161663
-0.2552594861347784,-1.320307981537903,-0.1316450023053773,-24.66862675850526,-14.446142720182756,3.2292176733753446,-0.2188078136308943,-1.2869375644932988,-0.144535604780417
-0.2625481113678455,-1.291326009495251,-0.103374295548876,-23.951110239991323,-13.94382150420263,7.251449269933136,-0.2269295425082372,-1.2557648014034846,-0.1245202538443778
-0.2884477990223055,-1.267615144020513,-0.0868152429095957,-18.80682741936658,-11.260475319733864,12.359222608589898,-0.2589475213931994,-1.244023274456663,-0.1131362056225392
-0.3285096416299317,-1.252627152562367,-0.0961699563413501,-13.973347263321434,-10.018169892414534,15.266563136307624,-0.2909925821598328,-1.22352912847292,-0.1163813555471107
-0.3587548013460488,-1.2423373400085846,-0.1255132582502725,-13.047838271002922,-9.786603297858894,15.843688387777332,-0.3121801874260279,-1.2186930707640828,-0.1476867366682445
-0.3176955387812962,-1.2447026757285822,-0.1555511223784266,-15.907253171009543,-9.277083823632376,13.753507642192227,-0.2908667847894507,-1.2225242808335317,-0.1693972976629525
-0.2711009566686201,-1.2539593814987235,-0.1345856953545187,-18.01473370997893,-6.981678397833805,9.7753119305465,-0.2411296859278914,-1.2224025137870331,-0.1559924757855888
-0.24672968387951,-1.2697449421265228,-0.1071286076560998,-17.69590748766365,-4.022847474679681,6.799944858496591,-0.2094834658864319,-1.2344131695494505,-0.1367267017406185
-0.211583988157065,-1.2632215469139734,-0.1064934001074869,-17.550089924017474,-2.300566269649691,3.6748819856780544,-0.179353077186114,-1.234045171067773,-0.1287746091647378
-0.1796541789783161,-1.2509460232274,-0.1078851822311366,-18.928141046619817,-0.9169288031360452,0.4387168350728957,-0.1531370115158182,-1.222733057513914,-0.1256236196256666
-0.1671567175184251,-1.246171148837814,-0.1135022349173193,-20.59424221456024,0.9352295882038316,-2.4601193757048976,-0.1396835838192981,-1.211570080800122,-0.130775399221604
-0.1699552862715575,-1.2291976025521758,-0.1296117503964742,-22.058225793085608,4.12839076480212,-5.775999689033939,-0.1346744183631734,-1.1851125592438534,-0.1547533296052357
-0.1735426499352585,-1.1883367706028771,-0.1607668959873496,-23.41624974484781,8.747289860061183,-9.551655567858722,-0.1465362784166869,-1.1548299152465746,-0.1839273641287671
-0.1843407606646625,-1.1358849797567043,-0.1792145704913966,-24.296820994050567,13.780921838918356,-14.138714268499973,-0.1555613347976537,-1.122800165076777,-0.2049534295711727
-0.1920816406080311,-1.1019458354729943,-0.1908508879899842,-24.756969884836256,18.37070762251938,-19.256471516761312,-0.1594104084781278,-1.0810583629520387,-0.2166499995187259
-0.2013326539112309,-1.057658169088397,-0.1977436011113478,-24.032451172241945,22.05955536320756,-24.51959909001785,-0.1712899727182225,-1.0394189595437004,-0.214571870025541
-0.2153875243616211,-1.0159896800727874,-0.1836247930806412,-21.729873694266303,24.020350811609628,-29.319086743268045,-0.1765747039816372,-0.9942777888227315,-0.2103527769453237
-0.2198482476081542,-0.9836067478199042,-0.1871278029507318,-18.94976221567446,23.63437134693654,-32.97260784441729,-0.1837569513320659,-0.9478805355165794,-0.2112600341374677
-0.2266384890548806,-0.942264185291334,-0.1874681134633298,-16.504217277129737,22.207783086211965,-35.11711415233011,-0.1927044323866383,-0.9169872279346905,-0.2109313560411508
-0.2229780123895652,-0.925052982974945,-0.1906584787152618,-14.992321738814528,20.423624019335676,-35.957122367181185,-0.1861477238928409,-0.898180258410577,-0.2217115556535656
-0.1989051783214889,-0.9069613055053624,-0.2257710469529246,-14.472347621014274,18.388216555577884,-36.4356949956681,-0.1669640066538911,-0.88632812898797,-0.2479762291608926
-0.171325861440388,-0.9049262886842826,-0.2447375174860235,-14.899107889813356,16.31116512802536,-36.61352794375465,-0.1425494422879428,-0.8836673909234074,-0.2735940001737691
-0.153149514755849,-0.9243242866568409,-0.2502017197407555,-15.876576760629392,13.746887731722152,-36.45431783397099,-0.125800122335685,-0.8886584957656523,-0.2850791763749434
-0.1499559482605165,-0.9250544276905702,-0.2449972898325276,-15.286822182075875,10.833710124426498,-36.239879089620175,-0.1112753315893129,-0.900948138561978,-0.2748699508115381
-0.1372661406351209,-0.935520029499798,-0.2177602996017734,-12.200895758374443,7.737448398882815,-35.87736456979969,-0.0953496298153284,-0.9036239359678048,-0.2525288708864306
-0.1127634995122888,-0.9291488209427434,-0.2070397121630239,-7.521721817138474,4.458006409965382,-35.374430947635375,-0.0817179943506807,-0.8963925518870093,-0.236565748623814
-0.0878444555377007,-0.9223157321301656,-0.2086028700356162,-2.3395485562311147,1.0201221319241,-34.82016768169299,-0.0593460281787773,-0.8944508537578968,-0.2332111383792695
-0.0419818001225776,-0.927959840649055,-0.2003702537414562,1.99608305889062,-1.9231566510465996,-34.34165031003089,-0.0272248833654417,-0.8863464802103179,-0.2297039161075328
-0.008980387375051,-0.903307769547317,-0.1966052426853279,4.918318827083579,-3.16552485620707,-33.757388790695536,0.0045982436903222,-0.879380144374997,-0.2180032337620046
-0.012785814313632,-0.9002102053819987,-0.185894683149722,5.824570397206088,-2.65491399175799,-32.94728676546734,0.0152070655253616,-0.8810781026433334,-0.2083787130303842
-0.019234146192547,-0.9097167633243166,-0.164047919371245,4.883395800786101,-1.470683414271356,-32.016003264469326,0.0046082286038551,-0.8790028701139234,-0.1957279254088658
-0.0258645942817583,-0.9090714717302256,-0.1458083637848399,4.337683462269701,-0.9323649028154234,-31.028369692639828,-6.544450566137606e-05,-0.8804636070758638,-0.1769515295081346
-0.0296208361927724,-0.9171419852039212,-0.1352508629745837,5.405970872790171,-1.4345321027496676,-30.696120825857506,-0.0023413280989335,-0.8870923360000839,-0.1646922302199722
-0.0400765349025614,-0.9255007802505388,-0.1381020058018947,7.581378554887948,-2.319247989699762,-31.05923425679484,-0.0191324050886768,-0.8942043784916577,-0.1583276546972352
-0.0530469313847199,-0.934350734496801,-0.1285474468956887,9.93619527935987,-3.5241282398902865,-31.580328328765106,-0.0255432805093634,-0.9001469088578666,-0.1570323157816197
-0.0455817874424341,-0.92986721223976,-0.1249906009318855,11.516978467165416,-5.404911469883752,-32.59245821398508,-0.0139614648343514,-0.9033465036959688,-0.162984499440582
