ADXL_X,ADXL_Y,ADXL_Z,ITG_X,ITG_Y,ITG_Z,MMA_X,MMA_Y,MMA_Z
-0.3218794053172971,-0.0960723597248793,0.978660550909114,-27.71259959839293,1.387884812877156,9.411001331017802,-0.3075199110130904,-0.1061279842284479,0.9719885914438948
-0.325195432782322,-0.0996004250230694,0.9845502745315592,-28.936751572905145,0.4889207370483839,10.437727467428427,-0.3103026090686913,-0.1108577114227486,0.977509068325499
-0.320500675313964,-0.1115018367416304,0.9854862802534832,-29.5283253680464,0.0601842832436986,11.437137741781502,-0.3097192376250237,-0.1179837065894374,0.9795298399860066
-0.3165650175071866,-0.1247263517491298,0.9887842359351002,-28.953562893158683,0.1196225703313513,12.26955815083018,-0.3087863635653695,-0.12539240264323,0.9796861205245108
-0.3330103850770126,-0.12702321084409,1.0048381429254962,-27.364002897262196,0.5260886611255268,13.191713232657444,-0.3157519917272789,-0.1325266542599885,0.9897372039973704
-0.3209808988210265,-0.1393157185081014,1.004061575889176,-24.20214582282997,1.1314111084197993,14.3126385877566,-0.3144923510892469,-0.1447362799222885,1.00021126225514
-0.3173580029238249,-0.1603220649993772,1.0115298686831635,-19.334848221356705,1.6821212467357185,15.18330982076893,-0.3069058314979243,-0.1568141331376877,1.005055982081288
-0.3184279210760763,-0.1622450195215241,1.0284422570365754,-13.36707102553176,2.039531598155179,16.095940676395955,-0.305320451887902,-0.1610284347340396,1.0111266408951984
-0.2946503437717895,-0.1625861997985301,1.0314469169401144,-7.191205875373259,1.8955082954013809,16.843024141942582,-0.2941615476511361,-0.1688878315525188,1.0179467541137477
-0.3049567341294768,-0.1665347222396694,1.0398995907693145,-1.5778533634646377,1.7945968744354264,17.20952637019917,-0.2970251225048552,-0.1696049605110534,1.0347772211622983
-0.2901900683090835,-0.1676153251975397,1.0462891847499252,3.760161527115663,1.7848286566289109,17.966970475898332,-0.2878552567182006,-0.1662670142923129,1.0428537029357834
-0.2959273309696409,-0.1508826000059495,1.050393996085878,7.67803126265538,2.23698914653224,18.076777880186565,-0.287502301960778,-0.159687348881657,1.0424890729254852
-0.2920261967702555,-0.1347235271066099,1.0503232465300585,10.570191835870643,2.5213643171776874,18.49378343287544,-0.2834402587770014,-0.1466136624240412,1.0530066190130063
-0.206253432438135,-0.1288556010375155,1.0406877450637468,12.232347776245703,2.4590325400989723,18.53423226439756,-0.2076984027240531,-0.1395040450785294,1.0443511705721895
-0.2245870701216502,-0.1032875010172365,1.0551877021371168,11.991030589558695,4.706026113602069,17.981841361518743,-0.2079173615132331,-0.1173482534809219,1.0550790200466764
-0.2191019449861109,-0.0968590625584392,1.0721320582872296,14.442631868269576,6.333821955447291,19.473379880284767,-0.2064287948747278,-0.1041856991260855,1.0789055548055375
-0.1328064542915367,-0.0945979528595366,1.0523002734608533,17.846081600289438,6.980544534977459,17.71237098709234,-0.1284058073571624,-0.1020038388741418,1.049663195099177
-0.1616398143697352,-0.0808014182126457,1.0361748967290585,18.313117544896443,10.803834665611506,14.110263348239087,-0.1599622214355884,-0.0845152236262121,1.0316091941565884
-0.1969292281492366,-0.0830412994226046,1.0250300764408389,18.82078247300522,13.812203621617176,13.71558390189982,-0.1947108152227867,-0.090689941234372,1.021717945766898
-0.2016814095724641,-0.0675411112129643,1.0014850859720448,18.04709154892244,14.808843741303924,12.490794362636976,-0.1860477442923577,-0.0895023633423126,0.9890449702690606
-0.2074861707732075,-0.0463202976187986,0.9928364969430415,15.127647648347695,16.763086591191104,12.102481775726208,-0.1969224400163417,-0.0647915472889587,0.983578065180607
-0.2113864078357936,-0.0279499033013775,0.9854659089701828,12.189680665881175,19.747457205891266,13.95541340243299,-0.2000524863021339,-0.0516311706418995,0.9797367525001875
-0.2267197418869781,-0.0099175352766005,0.9808021067411772,8.295570202124424,24.37449263185913,16.24514507206451,-0.2206952604410053,-0.0356554832291989,0.9699180723429308
-0.2210346925912864,-0.0051991625211722,0.9837178198829772,3.050698549930498,30.063261255300144,18.96772710412974,-0.218816244991192,-0.0289670878396759,0.9736116514820118
-0.2298717115552178,-0.0073229074351528,0.976808022525804,-3.3822066403718285,37.28104876170132,21.29212752759449,-0.2178527054212096,-0.0310474864277693,0.972860329933868
-0.2344157376106946,-0.0230418930362485,0.9764555453404632,-10.391217413561275,46.66699713372305,24.33843303601336,-0.2382197569421637,-0.038275842363452,0.9715467576463662
-0.25902043120599,-0.0430345274977658,0.9841134936425,-16.737855658357194,56.16640983770507,27.743191138988127,-0.2612026857191546,-0.0616619669789,0.9776439525287954
-0.3047903518126653,-0.0681470480045553,0.9864251785323908,-21.377877337404087,64.34309045056908,30.92383944018514,-0.3016856859883603,-0.0826101828010568,0.9788250743124473
-0.3263646318384552,-0.0873954834077558,0.9738997191115482,-23.890023810948573,70.60509514222422,33.6105815503191,-0.3299751188887267,-0.0966096865673908,0.9660569380340482
-0.3732080707117984,-0.087989300945181,0.9541896420972265,-24.562265263560853,75.1470999416242,35.017555197595655,-0.3589774127666603,-0.098666256861651,0.9522327205493346
-0.4031694323409796,-0.0892262288326967,0.9334594569456084,-22.89376965801972,78.64462104275556,36.55846311786361,-0.3884549206363226,-0.0966246020040712,0.930438834690204
-0.4152613925423116,-0.0818936679276078,0.9045599729319856,-19.359507466700272,80.75484315791559,37.854386477894536,-0.4088162787239826,-0.0922672200012304,0.9019804034540592
-0.4327344721162783,-0.07369640773273,0.8823271983909042,-14.32621490245773,81.16262380773908,38.67460807327727,-0.4227560425725768,-0.0809609169879135,0.879989390810033
-0.424752620506846,-0.0738164654022441,0.8557660728415593,-7.177511741923263,80.63432836172679,39.136574828648826,-0.4092202248578352,-0.077708692758626,0.8501877803672638
-0.4051664546997974,-0.0607441704760734,0.8246432018033865,1.0781563560574694,79.76644105437187,39.415581511051386,-0.3876975798983639,-0.0657153960382632,0.8248103537430741
-0.3778162595520049,-0.0453497828340957,0.8049715175565426,8.528047851730413,78.95199751085937,40.63915783947303,-0.3720146903203982,-0.0517150216060293,0.8016345907311277
-0.3562370202412337,-0.0255875836393192,0.7835949169792121,12.84421131197943,78.5937449241521,40.53987448713015,-0.3433283262780321,-0.0415717087578475,0.7763654137413214
-0.3315587224259305,-0.0068683233255769,0.7756937165557176,11.917644456645132,78.52744965914985,39.10041132197743,-0.3176825576397393,-0.0284836348350478,0.7725668585947058
-0.3183331780947522,-0.0029013136602087,0.785183003809765,5.595339644004135,78.42250208051401,37.05276635976176,-0.3141813522408532,-0.0235265267582602,0.7790458684284962
-0.3036393415586898,0.0102296991604709,0.7942817468513543,-4.3805510552199225,77.61830010562889,33.8747244132839,-0.2960129786895673,-0.0167506638738323,0.78419271177281
-0.2838568406105881,0.006878900413051,0.8026156543312359,-16.566518644805146,76.27687895908467,30.246559300612823,-0.28447010315853,-0.0206261707453089,0.7878952600220138
-0.2884553250393956,-0.0002111936247337,0.8094874529375999,-29.215127841336752,74.81106638784537,26.105355962439425,-0.2765684114129662,-0.0219298687948135,0.7944878197193667
-0.2734268976440093,-0.0022344169460971,0.8121760462303982,-39.62420737379671,73.09395705264832,23.916356087789083,-0.2489456868426742,-0.0288419520540773,0.8029366204035882
-0.2661156361032412,-0.0301899395222277,0.8129135418032826,-46.79095706151694,70.72865430619743,21.35418647529268,-0.2553876560744638,-0.0500591564009705,0.8044736851789037
-0.2625841972964845,-0.030471502561153,0.8215070365821211,-50.75221326998139,66.92215679877911,18.373142670828507,-0.2523542122671547,-0.0458130047706101,0.8055322822576283
-0.2793748565149425,-0.0329948833344188,0.8169112459449334,-52.9806985082913,61.63798532925676,16.94987237621468,-0.2625139550422583,-0.0542372756929326,0.8068284639843943
-0.3223132420478987,-0.0638172673207288,0.8038404158342145,-54.50632771538142,54.34037345128544,13.511687198018125,-0.3080469675753262,-0.0695883946576249,0.8051757978311582
-0.334924264966976,-0.0736901146910113,0.8092814608206689,-55.068958388314655,45.40274380342929,10.485168605414698,-0.3235495728858754,-0.0743721775851918,0.7984520519322456
-0.3710641347615258,-0.0662334356233105,0.7942935697708903,-56.16282153930234,35.70677429152967,6.75757127473953,-0.3408659636250234,-0.0826716455749371,0.7861555833464434
-0.3973068871157161,-0.0694243086211167,0.7779859752132258,-58.06169370539768,26.00720479485243,3.7910162144024486,-0.3641802618216877,-0.0800250602692174,0.7747151676144082
-0.4254981664882981,-0.0935357269943653,0.7777179719047241,-59.96290016976116,16.946598293998953,2.444035479190045,-0.4074164322179817,-0.0926944268701569,0.7656494700671618
-0.4578936369731708,-0.0879061936178321,0.7577556174852644,-61.69550356709136,7.156475643191862,-3.2526448227300926,-0.4294497860910496,-0.0984410462944311,0.760964589231824
-0.4081845902293305,-0.084717942356634,0.7680598809086453,-62.84811527939707,-3.4091991346432606,-8.80803398264231,-0.3863662806637722,-0.0947655842400576,0.7646820691605357
-0.348008534555124,-0.1066704645686381,0.7877205690966631,-62.58366588390536,-13.48375314157023,-10.358487003808705,-0.3383418886596336,-0.1135660483999351,0.7626150544219457
-0.3507058322752196,-0.1160434613385551,0.809027050882194,-61.21785106389107,-20.86552024092813,-11.8934727405508,-0.3292900252775023,-0.1318194015189637,0.7967406560135449
-0.375492510414624,-0.1347901465869469,0.8638776993445066,-59.207998373335386,-28.440734611974666,-17.80605769608293,-0.3539173043180946,-0.1385144493975876,0.8608018782809578
-0.3838596090537718,-0.1366273286374672,0.9065847401395212,-56.28240479583443,-38.45171138732883,-22.292736218306548,-0.3624191032723514,-0.1388869977788261,0.8870312315106181
-0.4243195681642685,-0.1408737494676206,0.9651230070629098,-54.82994644973767,-47.69621625556054,-22.033600531957998,-0.3980817535455334,-0.1527794915936222,0.9390513946460128
-0.4957229338640346,-0.1725344746309224,1.012912981436505,-55.5423663723544,-57.33180363928961,-22.601000253136828,-0.469042267560387,-0.1842230215110965,1.004235688266157
-0.5592541848278905,-0.2132113009888377,1.0724142893390085,-56.48300548423529,-65.51221232957413,-22.338398294817686,-0.5308784708095821,-0.2249146790734965,1.06707759891589
-0.6341262016162756,-0.2598890166987455,1.1335425154271734,-55.79421870346681,-71.03082519516948,-21.014938892676973,-0.6145043384674149,-0.2702551152931541,1.126670378128841
-0.7131396452012075,-0.2817576830799193,1.1407184272482946,-51.27969603742028,-71.15049979227858,-18.50446840138391,-0.7026128996581602,-0.2994992897509779,1.14028766931347
-0.7549059747617508,-0.2818585629641814,1.145043064625003,-43.55603249154326,-65.36364703331289,-14.076595803633143,-0.7552965355608445,-0.30072666107424,1.1442469155397887
-0.7437271334184575,-0.2508228059081181,1.082293531472556,-36.35608969147623,-55.53304816123945,-9.435109378351,-0.7503278719437156,-0.2678985213550762,1.0861910172163112
-0.6649175503677525,-0.2199629065751367,1.0590561508514345,-30.538849566530057,-37.36721295774824,-4.415749915044759,-0.6755418861568473,-0.2296598733471598,1.0590797628260962
-0.545138174518706,-0.1938727582200489,1.021230821302479,-24.52307554601832,-17.181006928598165,0.8067087528788242,-0.5676348398634932,-0.2013383436290991,1.023583934076314
-0.4711565258758082,-0.1930712537182485,0.9651072261000307,-20.015391981968463,4.757892608764948,7.827472148002295,-0.4800436003516801,-0.1916131866112596,0.9653928276571044
-0.420390939874439,-0.22808868234283,0.985754994003848,-15.1551574518479,22.78992284179304,14.496551193318176,-0.4207935824846611,-0.2146115062914363,0.9686999450986546
-0.4113834495760005,-0.2124248513348298,0.8951336246354954,-9.801330385856096,33.69107948720128,18.8143958491678,-0.4040736467084826,-0.2223320886556205,0.8893642022171071
-0.4014697775287691,-0.2430782516917704,0.9293958798736176,-4.89401013315715,41.794772561567264,20.989924711114654,-0.3883025322479367,-0.2372848935900291,0.9209209677833008
-0.4014093522850274,-0.2248649483799435,0.8784354256335525,1.371449244398196,39.59746851545277,20.88952269911916,-0.3880673964894527,-0.2332214790641865,0.8712092151243346
-0.4497357147512185,-0.2157329614389415,0.8653757910821596,4.771086419507472,40.93476512772168,20.03796770438045,-0.4135483359849961,-0.2167010196526523,0.8650667478869287
-0.4044469674173545,-0.2459452931409521,0.935596726369688,9.69940854240503,32.00943434436098,17.240793273126936,-0.3933202500121773,-0.2338036095126887,0.9237094443573722
-0.6465793766815748,-0.0135694782817402,0.4586512589779104,9.342686337499472,30.49855454639276,15.649416316836785,-0.5966945798661556,-0.1302214831008436,0.4938909471069606
-0.9020965379123744,-0.0436127770237795,0.5324160128402912,2.166467181222372,57.29396206885672,8.913785313188551,-0.7894708482414382,-0.1074193382921093,0.5590047692780675
-0.5874288133856589,-0.3180068212567865,1.015744375521163,9.933446022431465,38.5987692986282,-6.644591194770895,-0.5393679037747617,-0.2833090305384204,0.9838059691207758
-0.4042869037219799,-0.2794724496608779,0.9864064743097424,17.196913202201607,-4.709860033825198,-9.612255191623213,-0.3689907093970757,-0.3089846711485174,0.9729640406918224
-0.3846540423281763,-0.2469548170287595,1.0213707863763763,12.851930318951569,-22.446126692199787,-1.8751032774931544,-0.3520244820981498,-0.2526976641134186,1.0168814699484297
-0.3121397095870522,-0.2612731149327286,0.9128158272477536,10.588496936437643,-26.28468224469055,0.2157349548720719,-0.3231679707618,-0.2613076679418348,0.9041219894196212
-0.5260568624205627,-0.2495594444824487,0.8215858106406171,8.830304770915566,-9.21044466326382,2.174736199858004,-0.5237989947318603,-0.2599221538698981,0.8068677794405651
-0.6386157185490395,-0.2679691003556843,0.861998959874301,11.577230367619418,-2.147566760572117,2.012739751805707,-0.6281926588807731,-0.2623969591800961,0.8423934217028171
-0.5459281872579875,-0.2499494460812277,0.7987794238077757,15.785438887233976,-7.509172810567545,-3.074910548335386,-0.5380775458020953,-0.2607288215139112,0.7918814598534698
-0.5138973694716615,-0.255953969798395,0.8673712990751417,17.224715888481384,-4.382996241510417,-5.593073148140481,-0.5086424913030789,-0.2650779689209104,0.8547208566477202
-0.4908122259920584,-0.2610006982695637,0.8952549474526367,20.57773813875532,-0.9278456258139808,-6.454301178088506,-0.4901176744536282,-0.2730056537988091,0.8806455862951954
-0.482647554123611,-0.2657948795937627,0.9084719736769656,23.962080948521645,5.890032258966187,-7.61589808513879,-0.4774613333948745,-0.2692048707251555,0.8980304114702828
-0.4741739529727141,-0.2581615821488591,0.928917149807037,27.192954126550863,12.070305710455276,-7.941656732868445,-0.4625216828327689,-0.263335611593818,0.917033713588728
-0.4510867724667896,-0.2381199536653919,0.9208053107246086,28.81685652413468,17.080280420156175,-7.8281891434848445,-0.436686971738,-0.249692551842509,0.9105785471761552
-0.432214527294281,-0.2313873205051932,0.943882169048863,27.718027170088774,20.7338184042579,-7.300946415811027,-0.4177305435777123,-0.2348154963135999,0.9388269124014516
-0.4186172511517249,-0.2059505079703313,0.92662129193585,23.528764795828696,21.285979770146582,-6.74978141311713,-0.3958198078873184,-0.2199427871063047,0.9169401926547142
-0.4067528713711988,-0.202818155418762,0.9358166833337817,15.917845079947448,21.84545946478344,-6.5994602135153615,-0.3888968260093907,-0.2177692964722429,0.9203299926106268
-0.3906494908318661,-0.2179762822351433,0.9302509376202248,8.464151462413891,20.41994538066836,-6.710449403693818,-0.3825188116735064,-0.2309820974495498,0.9273020984275682
-0.3872013415149695,-0.2311447702210879,0.913422081321464,2.5628628572522905,19.354820740920573,-6.522858730980827,-0.3766155524423927,-0.2464817469134005,0.9111484145133436
-0.3873484604660862,-0.2481757148394878,0.8998838473568528,-0.7622748705680742,17.418504282203862,-6.12106549598726,-0.3723897223444909,-0.2579908894829911,0.8930915144066565
-0.3988605399049466,-0.2534449185962938,0.8548921911324057,-0.92908729519181,14.572493060795509,-5.844537023837948,-0.3761668465358795,-0.2588691264580842,0.8517464939674075
-0.4131995058359229,-0.2517630990027333,0.8353884859470837,0.9315120688947712,12.137619627989745,-5.519073598411896,-0.3918594708665954,-0.2568551872765192,0.8248461747161782
-0.417116296340537,-0.2486376596363705,0.8084645280696297,4.155779601078278,9.076261106192636,-5.160196838184625,-0.4016629026515537,-0.2540062363165384,0.7954109381364093
-0.4324393272465743,-0.2493464211665244,0.7963199273891317,8.224634323836742,8.205543258632483,-4.632170952650979,-0.4160501379840288,-0.2477310906691185,0.7815479663377873
-0.4432937149721186,-0.2375823809728768,0.8058397293738423,12.57832157100016,8.812845469365907,-4.264555256980005,-0.4292734057732143,-0.2347366253407196,0.7909019722597597
-0.4488389567972279,-0.2147652802583331,0.8094965916442786,15.821503945780997,10.81150420425626,-4.151553531992628,-0.4372364450445483,-0.218087979181602,0.8108941514553074
-0.4614775255544178,-0.2030416510924287,0.8455489281233606,17.43472147058151,14.02996693990253,-3.719577407974368,-0.4476429994184614,-0.2072936021562518,0.8460250162086134
-0.4644486655830543,-0.1960003787121551,0.8769118409895125,17.59588208512601,16.36868708750289,-3.313238605587781,-0.4538683329908762,-0.2033330532946632,0.8658557645117805
-0.460639362254659,-0.1984303264790047,0.8794693400326604,16.448975949904458,18.52053594298702,-3.547792770433516,-0.4524083368095172,-0.2098651765327057,0.87545947275361
-0.4597083590084219,-0.2027339007709629,0.8857172972399414,14.292154150920044,20.850425682309357,-4.462093470599939,-0.4432404036434677,-0.2159793746105061,0.8799958390623528
-0.4662581173773823,-0.2016313172770661,0.8882089727675317,11.684679806034664,22.953304312258727,-5.729355767621847,-0.4418709789533,-0.2170842928939733,0.8809764533862829
-0.4652262837904852,-0.211386163425243,0.8752376777064398,9.745454871548343,23.919181287963852,-7.081349210978567,-0.447041721610898,-0.2203440023420201,0.8783727665581456
-0.4565893614698288,-0.2181130965794729,0.8734406117131259,8.520516848354093,24.70597612466309,-8.54351875152045,-0.450342783790007,-0.2218242072255517,0.8711610187300973
-0.4684522368454703,-0.2199582589728781,0.8769727159426637,8.067956017114573,26.472587265020728,-9.78981597819026,-0.4581115418122902,-0.2265004809118283,0.872298067056341
-0.4811366216089718,-0.2185608210060974,0.8801582869282325,8.76383843509793,28.17385816537523,-10.76100681205488,-0.4664837358498359,-0.2245297475425846,0.8757931426387253
-0.4918323693497942,-0.2081909276685127,0.8889295731425537,10.46380487329798,29.51912837095613,-11.532151605357557,-0.4785225137425854,-0.2138401348970981,0.8749591062164841
-0.5020974817080393,-0.2071628754586211,0.8748887349357141,12.4032745153045,30.112574379894458,-11.741213734377302,-0.4899916317074212,-0.2097343180562942,0.8612764730334651
-0.5042850123736413,-0.195830103540198,0.8499453527657458,13.71469555869783,30.248341582701837,-11.916735230129335,-0.4941367677842153,-0.2016427532509083,0.8455231222472391
-0.5142595976184582,-0.1764464056767372,0.8359232569069509,14.941345892798994,30.59134485091497,-12.197938946324085,-0.4974393227863415,-0.1934441272201686,0.8373659775728051
-0.5121579349076301,-0.1672192961675943,0.8224319751838405,15.589557169462148,30.80527854600095,-12.05419958092799,-0.4999285671786126,-0.1858465577012092,0.8238250379068882
-0.5116618768541752,-0.1534114455457953,0.8043151797255692,14.805866692488292,31.188000731309614,-11.75820136440317,-0.5048853832308926,-0.1701180978909168,0.8081943972311822
-0.5189760195341573,-0.150972876945816,0.8052628115213069,13.309979388551534,31.96269900342348,-11.325621082152631,-0.5094494651219784,-0.1623795540982001,0.7984513540882845
-0.5197851322969691,-0.1493022854943705,0.8180398236333102,11.407599186826126,32.8463419506654,-10.88599545778942,-0.5122638624968974,-0.1600036898840536,0.8043533405832817
-0.5306485730590623,-0.1456527476197179,0.8221209107358942,9.93821918073822,33.419575600031195,-10.508342330139666,-0.5164925683747796,-0.1584051882397079,0.8212067007920013
-0.5309653048915619,-0.1532113066492598,0.8388210736262969,9.668165616223568,33.62285419057364,-10.004823036997696,-0.5162174742921114,-0.1616421345425364,0.8302547773995049
-0.5285348688449671,-0.1474477798038144,0.8430618428005355,9.49890461678896,34.02128459093638,-9.740405150110274,-0.5181286624504992,-0.1619396971241473,0.831249007259212
-0.5302462197428344,-0.1460442536957587,0.8366156322716407,8.597629198570996,34.66365819681769,-9.511485720717763,-0.5198640404617199,-0.1623610869753029,0.8330469915180749
-0.5228128465818623,-0.1542670599466136,0.8372309746504251,7.25761197820881,35.432236600530004,-9.12795665427761,-0.5177261152674515,-0.1634550087316035,0.8312954760384478
-0.5304713534718356,-0.1448551174711754,0.826839760851048,5.493680528508524,36.37081350135811,-8.67150697510932,-0.524463085907411,-0.1625461825665522,0.8249954343067994
-0.5419637316109414,-0.1399394826519424,0.8275127885661597,3.524754610618292,37.0829333421274,-7.904061642191261,-0.5286940205529878,-0.1669004569006393,0.8235585956687912
-0.54130778742837,-0.1600763051028236,0.8264951089435562,2.140152458054493,37.53306389217643,-6.976562600983132,-0.5266015130428917,-0.1778040823079338,0.8204997144392852
-0.5413312518672794,-0.180223941753912,0.8184359485440444,1.4276736883702343,38.3676033396105,-5.916643843586794,-0.5295784866442903,-0.1912510216595817,0.8170858167084877
-0.5453427754351119,-0.1856467485895794,0.807600789872796,1.1123938883092197,39.75201691543041,-4.781199388887405,-0.5305031649433377,-0.1997619437188773,0.8100881418591088
-0.5519795824466154,-0.1940120999497466,0.7996881022197133,1.284204557503806,41.10798622502931,-3.716566051628207,-0.5370114860701671,-0.2031192789973165,0.7945914806294525
-0.5604774308908267,-0.2026508300039531,0.8072897598584934,1.8990875263811613,42.18920028450709,-2.6685654958776963,-0.5477613124363536,-0.2086655778200445,0.7874273690738829
-0.5639353606383899,-0.1983497006613294,0.7836300574235993,2.3991948566649253,43.26220474655494,-1.884509519651556,-0.548092963831761,-0.2107010744454271,0.778551170088418
-0.5661498055130214,-0.1998072156752816,0.7660549723144223,2.233179228654985,44.47538654943087,-1.2527443581921405,-0.5507537576114403,-0.2112913150256028,0.7613285544185192
-0.5745652110098584,-0.213057699749315,0.7691897548117381,1.7159729184174966,45.87788748474755,-0.580354758317561,-0.5592748950124102,-0.2178203737771741,0.7490198193321058
-0.5882296095589243,-0.2132187650824275,0.7524753880376944,1.5354243359619224,47.19004932052253,0.0142414654736824,-0.5716823709944255,-0.2217405326816039,0.7419397708198301
-0.6039230464163737,-0.204549625947393,0.7448561697122014,1.6308040143558027,48.01134406954337,0.6403052473262102,-0.5848766927654605,-0.2180177526095379,0.737905086886488
-0.6098991877049285,-0.1993022675472042,0.7357465967632397,1.5314890430240211,48.581989971668726,1.3524072933796256,-0.592516457878498,-0.2115260199973837,0.7314903887809816
-0.6172742122753704,-0.1902963012512327,0.7334072257416407,1.1202358826737902,49.31214044244184,2.030801845214925,-0.6050141415387497,-0.2071461198723854,0.7238640876198645
-0.626175439047471,-0.1854063404339843,0.7311069897392317,0.3174314589079464,50.1125242538452,2.552053169181511,-0.6156557498259664,-0.2030560423319584,0.7180570707509975
-0.6334429015480225,-0.1862335015797221,0.714506170527901,-0.8903302212385457,50.85663494069438,3.057003197305172,-0.6233591972704078,-0.1980489293422213,0.711213316240522
-0.6450513828928515,-0.1869378074514893,0.7143274792679078,-1.9688831917913787,51.85601998365494,3.668451006022481,-0.6337216432173671,-0.1940896935307268,0.7075231530801454
-0.6466228060776741,-0.1804297211053848,0.7147130707766665,-2.304019406242563,53.31657496003109,4.413618605419294,-0.6389212427130864,-0.1921304814055523,0.7077460478102575
-0.6588631977307307,-0.1680106127469287,0.7127177126885251,-2.2094509542014737,54.86810095492916,5.390238527468646,-0.6479961341932693,-0.1882439888401808,0.7018406110767812
-0.6821239645226688,-0.1649072215864906,0.7039815561476102,-2.704184267160255,56.03337303607728,6.262903783216318,-0.6601853575577218,-0.1775316105348377,0.6947883664671848
-0.6937777095654907,-0.1618360850876461,0.696702410454449,-4.127693946772659,56.60361726888056,6.979633179955909,-0.6714813627293407,-0.1746778524073205,0.6946942107578076
-0.7070254770564877,-0.1581186529822639,0.6996293511313116,-5.831793730659585,56.51310372034489,7.773323112226348,-0.6862506202833043,-0.1804685814103176,0.6899906550760476
-0.7129472167253719,-0.174518874526453,0.6946035598838918,-7.078306944346699,56.21986075304969,8.315022468287452,-0.6955472853399889,-0.1849812132560068,0.6834141652217153
-0.7139499228633936,-0.1935939727440781,0.693024471678845,-7.692425888050969,56.49570653113575,8.775881903532907,-0.7031423301256612,-0.1966877105904379,0.6769556905737777
-0.7252045029357155,-0.1922682663318056,0.6838647053581408,-7.509363582382244,57.11698502314445,9.32507285438098,-0.7093119146924647,-0.2060918841627695,0.6694719797621812
-0.7280183454497566,-0.1970119127223207,0.6701496863097117,-6.0743799026252185,57.45967207320622,9.414266062467192,-0.7084676186183466,-0.2095679191118848,0.6586559716199346
-0.7275804252951721,-0.2026156570236667,0.6418926982940943,-3.93102001245989,57.90913090113998,9.288918789899302,-0.713396737863502,-0.2077172735584363,0.6266865775615412
-0.7320164362111289,-0.1821755503398658,0.5997415692751953,-2.303570277446873,58.882129717482776,9.029755507244293,-0.7198231702952119,-0.1947199072832436,0.5972724985484728
-0.7415258923975645,-0.1620335603266675,0.5909106323629034,-1.280304935423055,60.02333614099607,8.524340388832085,-0.7261749140158684,-0.1847580783323547,0.5865126259723512
-0.7546511128574288,-0.1544318861484984,0.5814871243637991,-0.419064828568213,60.93817795417851,8.246148765394008,-0.7376470992048338,-0.1747705377757466,0.5705606367090676
-0.761386584745883,-0.1472579397044326,0.5528723400680693,0.1017593583096481,61.79534829661667,7.950559733000715,-0.7495294540951167,-0.161987154518344,0.5477703612035064
-0.7808690546048386,-0.1379751898233979,0.5388884703988311,0.2249951499880813,63.07073286633307,7.837028040449296,-0.7675759297126932,-0.1545914837713154,0.5306917341513526
-0.7979540910633856,-0.1302389336433473,0.5347947367806505,0.2927862054320209,64.19599126771898,8.106231452336333,-0.7824138800758157,-0.1475671244755026,0.5249050661286083
-0.8063871951515217,-0.1212407886876733,0.5226398959866282,0.2514702278409245,64.64033692416625,8.529457422520519,-0.7945178320531723,-0.139954626764012,0.514055846226839
-0.8234334674408339,-0.1110770001300415,0.4992455500664634,-0.2416766115712949,65.22146246794308,8.928724406884626,-0.8092167616704842,-0.1284208691429577,0.4942566324252885
-0.8298649795471689,-0.10552107451179,0.4879947895168481,-1.1256243409588282,65.9866516259564,9.012327593031534,-0.8184536221770389,-0.1179756329483896,0.4789890381541767
-0.8451970322514484,-0.0985077105749514,0.4847255855505761,-2.1708330174772037,66.56763771145171,9.443204512745176,-0.8345282940916716,-0.1178784124412379,0.4681023038921181
-0.8619538019669968,-0.1005161343861165,0.4777073498843898,-3.285208707636589,67.1680993321166,9.926435707749068,-0.8483543112133296,-0.1195477474344256,0.4629563961819817
-0.8684214314535079,-0.1083293389196853,0.4834336636771011,-4.525729814878701,67.63849162060585,10.313121029058047,-0.8568920811314102,-0.1210143227477678,0.4582359066085156
-0.8890139490021562,-0.1039469021760821,0.4823667943451649,-5.928162041122432,67.80504801122161,10.722059614473748,-0.8748402289050148,-0.1224262452423988,0.4568029153619269
-0.90129339871112,-0.1032504065701261,0.4696865971126509,-7.161746445097033,67.25528691797761,11.176826585229604,-0.8833076535511903,-0.1224713558111223,0.4624138653743889
-0.920495336367916,-0.113993868632113,0.4740020182281746,-8.22423249004946,66.06945164960257,11.78568145285407,-0.8934537838266252,-0.1307193679913263,0.4634440875460013
-0.9245995128303468,-0.1124362553399586,0.4803860040172892,-9.643169490340224,64.63229969292962,11.205387589653022,-0.8981771113323216,-0.135016393799687,0.4625138305416614
-0.9069390477659208,-0.1133490445117774,0.4747538776069557,-11.445966545183047,63.390946820830976,10.858786373203,-0.8898398011626804,-0.1371892580840546,0.4567735174238796
-0.9246914432537828,-0.1272582993896239,0.4606696758380713,-13.268228222802346,63.46297570418197,10.411219645831151,-0.9026079902777036,-0.1454747087499869,0.4423356238461796
-0.9234806144357288,-0.1211564385700195,0.4404580642646349,-15.324258551537945,64.05932781396977,9.91028136620402,-0.8990548206584807,-0.1375466376404625,0.4282901656360391
-0.91332192785285,-0.1180921609478126,0.4437778618686877,-17.59789925646706,64.73476619641902,10.419589900368628,-0.8935032979074238,-0.1377242153457092,0.4199483709293033
-0.9115290637289856,-0.1203213705902742,0.454460258205066,-19.36950251039659,65.993275110632,9.252369742023022,-0.8957988281736505,-0.1436063673472521,0.4217797251072976
-0.9042756323679844,-0.1204290334203446,0.4339939663236058,-20.72215390311672,67.23746770229877,9.769419131589316,-0.8886480557867174,-0.1396161945935761,0.4166161764906154
-0.9306054095085994,-0.1346220059986561,0.4141241309213918,-22.002858656342777,68.7742800201154,10.142465103156866,-0.9086321619126476,-0.1516211543070016,0.4000281416379855
-0.9366068909791704,-0.1397773035074309,0.4069386796328856,-23.002680427913447,69.8516587632384,8.997185357401586,-0.9040332219704704,-0.1547794051814051,0.3894740621755507
-0.9411182932189552,-0.1546474534125535,0.3878223668618786,-23.20882782898973,70.76363974641134,10.809829898346669,-0.9099614973597382,-0.1628447991449517,0.3741802744861834
-0.9562660902023582,-0.1634031284994926,0.3627552567757985,-22.221676483412494,72.04333815307236,10.747766022832495,-0.932017315229166,-0.1760759607333134,0.3515063877857994
-0.9528046472476814,-0.15633068906379,0.3380552956141069,-20.82802642222218,72.05572665203562,11.226005069060143,-0.9230102237670176,-0.1693155557408755,0.3253657408169202
-0.9752505880954656,-0.1658270686364734,0.3194937817116846,-19.353618232488955,71.5968107073149,12.29218830227968,-0.9532167127041772,-0.1758865703533482,0.3008479700309699
-0.981921032914163,-0.1577340830035268,0.3115026269204813,-17.303226511502395,70.72667035419855,10.572929163640644,-0.95984671650415,-0.1726545142049182,0.2880517811807749
-0.9788654081788551,-0.1472390714978421,0.2994380640990974,-15.069528353124031,69.13679894210141,11.75507807906437,-0.9497625756522724,-0.1602424973331101,0.2743762296290839
-0.9989973444215784,-0.1508896972211111,0.2832676843563743,-12.645522249936516,68.04608547253056,12.178304901339311,-0.9819444649362146,-0.1611549457266453,0.260508764207757
-1.0045411813264955,-0.1412225996002057,0.2686112221359606,-9.677523247736316,66.97370842272699,11.036886005159396,-0.9897491230361066,-0.1531504007991673,0.2466230346850925
-1.0090749355587854,-0.1395670636946302,0.2573264678881377,-6.135069064170426,65.54658543813159,11.354174520683284,-0.9947661073003732,-0.1500354244910532,0.2369919979831339
-1.0216887005250697,-0.1408346308270215,0.2542930197971414,-2.0771059192090484,63.6431595669597,10.35406316085446,-1.0056180610627568,-0.1523673025059571,0.2371217267549127
-1.0234216266560932,-0.1294676553438939,0.2524812234684749,1.2663460782686626,61.73512890520606,8.938175681177007,-1.0069056451874097,-0.1502178614479691,0.2287249403769685
-1.0255209524738018,-0.1263128973562201,0.2447629608320438,2.9448449585512155,60.345364482629726,7.166857699053222,-1.0146075285996288,-0.1488403723710227,0.2237656121251012
-1.035534183325387,-0.1292658879342386,0.2366166788185756,3.3222686264750885,58.66102517177222,5.240125503206539,-1.0187615807730706,-0.1480847112839212,0.2215186056835212
-1.0286020415716866,-0.129787917533427,0.2324637416384148,2.7408129951662388,56.84534463120283,3.401887560098304,-1.0142594020785585,-0.1483222841887733,0.2119691722419809
-1.020460730518551,-0.1291675192379782,0.2253028898873765,2.0549348781578725,55.4653758969144,1.153088463940621,-1.006425638861117,-0.1467548292490904,0.2071821673353966
-1.0287771175596467,-0.122151923002532,0.2273045710458617,1.6229035478647735,54.31909669796084,-0.3732829558768338,-1.0085260502890003,-0.1468030559536969,0.2058813252431077
-1.0271190558587464,-0.1188160341938203,0.2396856420819859,1.0676468575559466,53.3001959104289,-1.7353100970609754,-1.0092464169192683,-0.1421653389258249,0.2146567247987202
-1.0233110996201544,-0.118731991220101,0.2450539496207488,0.9095892802277622,52.61429291280222,-2.393432335130073,-1.003887222036436,-0.1333007779807999,0.2172558304750212
-1.0120159135797395,-0.1126655145033681,0.2367410888353209,1.061359240991821,52.08815888490406,-1.9946847610665663,-0.9974251023669284,-0.1277379761480566,0.2030752175314181
-0.9909607751404016,-0.1149469724155567,0.2176718994813157,1.1735883748092537,51.45581973858076,-1.5121716918597197,-0.989238098460569,-0.1227923877964139,0.1933240756650199
-0.9853207410293968,-0.1160638357229998,0.2032106334715844,1.8698207591011688,50.9456634107385,-0.7353837530011571,-0.9784658329488628,-0.1252060600320821,0.1771403238484837
-0.9759807202038492,-0.1098917954168901,0.1803207170112487,3.395735431548999,50.64303752161022,0.1092966805511203,-0.952504276066438,-0.1285719305996673,0.1558762023140011
-0.963933251017048,-0.1240384851230057,0.157683458669302,5.546518578375087,50.05519889799856,0.7214704745581664,-0.9374465576178233,-0.1340401565044543,0.1419348211112444
-0.96080157514723,-0.1387977009072181,0.132510448036379,7.696889784755196,48.84852259790453,1.029189144974014,-0.9355399038745869,-0.1418464222306523,0.1192631835755736
-0.9535483998053438,-0.1214997064750213,0.1085089842302283,9.559525547339884,47.92699212984417,1.1676371910804508,-0.927133430733302,-0.1373962698104399,0.0990887000856099
-0.9553268983117308,-0.1130630323111155,0.1065607805598331,11.80051508284308,47.50836583831187,1.281510406652772,-0.9294698049462358,-0.1333722622470222,0.0848671898402044
-0.9680620583836572,-0.116414781778326,0.0689686675153193,13.991191239957296,47.5154728568392,0.9911375507354416,-0.9384994011205908,-0.1245911712067017,0.0576735205430274
-0.9761845935236884,-0.0887103194010824,0.0411320961238451,15.56548186651462,48.60714912365701,0.34814568037059,-0.9555889910715664,-0.1071043475599182,0.0341094471267497
