ADXL_X,ADXL_Y,ADXL_Z,ITG_X,ITG_Y,ITG_Z,MMA_X,MMA_Y,MMA_Z
-0.0524350717852438,-0.9852998708912866,-0.2498587933190972,-4.3437325430006295,0.2657971802900429,-1.165173006906847,-0.0229972946001335,-0.9467191212180472,-0.2847239201253606
-0.0520204269025082,-0.9770455780735946,-0.2477040035246036,-4.563921236523916,0.2343589401765675,-1.2395740801180604,-0.0225039364446251,-0.9434785574878928,-0.2842717093980403
-0.0586377976014576,-0.9712080648727012,-0.2565080026927484,-4.507101052727171,0.1975254748487981,-1.298929765273602,-0.0226688460408322,-0.9420912100666504,-0.2822203721022899
-0.0527011251673893,-0.9795733226095278,-0.262987733333454,-4.3404864639317084,0.0179551422646705,-1.3015321779985218,-0.0252023393273339,-0.945578359824118,-0.2870235030344116
-0.050501993203483,-0.9839299815846289,-0.258775101552718,-4.093708832159828,-0.1737178232442808,-1.3610543464007991,-0.0295035091864804,-0.9447685306123776,-0.2899835926442373
-0.0581737780164743,-0.9820577361154982,-0.2545354315935184,-4.004501387935977,-0.2908710244811733,-1.4130324772742835,-0.0305511032510488,-0.9434884565473184,-0.2875323659955042
-0.0620567760624462,-0.9765112680256096,-0.2524679898664184,-3.965703714743796,-0.3242104238703416,-1.395469445622443,-0.0303185287960635,-0.9458026941341728,-0.2893926968536839
-0.0639544334394336,-0.9785311132176224,-0.2518111156699549,-3.9241740786394863,-0.4020624793579477,-1.4908479705524789,-0.0348326411859475,-0.9465402142026108,-0.2866554175265566
-0.0631042774787591,-0.9733705614856554,-0.2502239320413968,-4.075481448112279,-0.515227653291092,-1.475657936506077,-0.0334834272685746,-0.942088504493284,-0.2872816742416809
-0.0700242893559656,-0.9707820259980744,-0.2541759608143936,-4.314118074212048,-0.6675692849236973,-1.4320573171082616,-0.0321373876906984,-0.9431042066291012,-0.2888013806817554
-0.0707331581221246,-0.9836188267791276,-0.2618177716303713,-4.476419341735722,-0.8698470153482198,-1.5991300956345846,-0.0330817405848509,-0.9484231509689278,-0.286267779027779
-0.0592364553146896,-0.9785800987056136,-0.2563816285351615,-4.502018634766059,-0.9967160216795864,-1.7049877886685731,-0.0315253721449184,-0.9483740482481612,-0.2901244047583157
-0.0574475613468369,-0.9825363115842628,-0.2585016163512967,-4.521396156148263,-1.1858081991292213,-1.756929678835216,-0.0351863321234457,-0.9475348478150264,-0.2896921698859284
-0.0582163367065765,-0.9902766937667228,-0.2627828470189087,-4.718222585658597,-1.4783291989313343,-1.843317546029397,-0.0326531469449668,-0.9481002486040724,-0.2910508939200059
-0.0593818147262767,-0.9786066812215792,-0.2568227174243105,-5.080200144498944,-1.8420243499554492,-2.1183896864121188,-0.0286933956552268,-0.9491020387656326,-0.2943473402052727
-0.0615277540199557,-0.9831221706117248,-0.2668070209612839,-5.622302015675677,-2.346423862159859,-2.5826696605883197,-0.0304493456012943,-0.949676070895822,-0.2927194470908889
-0.0598203058396003,-0.9838902989813536,-0.2633464396641043,-6.328114161440789,-2.7530790223570927,-2.9035318182226786,-0.0290245384052949,-0.9486758242570212,-0.2930698289342633
-0.0591212734995664,-0.9805221439969518,-0.2571936261828187,-7.116401919713606,-2.9135596600973366,-3.2191486311434745,-0.0297436858390879,-0.9491173509410108,-0.2948543030034073
-0.0605838640512225,-0.9849748688570314,-0.2750950520956292,-8.039193736910226,-3.1363916033625974,-3.511598346817073,-0.0321626456646807,-0.9524937565651664,-0.3010986620088975
-0.0618082272537238,-0.987760413972834,-0.2724713266303886,-8.837972072942623,-3.4377385314843028,-3.792531199824998,-0.0308833739350081,-0.9599418097151458,-0.3041706366362214
-0.0602531655138162,-1.00036141667439,-0.2668996218731964,-9.272313072443634,-3.5494359924887275,-4.11767606904112,-0.026345116230744,-0.9662438917150856,-0.3076944736365585
-0.0544223473897815,-0.9970343461896192,-0.2762757876223642,-9.668596920722727,-3.721294754621805,-4.237655827299691,-0.0229293535742719,-0.968829721993144,-0.3147349315948581
-0.0477576708360595,-0.9991636978376846,-0.2868620018369097,-10.260977837137276,-4.161879158519731,-4.416678592762825,-0.0227961006805821,-0.9758853315101952,-0.316346567668693
-0.0605809931379028,-1.0161352098954413,-0.2985083840655181,-11.313877788010087,-4.7478817021348965,-4.612490952869117,-0.0256669077344867,-0.9836081567261574,-0.3231702423660794
-0.0715005940433674,-1.015743480482182,-0.2999241067263451,-12.993003574260976,-5.318236648129016,-4.568390954328498,-0.0289589806527867,-0.9963896841228366,-0.3329010578517586
-0.064752311631854,-1.03373577176457,-0.3116127714389022,-15.282523800527889,-5.96075620939153,-4.485612577673044,-0.0328077644407435,-1.0167964567337586,-0.3463615418660283
-0.0706806397224796,-1.0544868247566617,-0.3268217671878978,-18.13942027722184,-7.020453351510149,-4.617774694041208,-0.0419520020301778,-1.0282577887807451,-0.3673594355661134
-0.0736453810123965,-1.0608923629480915,-0.3405741295855721,-20.84721834851079,-8.276838891806138,-4.966179962461502,-0.0464225398245679,-1.041944524163443,-0.3814964364182902
-0.0716865362696093,-1.0742651061307782,-0.3706081244929957,-23.08241787530615,-9.321446121606064,-4.936438040876647,-0.0407620991594516,-1.0579033757756324,-0.3987011511019963
-0.0729634161589396,-1.095337700757447,-0.3956256715838343,-25.078888846655865,-10.174998046162086,-4.566805661312117,-0.0336092129212861,-1.0681218542786333,-0.4237208997793563
-0.0647732508623985,-1.130333454330377,-0.4056214289412247,-26.65391424182926,-10.992694459328275,-4.402056698456912,-0.0312132991391819,-1.0885453099054256,-0.441279904228369
-0.0607060095171735,-1.1427576527398329,-0.4121467205587368,-27.980613166144337,-11.369377250210912,-4.279785659033983,-0.0282385779673478,-1.105957095783312,-0.4560998008542419
-0.0601704098788175,-1.140932689293371,-0.4376176276249132,-29.79240419158447,-10.818646803540528,-4.096393034969451,-0.0236518633119259,-1.1157401418917523,-0.4696626335188364
-0.0607961189637542,-1.143356776927881,-0.4498410313437594,-32.87240184083223,-9.671992918511686,-3.9610792044677554,-0.026712577667231,-1.1196976704998265,-0.4857272551983047
-0.0594549358390084,-1.1297395355601072,-0.4497203037806368,-37.31866111777451,-8.06618643810426,-4.005657142003807,-0.0259081561500344,-1.107343869802798,-0.5081650475994148
-0.0529569794242997,-1.1188658265197953,-0.4802242325107829,-42.45322867172502,-6.340625081329142,-4.262951987039559,-0.0277602137956814,-1.087372052163487,-0.5213767942627997
-0.0647829348172761,-1.0981127834579418,-0.4982562877837222,-47.689201985392685,-5.289640952769121,-4.518684590663577,-0.0400668431079264,-1.0653776089046003,-0.5263139465797418
-0.0845002630577414,-1.0773186404106938,-0.4913172220013315,-52.12090954144924,-4.857509900749798,-4.9140892897112005,-0.0463413340657218,-1.0539149233767642,-0.5233040788527076
-0.0848356974258303,-1.0753994409167884,-0.4723652629289921,-54.64225468151565,-4.635272910900349,-5.374476282818716,-0.0543568052004925,-1.0465960254349884,-0.5108388303940408
-0.0835567101842624,-1.0633204899950792,-0.4555510281210151,-54.9666181628549,-4.513581262323172,-5.604437691670414,-0.0582236246117564,-1.033583598742155,-0.4965109429984378
-0.0965446628866458,-1.0488982407812786,-0.4360307531910293,-53.5725876171044,-4.623307732245679,-6.153751070511547,-0.0589701563109966,-1.0228466141141517,-0.4703952492084394
-0.1009872985778424,-1.044795597261334,-0.4033962813784813,-51.57120858121358,-5.107912736535622,-7.0772000708876455,-0.0673820047275501,-1.0144851606289946,-0.4425309560430545
-0.0939917651156825,-1.0414560318905726,-0.3911408700062258,-49.80486094978232,-5.576902413502544,-7.821597769985155,-0.0655395025478961,-1.0156919757366516,-0.4260663266274275
-0.0981143279167682,-1.0237289964882612,-0.3814044063147915,-48.36862618249567,-5.574282283092701,-8.565032368916665,-0.0597910505785161,-1.0008592814724986,-0.4095151155631485
-0.0897932577421555,-1.0077819231043044,-0.368733257311795,-47.18756080257437,-5.5380813529590025,-9.384598683609376,-0.0552891463502613,-0.9757518894355964,-0.4042203893361479
-0.0669278001452454,-1.0050855086651782,-0.3623586081550784,-45.674389111108354,-5.580466484430235,-9.991014137632355,-0.0437400578365687,-0.9697965186095898,-0.4070072432208576
-0.0527886012940799,-0.9901582566043404,-0.3707516497232411,-43.59258343240239,-5.286648753083697,-10.180152745237752,-0.0251891535960019,-0.9533063941313764,-0.4046484575508442
-0.0265452311674046,-0.973547457880906,-0.397191727239821,-41.1729788424496,-5.112828276896162,-10.243774229282636,-0.0020551677108591,-0.933007397860286,-0.421117028193477
-0.0092853142334172,-0.9595331590002064,-0.4040015519197588,-38.22539691835485,-5.031729232249766,-10.647014842967804,0.0115822326166487,-0.919228198417938,-0.4440882406407824
-0.0045649836193596,-0.9375854596845112,-0.4190281032839795,-35.009503841188526,-4.817887849752867,-11.199066840432108,0.0201869333533367,-0.8982355509581701,-0.4508189313941422
0.0096741193015632,-0.9113407022948584,-0.4417797415016896,-31.87049543741403,-4.754117240779677,-11.606402509861494,0.029553647101314,-0.8773119500890296,-0.4623382513877832
0.0125367685608139,-0.8923090233040358,-0.4374415462363502,-28.885476203102428,-4.580032209409179,-11.663370615778744,0.0348884225309887,-0.8592566241825059,-0.4743565160009625
0.0134202402792988,-0.8896893421606134,-0.43186964673708,-25.70221006972099,-4.318169583489442,-11.435456473410516,0.03305628572701,-0.8563207399922326,-0.471546976551092
0.0046979144856959,-0.8894172997500056,-0.4313654082489891,-21.53233656924741,-4.004210354793451,-11.305284483283865,0.0234778470095727,-0.8590598132464684,-0.4650794638527415
-0.0064059552419406,-0.8840623700835996,-0.4366927337760167,-17.24285507593224,-3.5936391512998607,-11.080637714850356,0.0191106816208186,-0.8551255789789274,-0.4679361458166046
-0.0020499863638543,-0.8719408338267594,-0.4417785100174292,-13.636683150223714,-3.2159961900072926,-10.556484186421036,0.0129447944171532,-0.8467597318290103,-0.4754464924271688
-0.0099776723986252,-0.8656802980330358,-0.4458006794289932,-9.331633067774222,-2.9853721816060976,-9.87555561049981,0.0064702016372143,-0.8355331196050462,-0.4794093990387131
-0.0149932360451981,-0.8602393379815192,-0.4570919656607238,-4.312609619030511,-3.2868954125695304,-8.910483910448415,0.0076046588728218,-0.8296628699081987,-0.488869327182527
-0.0137023556188917,-0.8456068451554614,-0.4631018401890809,-0.4262060927292507,-3.8913357111881854,-7.954953088260962,0.0082476727766627,-0.8186092638010961,-0.4944167004329487
-0.0179329432826442,-0.849620948596258,-0.4629360887336272,2.137619886394005,-4.500815131389351,-7.359448956440167,0.009771127016671,-0.8184999288365558,-0.4880743204159274
-0.0183780515235429,-0.8566500461546154,-0.4597935436388947,4.223648746920293,-5.015043584234496,-6.69139979729463,0.0077988460644227,-0.8299081350155963,-0.4919928541545769
-0.0123765739963508,-0.8607218264998521,-0.4629011967302663,5.051560109388331,-5.0293018147255335,-5.746225333113309,0.0158577376494557,-0.8309912706400869,-0.4999697137745176
0.0042491074681546,-0.8676909233565444,-0.4715994760250873,4.232436302947844,-4.376966380996626,-4.799035125155838,0.027288252338217,-0.8358605743510633,-0.5021524819402727
0.0097801640151381,-0.856033895525102,-0.4759474243829494,2.97281639607069,-3.4060340273731318,-3.760925614698533,0.0265354874535658,-0.8333804897309245,-0.5114278112947486
0.0079597467556204,-0.8511908859212153,-0.4845698204812048,1.366434015981124,-2.431371271715322,-2.199741103361656,0.0312895307730244,-0.8247406477095524,-0.5174728666657689
0.0135361176534713,-0.8516165716352808,-0.4930011700692479,-0.1584218082973513,-1.3168703386151916,-0.4461095452193723,0.0307708840998108,-0.8234076770065393,-0.520341669409632
0.0096567224206073,-0.8517305356103632,-0.4892814888611656,-0.669972686757924,-0.5888867107171284,0.8164350449176085,0.0264542235794756,-0.8259484942092522,-0.5351944463702857
0.006009326222951,-0.8710892287773735,-0.4944945694709298,-0.4916076293044379,-0.2874080477237254,1.304679914676685,0.0258067442517747,-0.8389303415516964,-0.5449066318434779
0.0054683706310559,-0.8860496498224947,-0.5020408005387444,0.3534622473178472,0.1527155319189981,1.2099112217370018,0.0219703854036806,-0.8500278365438281,-0.5352982616149493
0.0034440783286217,-0.8911672649883667,-0.4922426186402435,1.607270259912331,0.302895443192326,1.3108013323512004,0.0280104624882885,-0.8540387711350967,-0.5239034775860156
0.0049575333352834,-0.8925055682414067,-0.4905727021530058,3.352364476741917,0.1932875393611159,1.337118304027825,0.0317904471252911,-0.8594338885290588,-0.5221374864736409
7.704977013684588e-06,-0.8986022773965869,-0.4781760627000028,5.83041968957542,0.1089298753158838,0.9469375361861616,0.0251107922181424,-0.8681004636184965,-0.5154115787992524
-0.0065556475721613,-0.9080508879435027,-0.4647019420168303,8.529770897809577,0.3564680198488122,0.5511089831254943,0.0176353215015058,-0.8730801223011531,-0.5026142870366819
-0.0108568655580733,-0.9050472093416164,-0.4711371100867289,11.437982479781898,1.1291968666262573,0.2026578030952475,0.0138864840251577,-0.8735427869646851,-0.5009216678056432
-0.0094301562910957,-0.9113540104268458,-0.4574304760566787,13.71998606818445,2.031231674940856,0.3578997517954532,0.0194137935008994,-0.8780938779528643,-0.5032734865124971
0.0017516547845822,-0.9135443436808788,-0.4633262636163666,15.035969203751824,3.0633111338664576,0.6679593073477309,0.0197194440175089,-0.8777961705442976,-0.5019519280029165
0.001376526255155,-0.9138235417100304,-0.4623816812846957,15.990739154799568,4.100708128760345,0.7386978081245797,0.0134203040040213,-0.8772069038498634,-0.499979730774746
-0.0087200662658926,-0.931200278791595,-0.4340861482554714,16.660016196125685,5.393786796169692,1.117065620004028,0.0116597753489903,-0.8785606168527477,-0.4937599342532269
-0.0038761601139398,-0.9263472681756048,-0.4608220132367431,17.455375490230832,6.895079083516177,1.7428064837082111,0.0144633030768896,-0.8841483654717769,-0.4959817963350107
0.0030281921665498,-0.918442562044356,-0.4815615742133498,17.57373122846295,8.096140276016477,2.589002571700985,0.0198606018469792,-0.8943169737381612,-0.5048711524181888
-0.0016080933016521,-0.9183346737688516,-0.4736736922283994,16.512473209757157,9.4796195141056,3.302100693662377,0.0192328799017753,-0.8852846817584248,-0.5004017911542401
-0.0044224402273542,-0.9210772398961172,-0.4706361274935341,15.951389122662029,11.128724625942867,3.822005854910212,0.0131894698155611,-0.8875427769529185,-0.4941727727885342
-0.0130925089253271,-0.9417787473471791,-0.460697894120516,16.711612848151148,12.920200058840091,4.159476572464222,0.0110866778810639,-0.9037481113858612,-0.4936345341198955
-0.0191794186054236,-0.947410007382057,-0.4582703964432787,18.50796569724069,14.927987002085544,3.9568179473112206,0.0112376282555984,-0.9063317136016872,-0.4924087071072356
-0.0210547146771651,-0.9522166021811512,-0.4520232377194624,21.1820993345918,17.15037029222735,3.8040508954866943,0.0036606200655793,-0.915219854744134,-0.4925886191128727
-0.0320435312090513,-0.955763515301178,-0.4611965062196013,24.726257503775024,19.46547606406182,3.5269718596939907,-0.0054418290655792,-0.9130956647170818,-0.4947436358325231
-0.0342377021083396,-0.9524706607759292,-0.458801207863306,28.946970268327828,21.776536767234347,2.981243543641701,-0.0136629774855926,-0.9126815329903046,-0.4958082973991672
-0.0428823936915745,-0.9585342149782028,-0.4511039103391179,32.51915417837609,23.836666156222744,1.90867134947158,-0.0192395210326138,-0.915057073745525,-0.4862411273956849
-0.0512273213756508,-0.9552972239572892,-0.4596275989472932,35.12971813095818,25.20063425288216,0.6208139841662055,-0.0151148088256882,-0.9091483070356348,-0.4777889986257927
-0.0496309164016665,-0.9624349971195304,-0.4228307115531136,38.03353447821017,26.428760819839876,-0.1656633084359121,-0.0186600646871587,-0.923791549205296,-0.4646768002034599
-0.0515242754647888,-0.9735640863072852,-0.3989637695505618,42.15177077106709,27.237491002344584,-0.960021964013757,-0.0198772595001078,-0.9307824190823256,-0.4397891895097575
-0.04822479620483,-0.9964878194232658,-0.393416678545485,48.366071901288,27.89707291934796,-0.8371466621052133,-0.017107944046339,-0.9570460160291272,-0.4284941105756867
-0.0410174037084934,-1.0153266853277607,-0.3722997380104109,55.5847101289578,28.52426603032041,-0.9230528857212752,-0.0115425319401015,-0.9772116963507224,-0.4091802318457433
-0.0205190113521485,-1.0317789971887128,-0.3654189426796244,63.07199677888162,28.743548043389364,-0.4612066669131017,0.0093613182582817,-0.9893596551090712,-0.387357287320991
-0.0151071573221342,-1.0557026626153352,-0.3324825562452863,70.91622907602718,29.391002633766448,0.7418036250298077,0.0149443633320678,-1.0246807405933642,-0.3663178461985757
-0.0066801438536747,-1.0277043966328818,-0.3021114353465666,77.60191237776321,28.92614158361256,0.6067357573064653,0.0274218792723918,-0.9982131729285616,-0.3322621807496611
0.006395468731318,-1.0508950596158515,-0.2897243715629768,83.41982171732681,28.37474553797871,1.8855607627240671,0.0348946557184389,-1.0220721968962942,-0.3222692692436149
0.0054798107546927,-1.0378510618443166,-0.2815793502771009,86.514625615224,27.304281844477934,1.7127808014776915,0.0328058611154171,-1.003917752603022,-0.3126426035186341
0.0359158667374888,-0.9762847580571508,-0.2916980584711184,87.67836511683394,26.666312935398327,4.0566964536112735,0.0604310330626291,-0.9194938095800796,-0.3087577534807197
0.0164311151213038,-1.055660831198216,-0.2601260182589587,89.7076524065678,30.16506968367153,10.04423663351048,0.0414459125776319,-1.020188995237231,-0.3031476855476136
-0.0097094062919545,-1.0513092086634277,-0.2252101724790629,87.12703263003935,28.51488357493515,7.337782376590217,0.0233221194881099,-1.0433469080502085,-0.260935877616522
0.0269418572313822,-0.9894580731410748,-0.2239357254297349,80.73690006543316,22.34265106361167,3.662134617934348,0.0545630215878915,-0.9659948616160048,-0.2432121170331788
0.0292321433018528,-1.0133554580450943,-0.20554038335834,75.34826281777974,21.863670226240878,4.597433269102013,0.0557541089045463,-0.9810865878157732,-0.2327979690690733
0.0210053146163917,-0.9943238917103469,-0.1890875399113484,69.33249518031991,23.411397972241456,4.074716086731304,0.0515651493053935,-0.9650153785388728,-0.204195539643689
0.0218901532218186,-0.9798037163705088,-0.1583412311244422,62.86907082394112,24.925723309514243,3.997261305519256,0.0524794343139419,-0.9557600387498772,-0.1832064773175652
0.0174088632438008,-0.976508178158278,-0.1217253451157781,56.36077851509208,26.63679893519607,3.0617347532634844,0.0476038400332729,-0.9513255881703352,-0.1614396002918027
0.0104452459525107,-0.9686195330068617,-0.1216105184137234,50.050805833331175,27.56160920109256,1.6513607508477282,0.0409306834903277,-0.939179930131134,-0.1440853912527593
0.0112546079063771,-0.9792364965101914,-0.1232803495772811,43.88752105288702,27.89190113489935,0.3084668613522273,0.0336128510871941,-0.9441768710000368,-0.1335741596566344
0.0120454752645535,-0.9720991553657756,-0.122963345299058,37.3407267968718,27.18048121683565,-2.2270920533456344,0.0279818719454813,-0.9332257990620532,-0.1367213987212878
-0.0010037056179585,-0.9486889501911796,-0.1226497563804604,31.5703989619492,26.84064587206453,-4.472129643946716,0.0213054411782505,-0.9282658251682556,-0.139466672092546
0.0078663924979858,-0.9449645119400352,-0.1084056685705545,26.423822909887683,26.612144811828912,-6.841989124238474,0.0295619341523806,-0.9229112274292924,-0.1305084202414392
-0.0059994055011561,-0.9437056187541786,-0.0955262006038554,21.79901294944566,26.339429262770757,-9.127155667668076,0.0225526169287033,-0.9128499862096298,-0.123190384119397
-0.0207796939223785,-0.9205895181842207,-0.0868444999333793,17.884448325354885,25.50599067263692,-10.829558539320772,0.0128654547485375,-0.8989371256876939,-0.1121757762261929
-0.0027823529217302,-0.926953052612396,-0.0841042390023961,14.645474146803624,23.38906860560967,-12.259983056300838,0.0278689989678133,-0.897058250106646,-0.1057350058680802
0.0013420842561599,-0.9376966356322082,-0.0835793272363905,12.361984241012204,21.733908413700792,-13.735295750814153,0.0318988115643416,-0.9091946811347128,-0.1065199080214651
0.0109350626904664,-0.9382197707675646,-0.0829193896108438,10.637834161342331,20.532231069543094,-14.943532075348111,0.0343018617916978,-0.9162539890280836,-0.1030953532670899
0.0168511036636416,-0.9573188005671884,-0.0827007518413692,9.489055951596413,19.586499076901188,-15.796689261395969,0.0445035739049994,-0.9212410810319028,-0.0982959829600893
0.0181287491072917,-0.9570791508480004,-0.0735401904868536,8.551608807443085,19.206630742187336,-16.96564574501131,0.0443842933987726,-0.919768359109612,-0.0969759299662964
0.0207320284505339,-0.9512797231724316,-0.0683859955379458,7.331105421290081,18.768351280249743,-17.552704112792373,0.0437796938413222,-0.9223297735454504,-0.0975216285041915
0.0219246002004653,-0.948464203557511,-0.0725554744943269,6.061285870105706,18.052250888911978,-17.75039505344835,0.0533973533175356,-0.9200611762425162,-0.0977550042651384
0.02953793956631,-0.9393140847326344,-0.07849079026366,4.87154044388954,17.250234776565016,-18.312447387625465,0.0609954062922507,-0.915705971592014,-0.102618685634158
0.0248548094153809,-0.9446401670189346,-0.0799316961763678,4.190377034174006,16.68509300124563,-18.783094848488265,0.0609047944936682,-0.9215973005794724,-0.1062422374666297
0.025877155052155,-0.9494605826622452,-0.0736521010186997,4.430804875116482,16.06926489131229,-18.927979600219725,0.0620697565064872,-0.921187938220966,-0.1011764304417855
0.0305645730293114,-0.952647393851252,-0.0713304916231223,5.43623403777618,15.52962817339457,-18.7002622334579,0.0647690944023231,-0.920751303747845,-0.1019410191184029
0.032899933186912,-0.9578498239838013,-0.0772832017857885,6.705413551919989,15.434295485077325,-18.475313098660635,0.0657594213893348,-0.9204437493781285,-0.1041810613215106
0.0371323503190733,-0.9499408717445672,-0.0820434985733779,8.290265619772937,15.56643916116876,-17.94446823091696,0.0665680617905989,-0.9156711977483868,-0.0977014775779778
0.0370143650498166,-0.9451292849531856,-0.0724477380511818,10.487734947894776,16.036487126483426,-17.16361086914731,0.0685351913329787,-0.915166621425236,-0.0973258750171406
0.0509471007911414,-0.9511409950709612,-0.0644179570685533,13.16027770987406,16.660358281501576,-16.663795672551682,0.0726617477166473,-0.9166789855620054,-0.0952098966247043
0.0592702549416391,-0.9497552469052676,-0.0704812535037758,16.10622976374793,17.30599600562353,-16.025156118525864,0.0849884962257714,-0.9170537677115084,-0.0883275686551464
0.0595641538377555,-0.9508881944557148,-0.0609397908844466,19.22782612967174,18.0139027883298,-15.405221031593262,0.0964957095729898,-0.9192419160388068,-0.0875593796019915
0.0694907206864184,-0.9626622790797992,-0.0554113929680296,22.353748183293067,18.49967386407309,-14.870126234729444,0.0978389416145954,-0.9198073677865444,-0.0881574976079216
0.07244758668598,-0.9597136021613724,-0.0800573002111641,24.534251524952417,18.732105926237637,-14.252106045566787,0.1041401478494886,-0.920538149671199,-0.0918972109236616
0.0745078281375858,-0.948422170490819,-0.0798963056387712,25.843233802485106,18.64188487000797,-13.855092898798471,0.1124781145358159,-0.9225433384849224,-0.0951439630855245
0.0775370521940907,-0.9496861766787752,-0.0582091878167,27.15846323092829,18.4472925607802,-13.44551397323859,0.1125863430338437,-0.9171615907641956,-0.0950096796473123
0.0748111813093058,-0.950598354624967,-0.0554117208530958,28.48664792263342,18.60178954701564,-12.71009938506302,0.1106752453917029,-0.912834386935936,-0.089980646585432
0.0773801038176514,-0.945133459890024,-0.0536703740727073,29.50572696147829,19.086985682321146,-11.892269438508018,0.1061292142216183,-0.9111120871084748,-0.0852320732162071
0.0767406106457259,-0.9385751552489312,-0.0536356472172096,29.75393484934414,19.594800635868364,-11.137845833679304,0.1025573317193132,-0.9140897365893316,-0.0812096741564645
0.0645504322550168,-0.9423882415105554,-0.054555579251781,30.789842961674186,19.74053399728337,-10.273746662391742,0.1003452330904912,-0.919664663486355,-0.0727593437345138
0.053855572957167,-0.9484805505538684,-0.0538348160801557,32.18455470369658,19.673948792226497,-9.496808158430682,0.0896108267501412,-0.9156339408848544,-0.0721402034927566
0.04891804872515,-0.9383454927789956,-0.050680773436274,31.61539148646886,19.484843733567367,-8.786113149516106,0.0832987446300241,-0.9149417163455869,-0.0689190360881973
0.0480812791489614,-0.9415858365928778,-0.0433322034560559,30.689192694404547,19.182867324642004,-7.910342520305599,0.0806667577998067,-0.9170769584060336,-0.0646626842843964
0.0496209466118139,-0.9547653844538284,-0.0368855597131791,30.642424198360107,19.275544300874444,-6.998262219645371,0.0756891547024755,-0.9194383938452008,-0.0620771433835946
0.048067091917997,-0.9498935736717232,-0.0229688963773873,31.416575531145533,19.629816276426684,-6.0978490376449335,0.0809817523090302,-0.9212454684230428,-0.0548303726968816
0.0471379652522043,-0.9474369751421284,-0.0236778407539262,31.94279559683048,20.18219642450288,-5.403440263086138,0.0804759095922851,-0.9164644774491856,-0.053475887369139
0.054911931427994,-0.94406041475709,-0.0211948648638996,31.119289650736413,20.6711882690327,-4.757838042901268,0.0833067642208359,-0.9164417396382674,-0.0417369481589974
0.063342604518767,-0.94303650240684,-0.0027957269044215,30.558053542406192,20.59662537236653,-4.133854237043809,0.0986725438416311,-0.920112258773849,-0.0292816890812015
0.0697668063865557,-0.9530271637091752,0.0027070042784579,30.94439370876716,20.75025156947684,-3.7469568128494295,0.103806755290702,-0.9194902057280676,-0.0220232527642595
0.0801207508853636,-0.9428663683643316,0.0111548833129283,31.94535137034929,21.24000357122205,-3.240222496790172,0.111503138382276,-0.9175737806216656,-0.0092196188599167
0.0947768284135428,-0.9384557607765652,0.0132136977157234,32.772363236269975,21.4382717700214,-2.673311954028793,0.1257986078580952,-0.9185274256098792,-0.0075987050141452
0.1139079738729663,-0.9561954350108242,0.0126761676248588,32.862405355075296,21.53685876350244,-2.368318827311573,0.1377706777928498,-0.9161817641687656,-0.0047460027482338
0.1245189507312511,-0.9513221217540332,0.0081517684745049,32.37974346881634,22.011272913779827,-2.183921331379316,0.1471213361814889,-0.9148105688825948,-0.0030620386720039
0.1239302282804901,-0.9423721623050854,-0.0002835342936687,30.784302945637773,23.070401946412044,-2.0613736026054577,0.1530310289749634,-0.9199427921892216,-0.0099853551681463
0.1239117809138458,-0.9576794939229312,0.0119178183839816,28.8694501003004,24.44580343447553,-2.226564222656613,0.1567291925824207,-0.9237125000120572,-0.0097501439660839
0.1366069023441594,-0.9669454664455156,0.0061913108844068,27.211953851173337,25.78687268339467,-2.339527661598811,0.1571185855650152,-0.9277473166186452,-0.0084197398340361
0.1471763091851647,-0.961768958756654,0.002565958150202,25.065561320467584,26.818613864074884,-2.3958161773696984,0.1637603877015632,-0.9289520139683742,-0.0071516747298257
0.1400991646304861,-0.9634399503299832,0.0160310004635429,22.7866150788452,27.89467036839389,-2.8517031702840043,0.1693747459059705,-0.934963468765149,-0.0036609323332836
0.1448795053575507,-0.974420098380048,0.0132935278862245,21.020279948450774,29.227932606555918,-3.2395789960362134,0.1697389938464644,-0.943978525228081,-0.0018465733172162
0.1502024220037633,-0.9849462612180496,0.0130788994983362,19.74291873673151,30.35267140358799,-3.6376447426847545,0.1718403631124792,-0.9481143667937296,0.0002553175777038
0.1422968972299514,-0.9903698599763904,0.0166879065385453,19.37740474943389,31.38801290526764,-4.067900500766332,0.1703954040459324,-0.9592488201519024,0.0046721284149225
0.1438463278423886,-0.9910160384353732,0.0220616251465005,20.53888615079443,32.41248094151995,-4.1350127057615405,0.1717135947817368,-0.96258773633482,0.0071724207609014
0.1456665597308129,-0.988332524681124,0.0224720360157552,22.028840493279105,33.29016286866612,-4.319560609210586,0.1723548930822681,-0.9543999879777862,0.005476886935989
0.142390628744261,-0.9891197266289282,0.023479446182374,22.643913300095843,34.165964250087626,-4.374325091813907,0.16759788208414,-0.9516623007404296,0.0065053163252402
0.1408998306896308,-0.9873526327967196,0.0276853647714034,22.777097036873545,34.92474238102399,-4.000936985949511,0.1647284871539805,-0.9490344501261068,0.0104942046844458
0.1313873666432454,-0.9690973946895108,0.030432813080042,22.7707427987385,35.48679469387944,-3.663788036515985,0.1593190371483702,-0.9378919192119304,0.0151789371372083
0.1165781024942669,-0.9634112684781616,0.0453031664279229,22.52366814074889,36.2027618284535,-3.433321812989245,0.1501420911091164,-0.9304848993514524,0.0223961017734031
0.1169070880506028,-0.9680984789055692,0.0411273390868634,21.694313830205555,37.041722100479866,-3.444472987072305,0.1452061940151568,-0.9284793636592208,0.0280647126898351
0.108736609264247,-0.9522548072631792,0.0416373110693368,20.4653859114976,37.57291539798254,-3.5384777801618243,0.1394305276701737,-0.9227694829331714,0.0310080914340551
0.0886211989729002,-0.9516506470530632,0.070791940892596,18.55219300256048,37.65508655011104,-3.482100089295831,0.1250466187459563,-0.9254740424048108,0.0383396396085229
0.0927094448339254,-0.959240839728922,0.0682085969942855,16.349709492831003,37.05798427428245,-3.7112480423273695,0.1225947797242797,-0.9277670064196027,0.0444591119824774
0.0970229569177333,-0.9557907347799992,0.0504132991345547,14.877600207600528,36.14018357192504,-3.989811988134073,0.1321106962569551,-0.9302335797760468,0.0427153987537749
0.0886305561924988,-0.969334360883143,0.062912045097066,13.376565342408448,35.533579567863654,-3.947742029411414,0.1247001005183421,-0.9369522264180076,0.0484300349789532
0.0858208344376812,-0.9769979194834284,0.0723196197306475,13.14853754981601,34.830691187820086,-3.5373172306830134,0.1135348590458076,-0.9376972652769676,0.0613681970934987
0.0846459859460436,-0.9752267691398968,0.0692764520620597,14.661505041678112,34.01936686742076,-2.8206874333469787,0.1155336625116745,-0.9461592162011374,0.0657507963325326
0.085436657312429,-0.9787939533024496,0.0734454769488878,15.46676261182749,33.41912816903792,-2.7115811118286373,0.118233318014697,-0.9472057646153356,0.0630232888708477
0.0826407113268809,-0.9765995510024568,0.0695617712872775,15.259777197590145,32.65144524017906,-3.029930466372565,0.1149944045545149,-0.9422410966767408,0.0574973819390011
0.0745450235203673,-0.9791254601570404,0.0671353817910504,14.147905476168663,31.541409797265928,-3.032812958643346,0.1131728483569716,-0.9469015747875154,0.0538849449046175
0.0822223151979112,-0.9831915330993972,0.0747616853213243,12.760569094419129,30.3708809129893,-2.974551447429873,0.1166999505053128,-0.94643146289487,0.0574552480930788
0.088628784024774,-0.9824071153083822,0.0826927372728198,11.933418381102651,29.29037706273307,-3.103629395408337,0.1126293945192565,-0.9491030768397268,0.0680673378845305
0.0735934154159427,-0.9888297277809944,0.0919253140237988,11.18244040482235,27.895776802252023,-3.4611897759894834,0.1036464445074484,-0.9540934739495748,0.0796905072391059
0.0711618454812379,-0.99121874971834,0.0996794835798794,10.811801240609912,26.30456303125896,-3.231333156974772,0.1010475435675358,-0.9553704939019853,0.0866346121913754
0.0760310889576349,-0.9878077042374545,0.1078042387994464,10.827347810193752,25.21791140863841,-2.4813713876173837,0.1065021061355012,-0.9584131911369912,0.0918195567341093
0.0798804378167818,-0.9928231881021048,0.1062723133199917,10.842527322261768,24.51043495858769,-2.302888904226032,0.1152399002300395,-0.9617728550003032,0.0939902432403069
0.0923610714526887,-0.9875686005585056,0.1122901891544264,11.051821485708857,23.873004626538044,-2.418327310629329,0.1158956235374027,-0.9629491680221708,0.0955297307834859
0.0920152604580679,-0.982317043788409,0.1212191743032852,10.854680327533906,23.318562101764083,-2.3793996444558974,0.1204986793031183,-0.9563163947489286,0.0984192200137228
0.0989151320699952,-0.985719298576758,0.1070361454723166,9.460209986369016,22.88454342228568,-2.1690114458948497,0.1281759734117192,-0.9511049636107348,0.0982571236838473
0.0979742619300775,-0.9776348528344484,0.1071717973408526,7.814851984410415,22.580447278534823,-1.966269198573948,0.1274340291556023,-0.9503374959052366,0.0995571525440647
0.084510005017473,-0.977840405419344,0.118831133763665,6.98888097631681,22.14066427516967,-1.863184241107236,0.1345247660381665,-0.947080097249311,0.100392436100603
0.1037762211972002,-0.9815860915262402,0.114511041177393,6.3482534751204325,21.5690947863544,-1.7440393088935402,0.1387688319247013,-0.9463591082197678,0.1017387454034022
0.1139748273687293,-0.9803311007655872,0.114026640144344,5.472199215122662,21.062660353129232,-1.7319485551006055,0.1344663130580913,-0.9448947547107532,0.1071947160767072
0.1091509417333292,-0.9772179329946512,0.1203314284935853,4.782663008435082,20.487710139826277,-1.779823039674592,0.1352554984694595,-0.9407825868609412,0.1069961368440272
0.1077692473706619,-0.9705673291755628,0.1198717398256579,4.01241538311575,20.083567409266504,-1.7876910031797453,0.1312445223172404,-0.938483220425463,0.1079057169077667
0.0936941868377784,-0.9706670761278262,0.1216089755697676,3.124839600653058,19.85249823785788,-1.6210994155512195,0.1249038417871889,-0.9349744909184028,0.1126584961917839
0.086003542619479,-0.964655725865782,0.1269246720428672,2.6903636487077183,19.28945904409028,-1.45211537744015,0.1189310924421765,-0.934381848418364,0.1092859766151443
0.0829310350492451,-0.9669875603744572,0.1295864604501591,2.124474175260738,18.567564509111538,-1.411997702075952,0.1157210681358394,-0.9382461295096044,0.1114597337930723
0.0856008516182371,-0.9775273058129892,0.1360226338922782,1.1043328455114072,17.809026488754586,-1.2025248073939117,0.1146631930196438,-0.943088032359992,0.1210055016141307
0.0808782859723448,-0.9805145962315448,0.1443664433617246,0.2950282787576588,16.903532657781202,-0.8862920122632062,0.10673079600502,-0.9535798825327988,0.124885158886991
0.066219621664316,-0.9888043482792344,0.1553630448811934,0.0112227502803442,15.954366548759271,-0.5842041265069058,0.1041334239786916,-0.963292434621742,0.1313853522113712
0.0740775953464558,-0.9924124750089902,0.1628733066290599,0.3968203810761024,14.963904001002994,-0.263668683988964,0.1047081434672172,-0.9678133405830192,0.1382805699924063
0.0769116524671298,-0.9942702699485853,0.1650359983385219,1.182145797275998,14.10455085868352,-0.0561435769488638,0.1066713270382057,-0.970924606998083,0.1432630618351727
0.074936161527664,-1.0017602344181848,0.1720988698644971,1.9047514883562269,13.506003920517063,-0.1196628465169907,0.1119082369674588,-0.971810616998494,0.1504734701959998
