ADXL_X,ADXL_Y,ADXL_Z,ITG_X,ITG_Y,ITG_Z,MMA_X,MMA_Y,MMA_Z
0.075875371901352,-0.9656262542341796,-0.1838326066930905,0.9745445972499196,-3.5421435318847805,-0.9216665231939876,0.06005876624146,-0.9467802601487094,-0.0919335263582869
0.0798685682316003,-0.961428357417899,-0.1991875172266075,2.8366753660247723,-3.769136415134749,0.1777330523236724,0.056330490658574,-0.9350174046491648,-0.0891124581586005
0.0715142070998562,-0.9642141813821724,-0.1905271841611129,3.513105706233503,-3.7434018135795446,0.8956220044290133,0.0532278878634774,-0.9116640903131664,-0.086691483644633
0.0707472157225338,-0.946333220206228,-0.1763439124887483,3.177697077547132,-3.3336558254511126,1.6691241044260037,0.0598346451621103,-0.9033376792010844,-0.0872443676174317
0.081563328183747,-0.9538153241346474,-0.1755833950173469,1.7162029874493012,-2.6980901497522543,2.0867179267574234,0.066270479953306,-0.9029165274071248,-0.0850305016389451
0.0902656377749057,-0.9346973834856582,-0.185424952732186,-0.0269506033188759,-1.971189701153043,2.1434172554759874,0.0656399056782955,-0.8948257652969134,-0.0839637043811629
0.101852903348856,-0.936471897726928,-0.1806459414788825,-1.6308548009661243,-0.846038045571248,2.263370489714929,0.0754509521326631,-0.9077173553713292,-0.0818568991262404
0.1022268614711497,-0.97583024442378,-0.1684466798808141,-3.163418747332557,0.4858928533659293,2.100759948139284,0.0829663871149387,-0.9308616671315056,-0.0758397215596172
0.1038553731154083,-0.98664992169984,-0.1771955781356243,-4.062158334948803,1.5360360703920326,1.7668815505534008,0.0822890231747385,-0.94417042900205,-0.0748055103907495
0.0999113324532646,-0.9860729792988232,-0.1701964346186045,-4.217711452400864,2.4930942149758386,1.6077478687501054,0.0749908068677099,-0.9490909156224594,-0.0765666539373081
0.0885844427952597,-0.9808164424408468,-0.1760568094562302,-4.182334240099904,3.3980529163798763,1.2749598535401347,0.0638446438967304,-0.9491014608925236,-0.0788888288132593
0.0858094434227231,-0.9876476840941898,-0.1744656019626516,-4.189072305179113,4.135654058896875,0.785065635108795,0.0614226123630957,-0.9509465971044132,-0.0795931871326738
0.0700515885612367,-0.994392032805572,-0.1680590750646337,-4.111455427118477,4.688455837376448,0.4103382810612077,0.0561400470255962,-0.947766018459224,-0.0807083728011288
0.0666758634856119,-0.9817046619002532,-0.183274566424155,-4.2367254535313394,4.995284677625277,0.0141973387481671,0.0503985685292459,-0.9443332182753044,-0.0766654501933602
0.0731013327135262,-0.9749568270000006,-0.162632667565707,-4.099021338050464,5.147249406763319,-0.2397661348007059,0.0526612167655355,-0.9421887767951984,-0.0632478316491709
0.0634601570673775,-0.9824677835954896,-0.1542436403105055,-3.382490739164718,4.904346899095446,-0.145453029028401,0.0521307826207397,-0.930066966652217,-0.05604660682276
0.0756026606851792,-0.980575391203176,-0.1528579135208807,-2.799428969832804,4.520514640419831,0.106456540204139,0.0534914058067924,-0.9245986082782224,-0.0561480483454527
0.0831581312568269,-0.9604173983318594,-0.1438017676857185,-2.4643239391920164,4.366050185744536,0.3088470299360484,0.0561647492159208,-0.9300118976993748,-0.0576781529840698
0.0779873006376261,-0.9677981570347436,-0.1591631234671794,-2.0231061011629774,4.101139143068987,0.3853473902132882,0.0574597260083573,-0.9352820958046394,-0.0569470560863015
0.0825015411626031,-0.9840079640262166,-0.1459132079842434,-1.1501120759861625,4.160171012753428,0.2716333988893631,0.0602809809479268,-0.9356734041771468,-0.051866825963498
0.0792913980319323,-0.9660076088319424,-0.1440479214523191,0.0844208144219761,4.38660551062349,0.1284686516318826,0.0619046600561637,-0.9270048889515964,-0.0500006159261195
0.0838415397237833,-0.9570739222905578,-0.1590570037726158,1.5958847608007685,4.252962727746122,0.0119832002987261,0.0721017949224935,-0.9194359005145658,-0.053013720995025
0.0958198492803048,-0.9632119358713344,-0.1463283786481178,2.767760411044472,4.798804594324864,-0.3271311082046365,0.0825529214361389,-0.9142300886740328,-0.0572351768303409
0.1090405078182038,-0.9565353205397978,-0.1561137085034416,2.509101057421748,5.812367249116677,-0.5384069178618125,0.0787915234568597,-0.9163176162173438,-0.0581376325324312
0.0953725689784473,-0.9562254916136402,-0.1489590015269966,1.21074597142733,6.315294737440912,-0.4241145188956959,0.0706913996919019,-0.9216488513251392,-0.0534507864300397
0.0788912244057634,-0.963670884117883,-0.1397428167906325,-0.0339400356254421,7.060311101229234,-0.3180134310209929,0.0628807308940688,-0.9186805514251196,-0.0462736724896648
0.0792727910253386,-0.9675006520465144,-0.1524563698649356,-0.5825063313599672,8.255061660061537,-0.3695666123842067,0.0589665060778509,-0.9176965841727686,-0.0430208214168189
0.0536766397711419,-0.9746351079601614,-0.1142910171802834,-0.6898131267947566,9.084857773015203,-0.6157365043007814,0.0573289543065733,-0.9218812625434514,-0.0435742472726106
0.057546388960834,-0.9758987294050934,-0.1195425201262855,-0.5886973412690484,9.25889748406305,-0.8240390460651676,0.0532406094833668,-0.9340100439855492,-0.041323781309021
0.0723474232926199,-0.9708193283422712,-0.1547856637352271,0.0038090903605734,8.982983363596224,-1.06645139434165,0.0537603983198479,-0.9332773031162894,-0.0393984987133624
0.0716954392815821,-0.966997317868841,-0.1479029432843741,0.5181304977356412,8.898873784688837,-1.379658708801678,0.0572897698311162,-0.91798316407873,-0.0430786829475163
0.076976364174479,-0.9650004982330104,-0.1488970683200807,0.6309371000998486,9.322097751384153,-1.5557052326530665,0.0594016445167582,-0.9221843849254904,-0.0460522055066273
0.0677891550501535,-0.9666900220279464,-0.1356685398829485,0.2510443580367833,9.585374063783906,-1.5893113153273828,0.0551204438610859,-0.9255974504422364,-0.0481905475523312
0.0720350774818139,-0.9658518653993042,-0.1466482296162596,-0.5053332535993897,9.290730248759848,-1.2806002559745056,0.0436327081770368,-0.9219104430057012,-0.0555866765367572
0.0616358102800267,-0.9671399146399018,-0.1569329286223871,-0.7772512841752087,8.861888038180462,-0.9291149820797322,0.0366863730820702,-0.9243798897246625,-0.0598060832326744
0.0453866360326045,-0.9580040277397032,-0.1554836113716917,-0.4999466823349616,8.678578134761642,-0.7286162659370848,0.0350576837565928,-0.917549567970222,-0.0624184724287878
0.0513932292637335,-0.9586589650528488,-0.1735681256599049,-0.1223052172197456,8.724857372305426,-0.6758538824280812,0.0356280316166301,-0.9145325315569934,-0.0637630286152419
0.0540395292663195,-0.963827922362251,-0.1536383657524914,-0.0259305624466904,8.744186488349342,-0.9932731125098896,0.0405773535947982,-0.9173753756611926,-0.0583429461810906
0.0586604438388914,-0.9294833766183505,-0.1654745296179616,-0.0792887759298692,8.69132750072633,-1.2140224618791775,0.0446029477390974,-0.9208811579091316,-0.0565168240207364
0.0540285289894428,-0.942822081662953,-0.1821799651640704,0.0153892377912294,8.456027562191522,-1.2550357348449066,0.0427178097595139,-0.9285582361497372,-0.0571192092763316
0.0574075026979238,-0.9783392997767488,-0.1689134020042819,-0.1089042773839486,8.11570464414406,-1.2831366583122932,0.0407386397575662,-0.9206574738616344,-0.0619104661870169
0.0606388991713115,-0.9656731548341204,-0.1773580838239357,-0.3461431091815926,8.281416665440844,-1.276839401617953,0.0420822823478198,-0.9212026176973852,-0.0665950956258092
0.0532182273111915,-0.9736130816548152,-0.1630903921036852,-0.4760086721697398,8.671942059571814,-1.2972480602226968,0.0425816134323019,-0.9345957128553444,-0.0612138061270597
0.0619918110577963,-0.976306190641514,-0.166605615052481,-0.566199900390643,8.785370361622446,-1.1005493901485044,0.040014578459478,-0.928288904925178,-0.0587084755314421
0.0615240792764823,-0.9689992200887086,-0.1743510453375565,-0.5324062883266729,8.77820562360068,-0.7982384650460931,0.0351530683255652,-0.9275141049838648,-0.058913422267885
0.0488168392338573,-0.9715820942107268,-0.1573042981971053,-0.3717908454908779,8.566695635723779,-0.5146335312927726,0.0338706032501212,-0.9297501894238792,-0.0577549618118825
0.0437487735791369,-0.968700714516726,-0.1550460408104576,0.0919311618551064,8.299472262519433,-0.3479564175971346,0.0376869256874914,-0.925121152648032,-0.0587607780165983
0.051456134372112,-0.9628770201499685,-0.1616672241014776,0.6515640730636162,8.226479674369795,-0.4359740368660656,0.0383580903649318,-0.9264721820700524,-0.0610532161728683
0.0592783119495874,-0.9569077514765668,-0.1665339242859199,0.7864605113118736,8.13480295719637,-0.5240784815496377,0.0372063186680057,-0.9198004503127488,-0.0631249838343903
0.0540207245770233,-0.9790878455643168,-0.1380868065473682,0.662794469619724,7.882660162592998,-0.5484615874867308,0.0430796843254666,-0.9192132038686772,-0.0620629404192958
0.0584844791420193,-0.9804039120648677,-0.1399970013831838,0.6046260508675159,7.527135892775906,-0.5573220173865286,0.0475026198279374,-0.9309518291640622,-0.063515553145137
0.063876593392641,-0.963749524095686,-0.1710795148981799,0.721187632155157,7.016345103415534,-0.518471709227367,0.0449315332937472,-0.9331647192738276,-0.0633450426153051
0.0593563218003802,-0.973083814374634,-0.1602314444521615,1.1279127526905717,6.316896813226688,-0.4476821566543973,0.0443681860406895,-0.9273618599605172,-0.0600331356106487
0.0661246983950748,-0.9700248942350724,-0.1597095876520011,1.548373909668656,5.690566753590448,-0.3440008087535213,0.0434996704290073,-0.9222832329304058,-0.0620553104302162
0.0629712571126621,-0.9585698438601364,-0.1599224047728521,1.4628307865295755,5.377177067039715,-0.3170158161651322,0.0399540273292741,-0.9153415945530368,-0.0635160508336318
0.0511620973682143,-0.9480045831883722,-0.1598412140637871,0.8535055322727542,5.232633714776395,-0.3721642117540209,0.0358794195656946,-0.9119621987690184,-0.0651473059893484
0.0584340549622862,-0.9562307932715776,-0.164362988742823,0.219972823126222,5.012147958627496,-0.2198182770218713,0.0344651847728477,-0.912934239695962,-0.0645339174275455
0.0558679669511161,-0.9690262666457116,-0.1538365061481222,-0.1718612528362726,4.867798435971166,-0.0569604681493331,0.0364287727381383,-0.9150769325684756,-0.0582186151595548
0.0585230330899238,-0.9644838522115392,-0.1613098628336071,-0.3676053680844177,4.9118894095479,-0.1753309767301648,0.040521280421761,-0.9216916197455828,-0.0570086834733117
0.0753381146549204,-0.9717855882143486,-0.1645068935981774,-0.4197205983795828,4.982057362187677,-0.2257303271769505,0.0481417317177012,-0.920273962941376,-0.0582547053341494
0.0671073041669768,-0.963526492407664,-0.1647677418408635,-0.6545059990442981,5.034699943489304,-0.167293258675603,0.0501057498237244,-0.9204559447731112,-0.0572220414687382
0.0646259914302812,-0.959564738273783,-0.1624494208838976,-1.0179737411090166,4.807373241126234,-0.1128415282571661,0.0507352237482315,-0.9319557797993552,-0.0573023620295347
0.0722215550030943,-0.9799111106840896,-0.1565209673736971,-0.984793076823948,4.440621822717147,-0.0699123375316019,0.0508485366275189,-0.9347936018327953,-0.0552168336818368
0.0689219574591058,-0.9706301967897676,-0.1663150967651182,-0.697706285838412,4.197807622954437,-0.1024981789863528,0.0439129964443243,-0.9272147860765269,-0.0532785505523137
0.0655581593869291,-0.9535622751293747,-0.155846890138024,-0.5936952021614998,3.693785639232398,-0.021347143063522,0.0444974319262093,-0.9180938190159748,-0.0552705589291047
0.0615688781461742,-0.9497637254356808,-0.1551621611311923,-0.7971125539107443,3.2597938767390504,0.0802455483574436,0.0471550046627161,-0.910969854688835,-0.0546409927334458
0.0625165930457128,-0.945031518301997,-0.1654050344587244,-1.2290096646558604,3.1391996800645345,0.0858156029083836,0.0479413823386932,-0.910258895232519,-0.0501044260473737
0.0651076388819631,-0.9610185062239784,-0.1480733512869882,-1.6922397399226288,2.9648343253920952,0.1540362455010649,0.0493730193582608,-0.9153131253037964,-0.0462005428719968
0.0708323431860032,-0.9712436441433668,-0.1537557389926869,-1.962172455692944,2.896170294996475,0.243535894647055,0.0437472193412108,-0.9213535589984936,-0.0479418347181459
0.0700855084918448,-0.9637051306702218,-0.1632886275468317,-2.005559826840355,2.8484250093050183,0.2926501705840252,0.0468632595878331,-0.9266308532065892,-0.0515887872822256
0.0606160246679619,-0.973012630577012,-0.1498703165748395,-1.916444538925468,2.8315301072774632,0.2506945340701537,0.0535341289227697,-0.9223705514731748,-0.0502710171195779
0.0608263772181729,-0.9651272971906488,-0.1660146068758066,-1.727173634488675,2.983235547676405,0.1305498210897332,0.0491429436986177,-0.9165852433360407,-0.0478863830354738
0.0616605060839613,-0.960346793488032,-0.1603440484784925,-1.8790508410625,2.9681435251661705,0.0491627276950064,0.0488091420710476,-0.922598728803935,-0.0453368928410165
0.06657218230625,-0.9746165573830504,-0.1320070108224996,-2.300309685335478,2.841165914043404,0.0161666147406784,0.0518928721728312,-0.9278694124508752,-0.0481232177458821
0.067283348888251,-0.9666478775790874,-0.1526294068744195,-2.373721572037621,2.7656623169347667,-0.0566695405493007,0.0517417035998313,-0.929779575277762,-0.0521335267047074
0.0674087836290696,-0.9723023597648668,-0.1542873711011361,-2.3535045407772035,2.8593622982691,-0.1724483354617132,0.0536978185434012,-0.9253255850511788,-0.0514531479055182
0.0850256087294497,-0.953523239177276,-0.1493694435121431,-2.4022506552596075,3.3301082405904103,-0.259907626719581,0.0579264060272451,-0.9170767691144336,-0.055219185517106
0.0911782979412628,-0.9278486937950254,-0.1686581798628192,-2.413549276549446,3.8667459810168383,-0.4121959327485316,0.0632188499558087,-0.9143275294746562,-0.0573025037379274
0.0854900373498907,-0.9496196061412496,-0.1707906691821601,-2.7212457432285,4.09790448244602,-0.4999569732548404,0.0671834094224726,-0.9098781587177532,-0.0588634313724749
0.0826153508152868,-0.9505326242676791,-0.1696068749857167,-3.563134997254331,4.071664580892846,-0.4506511167402671,0.0644091068938695,-0.9126636322246692,-0.0603562683147615
0.0851950417968953,-0.9603659854545894,-0.1487970057441964,-4.48977607751295,4.012325058950127,-0.530827019477557,0.0582824482331677,-0.9211160436145888,-0.0557411914550367
0.0804820324919249,-0.9648963496759204,-0.1575991165447695,-4.574384314827394,4.360888516448592,-0.6849648309274491,0.0585309489348679,-0.9246261480612148,-0.0527352255827134
0.0640684608301615,-0.9505826270193012,-0.1782967688371048,-4.093431082562908,5.2242395888451485,-0.8608211078570799,0.0608723503763806,-0.928856667073132,-0.0497700012916397
0.0711286786479625,-0.9658341951415612,-0.155142090336206,-4.043620297965261,6.18513775930026,-0.9588153643645294,0.0552721865898937,-0.9248679324310026,-0.0510562053186429
0.0763395460793648,-0.9676448917631184,-0.162126480817045,-4.724009471504639,7.147360535048191,-0.8707339340464443,0.049477504514334,-0.9185592371582232,-0.059376476823297
0.06467765993274,-0.9685003725109316,-0.1759973464955073,-6.116187921499953,8.139070415221976,-0.7684803088427963,0.0495296977067819,-0.9182542228466354,-0.068657911489781
0.0646010633111853,-0.9694295407268184,-0.1730472808406783,-7.035464887166507,8.994494057289165,-0.6081796967447944,0.0481392703008604,-0.9176703489372242,-0.0734888202751135
0.063307671999732,-0.973237927481444,-0.1743050523967247,-6.258265588725521,9.338997996759524,-0.4896127875787011,0.0508326195514913,-0.9271086812898952,-0.0701316958195987
0.0662613990831153,-0.9830390227591328,-0.1737598986420698,-4.4940802430521805,8.99056935677812,-0.4786736767082399,0.0575751766653958,-0.9311061992566012,-0.0719286960250301
0.0814090110479458,-0.9728399858922828,-0.1780874468697718,-2.897493401867085,8.322278568973257,-0.3971971679697358,0.0586296102474521,-0.9231587140561374,-0.0768414466975782
0.0854302644712438,-0.9740097504499952,-0.1813653940980215,-1.8167424821930116,7.611670670108381,-0.2337663127696382,0.0616660907981503,-0.9251495519300657,-0.0769426221000827
0.0706530221378083,-0.9697256964526748,-0.1812327245429024,-0.883980784318949,6.990360202047297,0.0613006433565046,0.0609167209072996,-0.9284736385516844,-0.073747171226017
0.0591402966218278,-0.9757445358595532,-0.1540162158095326,-0.1081232549335798,6.246578086805694,0.4150101973981857,0.0477639387455158,-0.9342358949339372,-0.0658756573637654
0.058474095444495,-0.9964103383314324,-0.141058480998924,0.1123949982363989,5.572368422224951,0.5426791517888208,0.0376082531064439,-0.9450794360244388,-0.0661723104945452
0.0554445319708545,-0.9896546705768268,-0.1716475156781047,-0.0858093462555208,5.885367039427065,0.027194545432001,0.0371858511694878,-0.9501252321332374,-0.0735505028866655
0.06472121713284,-0.9823905648214556,-0.1789240880346693,-0.3070936573366578,6.937874184925883,-1.0312801070407382,0.0449822002093749,-0.9424287019256312,-0.0745092382422106
0.0759805854324718,-0.96575347048753,-0.1673672673407398,0.137578815506751,7.72979353679627,-1.7943716674117656,0.0534744910365286,-0.9208294866810084,-0.0651432321168364
0.0673379186696754,-0.9401013053184476,-0.1576741867746665,0.6772582775686921,7.922582106480607,-1.92243640823951,0.0564783390027569,-0.9025289609956422,-0.0535204085802111
0.066001992204663,-0.9349648894314404,-0.1487139941377437,0.0728193376464551,7.718606453839685,-1.6147396053264127,0.0567879818418317,-0.8915941719518944,-0.0490615913344992
0.0702715893609985,-0.9398613399421352,-0.1481032872394261,-1.4739471171113097,7.299401028735848,-1.1882643557006425,0.0494644055415002,-0.8948164209180193,-0.0430133474821458
0.0571477319773575,-0.9446309132645112,-0.1337558052841861,-3.232389051878348,6.762277863302724,-0.8879946061436611,0.0417045119791913,-0.9060896979551096,-0.0389227540689331
0.0531506247624845,-0.9573946368022004,-0.1281645067626723,-4.1486056833071085,6.347803905167565,-0.6845362173435806,0.0397476315987054,-0.9093213425436564,-0.0432052208976155
0.0696851663660109,-0.9707376943334058,-0.1452745428105344,-4.350087972280488,5.969252668772511,-0.5284245170669661,0.0399244875192217,-0.9182153547227808,-0.0452271151020206
0.0525179822345504,-0.97589648014541,-0.147243589185472,-4.534583276324871,5.696708431796879,-0.4252633146059138,0.0445689460395126,-0.9273683394234372,-0.0459565966824867
0.0328896224872586,-0.986100249319988,-0.1492487551222181,-4.240363756488023,5.844893758472413,-0.5166959632393305,0.0468840887335669,-0.928417536803838,-0.0524815293138502
0.0599689839113752,-0.9761931663725968,-0.1570063749951193,-3.875149801567412,5.892519865718017,-0.6602971351842791,0.0452000344616811,-0.927975629964156,-0.0581566190333557
0.0662836708471244,-0.9679919010012932,-0.1578905894255164,-3.562406893454418,5.395344077949978,-0.7449107502569062,0.0444801517934782,-0.9355267301645191,-0.060576496336318
0.0647323018128701,-0.986765732217836,-0.1638990725020391,-2.613893691190461,4.6907260817530645,-0.8148831476942957,0.0465790340412046,-0.946408673005186,-0.065737365670984
0.0725358336853575,-0.9816899737893128,-0.1647812315305886,-1.121488446952726,3.896540964508177,-0.6886739943079397,0.0475427885350506,-0.9367684782907382,-0.0691063951203084
0.0601439530232591,-0.968059628496849,-0.1710674601029153,0.292922598907768,3.0089029379572256,-0.5237715160855876,0.0461942537004325,-0.9224011774912856,-0.0703877950123628
0.0609758272301325,-0.9569987229439204,-0.1780499977953543,0.5686177016147369,2.237553777043181,-0.3139475955480098,0.0498605978031765,-0.915635049632704,-0.0723211333389522
0.0650609838414964,-0.945070164701356,-0.1666721788675288,-0.4394982446982585,1.695780805321185,-0.0489239356893796,0.0483886144732978,-0.904108361172288,-0.0729595754749323
0.0630193580579362,-0.9518683135990944,-0.1642183833085884,-1.9213924807314624,1.386746502219621,0.0520616371063088,0.0433492930017497,-0.9022105737072056,-0.0709835853115707
0.0636820817100407,-0.9481892753828532,-0.1833226786713026,-3.232960069553556,1.2657000722471987,0.1151247289484419,0.0449662108495344,-0.9107969556111736,-0.065400656030473
0.0620920351418539,-0.9647968743034154,-0.1715927469860069,-4.171609139476507,1.2562704315351994,0.1017481550623304,0.0454356098711867,-0.916104142434902,-0.0632144705328617
0.069965615119763,-0.9897334872986716,-0.133918682819436,-5.112841546668065,1.4361132088716082,-0.0341741822986718,0.0473941651772093,-0.9167892197691286,-0.0597074779409594
0.0725763736870826,-0.96076063462321,-0.1416272710705783,-6.082022838674138,1.8860518518354892,-0.2741186343274781,0.0500465278962028,-0.9128728942641956,-0.0539402191773538
0.0692708187285136,-0.951372134741589,-0.153618006664799,-7.147173604154172,2.520202202899476,-0.6044949368424127,0.0498738483042962,-0.910591931057744,-0.0523904162469626
0.073115432367921,-0.9593866989311988,-0.1451998658286435,-8.28413669782415,3.215815225179831,-0.8984836102230769,0.0498861111374706,-0.9128487885187384,-0.0458895988481189
0.0638654506139586,-0.960771254430444,-0.150879874146747,-8.908733156817748,3.3642344666697666,-1.0777205659759916,0.0505502788916872,-0.91893168780823,-0.0459943698523489
0.0589926793469693,-0.9901680325393052,-0.15504582421522,-8.737753629030054,2.998810564299715,-1.0699888849109995,0.050790168736647,-0.9326158188574264,-0.0544990700579919
0.0651027728499017,-0.991950414179138,-0.1478250966853572,-7.544607399952603,2.986022600884571,-0.9442201118257492,0.046606776504825,-0.9483240186957332,-0.0551392526805198
0.0576321104843013,-0.9886802724973802,-0.1539280393044826,-5.503156282180881,2.738969505912345,-0.6261262888687413,0.044002894555811,-0.9564428595215476,-0.0577341948955759
0.0623832963291437,-0.9960954761279543,-0.1796037126046163,-2.908333521931942,1.8184905576264807,-0.2350222690648122,0.0434554792331676,-0.9571087789603404,-0.0643894593906254
0.0653166162009813,-0.9863815086196792,-0.1731298010341655,-0.2617349764996807,1.1805300903396507,-0.0937365408901304,0.0443956945600867,-0.9496792954946136,-0.0705558038982468
0.0675474327453626,-0.9854283666477476,-0.1833975540154282,1.097736988815351,1.164456712700868,-0.127669958371957,0.0445531747691778,-0.943194989184166,-0.076979974307923
0.0718686179207426,-0.980353289477257,-0.2150822219076633,1.1741660445448443,1.4723436708677389,-0.2684521339357562,0.0415755485661304,-0.9449932807975888,-0.0803393764688171
0.0623450161214864,-0.9826487466570004,-0.1920861970174865,1.6510597870866173,1.6456563956375667,-0.3556558673284581,0.0476674887064667,-0.9463234402200154,-0.0816321781673188
0.0737491226737577,-0.9843854726480782,-0.1814259485013371,3.305328289163979,1.638413852636879,-0.3790617416341802,0.0513176618071261,-0.945914941596822,-0.0809343067680098
0.065288812098165,-0.9802295397926616,-0.1812408875132508,5.046613755849768,1.8542604975430657,-0.5393015946709023,0.0522935821459371,-0.9355753776560234,-0.0822710034970559
0.0696167988492109,-0.9753211646474474,-0.1909203355914571,5.6824041020264735,2.3660630718806206,-0.7813844975112091,0.0558975035315923,-0.9249309287918728,-0.0884718886290127
0.0965426914917789,-0.9567866019793836,-0.2194197559079377,5.154353490952299,3.143737091461844,-1.025996943214399,0.0518840492804257,-0.9237542922364128,-0.0953671708777065
0.075715937973267,-0.9625993125285082,-0.2023303200291247,3.917820959014334,3.73884936496246,-0.999167233797203,0.0518557540473873,-0.9156392231566076,-0.0979269072518609
0.0734464504453749,-0.9628530422217956,-0.190243110191715,2.675160829897786,3.8723376373167,-0.711187372780647,0.0516446068394095,-0.912593717836139,-0.0949777544419903
0.0812522612363473,-0.9530722616789712,-0.1886867497079101,1.7086856109092343,4.078094103763467,-0.4499811615281894,0.0511049715763822,-0.9149920543733556,-0.0898703356021782
0.0760769411537753,-0.9611572787832738,-0.1835598105763055,1.1364593738819475,4.57175550494901,-0.2203527664400696,0.0544625355431861,-0.9131584465254664,-0.0824861862573944
0.0746358488271859,-0.9507387315591238,-0.2009651508580407,1.2125681409115232,4.9779875245698655,-0.1389419264033633,0.0549093059950535,-0.912994815811862,-0.0786822617071609
0.067381219678952,-0.9501336309958704,-0.1933340787715488,1.0429254686343783,5.05574037450293,-0.1211835559424281,0.055696921066459,-0.9103502435610344,-0.0789708043852847
0.0726347924710611,-0.9640419240739652,-0.1752789974340105,0.2186700764256111,5.121281268933041,-0.0318535912793476,0.0513743182280005,-0.9082754665950522,-0.073469080035985
0.0684051370493471,-0.9586028276210142,-0.1735131297270563,-0.4068119022007331,5.418835150004989,0.0405734856095845,0.0507824001993284,-0.9098938082640652,-0.0638856249024522
0.0751373176906305,-0.9531652648286828,-0.1609639846490679,-0.7153234718503261,5.72884182172499,0.1655423568764002,0.0532408989085807,-0.9106852894224048,-0.0562610703755612
0.0701480969886596,-0.942639352803226,-0.1644531302854842,-0.9664508208601998,5.881780547307647,0.3455368023509562,0.0489012636947677,-0.9069264435944184,-0.0553736552186548
0.0453243620980059,-0.938756603241758,-0.1712300119511787,-1.511664492348488,5.835504769316695,0.6499508758185604,0.0465778148974295,-0.9065265453856424,-0.0594541877547232
0.0590786279121621,-0.9619272895415972,-0.1592605271899867,-2.2598459236485007,5.724967376064505,0.9449370892574204,0.0423037139954076,-0.909223413341067,-0.0603889336795325
0.0556739910830304,-0.9596433463465124,-0.1705382245981593,-2.674902834840251,5.7521682505149645,0.9556068804318932,0.0400983237860394,-0.9115643546299804,-0.0610786674436793
0.0519443119305983,-0.9572672828139416,-0.1760256890259989,-3.110204104371171,5.882026283836018,0.8766785986497887,0.0419860157112419,-0.9192490056028468,-0.065818550665862
0.0686864793256296,-0.9723169053004648,-0.1653757598077989,-3.447099462389446,6.133840348730293,0.7531823431070039,0.0401757020786445,-0.9177593438693245,-0.0680330404827583
0.0599853873214474,-0.9512236679269388,-0.1719355513629878,-3.3326926021617207,6.513030570690597,0.552791519702519,0.0401136587888923,-0.9149219536319274,-0.0665518066044959
0.0583671999827251,-0.9499141606935118,-0.1793458225362582,-3.1289764670028597,6.725948149459798,0.4216913068576376,0.0410488683811204,-0.9244616656618244,-0.0685358089266763
0.0570837027231473,-0.9669068999100516,-0.1789244476088054,-2.837047995586723,6.604036053076953,0.3101304663647081,0.0410957276691255,-0.9248883867395564,-0.0746579348165527
0.0588216735122111,-0.9636237031076657,-0.1738156575722942,-2.5661151339243995,6.273524317026396,0.1459564324241448,0.0413764816364589,-0.9174112455951148,-0.078970896171984
0.0643830559309576,-0.9608822790775362,-0.1827373264021039,-2.437916931782022,5.989759079520101,-0.0604944807104056,0.042348734975401,-0.9153257710270306,-0.0788873167174541
0.0522233344183797,-0.9626298311831998,-0.1761411907984285,-2.487225809095481,5.903581622355416,-0.2309939303699194,0.0434462985089225,-0.914468471588422,-0.0795577926234153
0.0575623393665138,-0.976955674330536,-0.1495042474835717,-2.8825872034494413,5.936365281041775,-0.3626054294048406,0.0416787507737281,-0.9161535952641312,-0.0787189236272757
0.0656650328174422,-0.968415865530852,-0.1630892416491021,-3.350177357859469,5.893792280987498,-0.4393727035014309,0.0393365768799928,-0.9194460232204476,-0.0756847954139227
0.055595774405204,-0.9590646720800255,-0.1812129518129565,-3.5336245586747768,5.683696346126543,-0.4051899483401604,0.0371027982477445,-0.9201403064742236,-0.0775079346987821
0.0537405434319995,-0.9730993803382186,-0.1746254608799059,-3.3250080070462817,5.424013684543755,-0.4558198385068228,0.0355437310969089,-0.923510541029376,-0.0785078786617882
0.0537829194739961,-0.9670423314030624,-0.1796644363486963,-2.892924426608893,5.010434857087711,-0.5610497583020324,0.0366055476021321,-0.9254973646545264,-0.0824138419759697
0.0476884359504685,-0.9578548273911216,-0.1993997736088439,-2.356315221931534,4.449905276818623,-0.6469383019696283,0.0386236016835219,-0.9188059645927792,-0.0902998208494574
0.0513976407627991,-0.9593095567427624,-0.2009823770682134,-1.804551064719288,4.032168554396268,-0.8694726975209605,0.0392010170678321,-0.9181616130022568,-0.0896198470618809
0.0566556400372058,-0.9649774248521572,-0.1880382976033534,-1.4065875164947514,3.706618726417382,-1.0495407422389809,0.0387773807353131,-0.9220942467253994,-0.0870357824030191
0.0598786156892713,-0.96584176767687,-0.1850154373482398,-1.1156208804401937,3.445143826708565,-1.1487893833846563,0.0402433580794744,-0.9175736954726,-0.0863246296441051
0.0666198986968561,-0.9638073478361936,-0.1841671332103093,-1.0220436133551376,3.2777094476991566,-1.2257486076240611,0.0407347138134659,-0.920292437278068,-0.0833594788738133
0.0639978625406118,-0.9704743491498672,-0.1731602947734793,-1.134270201579242,3.207929429074502,-1.0997274576873854,0.0419905398909556,-0.92386675235117,-0.0790573003393353
0.0638300986765178,-0.97031138353548,-0.1565385606098992,-1.1507831326611528,3.3456782980015123,-0.8527467106281408,0.0485841113078275,-0.9184468092188696,-0.0752214673800284
0.0663368313626538,-0.9673893706486068,-0.1705713473590085,-1.1444829036889002,3.352202838374083,-0.6913733284085789,0.0507050803030151,-0.9185957489004688,-0.0776639247643359
0.0674172360469421,-0.9581589215418844,-0.1802944459311847,-1.5645034106921245,3.051541699010795,-0.5447977358962284,0.0474682560956823,-0.9154735912315292,-0.0811242300137709
0.073594918391794,-0.9548265828769904,-0.1657400198615062,-2.231852369189113,2.748630495906155,-0.3077719262333281,0.0499412227278288,-0.9118969457002652,-0.0781205542883529
0.0712253170966507,-0.9669054831181751,-0.1830041610320705,-2.6166930804661326,2.452728866977767,-0.2173383696452029,0.052353797538829,-0.9156023299769298,-0.0751217907045508
0.0703243629238168,-0.9565790267220458,-0.1816331569745646,-2.668012415913837,2.201514931057785,-0.2009867148553602,0.0475525529799139,-0.9173916401242044,-0.0759532269896247
0.0648280048088386,-0.9550520828112294,-0.165685220701579,-2.448221894914304,2.062683118921683,-0.1179952117311359,0.0433536248527266,-0.9194531536858748,-0.0742328410290881
0.0553118302194479,-0.9707971891125208,-0.1737548037510469,-2.1492226100944567,2.0042994495371764,-0.1580489578383598,0.043167746811389,-0.9222074065441496,-0.0711551756207864
0.0583407518855019,-0.964242144037252,-0.1625862704821765,-1.8446777214783336,2.114005546534478,-0.148880774733353,0.043441693263615,-0.9262413041928768,-0.0717981570269044
0.0631941244538135,-0.9625291078224868,-0.1706642572329442,-1.4354350471154662,2.1244953384217267,-0.1039294583035616,0.0447563592394621,-0.9262198130116356,-0.071545671638271
0.077007814429238,-0.9700835859730158,-0.1656051412641469,-1.0679350015215494,2.030613702277265,-0.1383751951754364,0.045885100442559,-0.9240651779213478,-0.0706009015418972
0.0735201710962427,-0.9707524725892084,-0.1370087568356554,-0.8984512384926646,2.2725919823765888,-0.2446709810489175,0.0458372199356886,-0.9262406179642506,-0.0732212898606399
0.0613524434960154,-0.9659657507669231,-0.1650912620865556,-1.1078452486381996,2.490178394477029,-0.4022433313180975,0.0483649978516711,-0.9196844737052856,-0.0754303444168583
0.0744457402760016,-0.9588280027753084,-0.1764840525772076,-1.4949317659770756,2.3289690529113285,-0.3539576765127907,0.0505969890856965,-0.9155097086716136,-0.0730206767672432
0.0682073713394647,-0.9635923166018046,-0.1640842938260565,-1.800650405518454,2.22729600533542,-0.2832370041378735,0.0511355351466439,-0.920685308459368,-0.0709907103862407
0.0646647977147546,-0.9684191776316708,-0.1900922963945427,-2.064940325782932,2.2689687806616314,-0.2943575749682504,0.0496310158908578,-0.9181193918912968,-0.0715782672877845
0.0756958177458166,-0.9624664635329392,-0.1973419093065382,-2.045270509136605,2.1795583171723063,-0.2583829224307282,0.045214191203598,-0.9170793238008536,-0.0721776838428382
0.0649235414542473,-0.9635203943836784,-0.1728038825461111,-1.7527939075105017,2.056981292469319,-0.3302397976242616,0.0450666303066676,-0.9228275918770228,-0.07241770345931
0.0599088011029231,-0.968027443920557,-0.1699672022167056,-1.2615397743409211,2.0055730325727468,-0.4426236935928687,0.0447548670880397,-0.9310895112961348,-0.0754924816655734
0.0606708150707485,-0.9680750287005588,-0.1873043117269304,-0.662325898001289,1.8834297032784253,-0.5221621563997622,0.0417106313939648,-0.9367524109267048,-0.0797481573072905
0.0572641083302996,-0.970266917387956,-0.1852945287742371,-0.2840693038722952,1.85799919402754,-0.6161317535715941,0.0443883886357397,-0.9279699966085704,-0.0775892043918565
0.0467610931579131,-0.967628984860831,-0.1679838229744485,-0.0512614956312834,1.9676887739573288,-0.7181180999903537,0.0476719803895773,-0.9217696298629146,-0.0772997674107757
0.0489612395471308,-0.9624894998019272,-0.1709838332788823,-0.2060059097214328,1.864498334372715,-0.6850482979216916,0.0463899852555373,-0.922668128483064,-0.0789753959254609
0.0704525454640708,-0.9656471975719764,-0.1815229347425099,-0.7214961298766928,1.7117227877671113,-0.5751959712750798,0.0464804494580923,-0.9210983808933492,-0.07848152264439
0.0689403167542424,-0.9676110008212472,-0.1771627081827292,-0.7475847991781555,1.697354303152375,-0.5913197549490019,0.0459464815472513,-0.9234842296423726,-0.0812758782877974
0.0724943403790822,-0.9622423278253894,-0.1781243249321106,-0.5624266214759879,1.83043213249583,-0.4970682667198308,0.0448757828909833,-0.9196517736457748,-0.0794929231331315
0.0723499661774354,-0.9553397106001824,-0.1777446196687044,-0.7333719713569063,2.195816010782099,-0.4437496932043129,0.0497377891613509,-0.9130627590505472,-0.0792151336049966
0.0588824470790547,-0.95532179712299,-0.1788811327734318,-0.7880047190773676,2.420795224934934,-0.5746905893736138,0.0516295311124476,-0.9144858852646592,-0.0872943557717934
0.0756944874461383,-0.9661089969521968,-0.1960192777028555,-0.6107242325211941,2.3242810096817164,-0.5697984132177061,0.0517014161439589,-0.919601424402906,-0.0942593665687622
0.0727296857077477,-0.971173800997255,-0.1994816928421228,-0.5512832641686786,2.0981964428987374,-0.4985576193158748,0.0531125137715798,-0.922661098676271,-0.0945903539793423
0.0675797179805413,-0.9648658763515658,-0.1878935580469422,-0.7279956333659278,1.886064966220452,-0.376662191853684,0.0478244377358943,-0.9220860270293798,-0.088090774746882
0.0709090430731459,-0.9624757925664996,-0.1729238725201182,-0.8677877903422087,2.0558154937949245,-0.2764885083295909,0.0466312622686701,-0.9219471872286084,-0.083404215738639
0.0434783970872095,-0.9632217604471542,-0.1709247011374949,-0.7880815273525709,2.605884151871225,-0.2840052227860365,0.050660633316766,-0.9183256540530662,-0.0795692426669539
0.0556923560346866,-0.9652228721710532,-0.180717892112451,-0.7353317178496841,3.0880858427557967,-0.227936735497744,0.0514913592175385,-0.9148141383696026,-0.0757093515015476
0.076684893075575,-0.9601288342665192,-0.1796963499092384,-0.7322171634279357,3.416570435148589,-0.2147093993497299,0.0500828918214104,-0.9136380290563324,-0.080617049983444
0.068672176177526,-0.955646706145898,-0.1805052133565731,-0.8495251849255478,3.628864363207697,-0.2424110197540934,0.0483913163420872,-0.915271213989406,-0.0869393104164532
