ADXL_X,ADXL_Y,ADXL_Z,ITG_X,ITG_Y,ITG_Z,MMA_X,MMA_Y,MMA_Z
0.1912928288580046,-0.7431155185242264,-0.5625986126143532,28.514380644359555,33.22868617238042,43.664712754741934,0.1114704417348758,-0.7099004830139299,-0.4103354549636475
0.2238005686221332,-0.847913624417005,-0.3700417069650776,15.56919414219509,27.40847889336665,35.59562569655094,0.1454968160852716,-0.8093438824004071,-0.215009236397022
0.234038779805952,-0.9699663618917764,-0.231407189548139,13.462015710790348,22.29228724498777,23.63968949557541,0.1466360727756905,-0.9159084093809328,-0.0724443384394142
0.1936822649635489,-1.0052997232735552,-0.2240678814203746,15.33572190173824,17.52587379409298,10.906459165163083,0.0975882164293741,-0.9678755622685408,-0.0697411408123717
0.0911000425719359,-1.0149627973350528,-0.3141342052784246,9.901799228849422,16.097906336655168,-0.9995033911386512,-0.0008493417812212,-0.9849030660600732,-0.1530142162612543
-0.0706124430828641,-1.0301508058026785,-0.3857896470707497,-2.98913496568067,19.778394620180336,-12.24468417199628,-0.1538619753432812,-0.9988981556279272,-0.2212197671570256
-0.213237218437537,-1.0126192022071658,-0.4069389061292548,-16.394101413508714,22.89163676519166,-21.708904964684013,-0.2892465099769453,-0.9776627114465976,-0.2451746543923783
-0.2973726830030864,-0.9715726554792256,-0.4138598996311438,-24.42295345550532,21.649337652306517,-28.99325752804691,-0.3668596700867603,-0.9184692810235866,-0.2539578194235597
-0.3341137643962779,-0.8935295848709165,-0.4196324454759685,-26.525661201990783,16.129815301170197,-34.07218713631005,-0.401679376256654,-0.845013251081135,-0.2672043258439307
-0.3078523620634731,-0.8235104949766416,-0.4296209875878066,-24.271194232962717,7.534594200889463,-37.009012581769255,-0.3734397063108485,-0.7716455738534669,-0.2797042423151207
-0.2446343945631389,-0.7758735917614079,-0.4317571900228015,-19.1565078025219,-3.594963364777982,-38.922179754022046,-0.3015775929940416,-0.7209374218127071,-0.285971733690102
-0.1370367182486068,-0.7530479546423863,-0.4340759025042724,-14.102683407983442,-16.220558262309677,-39.98069616168743,-0.1956907256771141,-0.7105007177162181,-0.2821639275127064
5.337107898764799e-06,-0.7821354287333979,-0.426991972223956,-10.59816526564128,-26.666724799911627,-40.65616506473933,-0.0661054838560807,-0.7410426492704059,-0.266910266563832
0.1290583797143643,-0.8226162618665187,-0.3988301923811876,-8.731685392022321,-33.71413626558465,-41.47790984809288,0.0584167682419235,-0.7813040066948749,-0.2462921771982935
0.2464779636021636,-0.8704374640598609,-0.3772814263799736,-8.417948897385607,-36.9944493075472,-41.05308498911273,0.1594962903147561,-0.8246965715979094,-0.2167866819543685
0.3159743692122337,-0.9238297812839844,-0.3400621953395968,-7.646014889924812,-36.18885138164621,-39.08940386276534,0.222544578885545,-0.874499082965167,-0.1802120061904545
0.3440933701745935,-0.9532236835677512,-0.2934177971080839,-5.187192204186921,-33.18286819673073,-37.153382898578045,0.2536006550358621,-0.8980138441874896,-0.1424466690009915
0.354304426166222,-0.9389158268415024,-0.2708732742110074,-1.924565182492142,-28.578732599448443,-35.25396335709813,0.2590637057599134,-0.8875887905213935,-0.1129730963413386
0.3479171549758772,-0.9001009368303543,-0.2531996648705973,0.8463090309200739,-23.099969651730305,-32.776726365794566,0.2510141688959347,-0.8613818519378476,-0.0945720083067136
0.3228488430934218,-0.8846853863921246,-0.2347780026409429,1.889121543164708,-17.754417064378753,-29.318049430924024,0.2305324623165269,-0.8337878935564648,-0.0704900712928329
0.2930791435816376,-0.853189732804137,-0.2193984286741049,2.3011387745024297,-13.187361641911169,-25.263167421753657,0.2064489143167219,-0.8050984741147057,-0.0550593473652511
0.2697169467587962,-0.7966560444457811,-0.2156682776732961,2.066249091243848,-9.352473508554484,-21.998117805436216,0.1797642508203914,-0.7656181750044415,-0.0599718913153807
0.2197398986715937,-0.7561502355834404,-0.2282471583741267,-1.1959006726674442,-5.591651347884526,-18.849617894196072,0.1265273716643077,-0.7218041149360646,-0.0684463719365091
0.1732770705647379,-0.7330849957649905,-0.2446204538696839,-6.969827979374541,-3.044855027218492,-15.435350828050224,0.0805548495729327,-0.6915852218063935,-0.0799457327200545
0.1496237780541484,-0.7301793682243239,-0.2556153352336167,-13.692964787918308,-1.2497290065209232,-12.83441025252747,0.0631126175966719,-0.6867986446442291,-0.0950592412254212
0.1301454505564341,-0.741820876485397,-0.2646050984967683,-19.61017208525099,0.8454290819354637,-10.899873472431738,0.0481781172744178,-0.7084287013947896,-0.10773266507721
0.1220796557931419,-0.7802529574819217,-0.276685786619947,-23.561924778945016,2.1621847159485177,-9.100694036552731,0.0364418991798541,-0.7436094892905736,-0.1105466131464065
0.112647551505867,-0.8114361636495446,-0.2627858169006123,-25.7626611328508,1.8898672831587071,-7.196004923187135,0.0307861590788826,-0.7769765171056691,-0.1024408410657448
0.1113015281096603,-0.835569986154056,-0.2386577895168842,-25.24308127706807,-0.0556780720742384,-4.9728521514816,0.0253604732798819,-0.8113792778242355,-0.095503240293504
0.1032820475897381,-0.9008382906014206,-0.2491356312751578,-22.761778470434344,-3.1112264216978103,-1.6425701638081935,0.0225039899285496,-0.8595044898865061,-0.1022349825399005
0.0981683808817428,-0.9712488202735264,-0.2651753794982691,-19.91062036012856,-6.834055856790297,3.0949695755977324,0.0255495669123183,-0.9297575139260872,-0.1117915300363736
0.1187291215913319,-1.0662496777081796,-0.2622333524910629,-16.24490669684536,-11.913423122032867,8.381666616892652,0.0404035356341443,-1.0217086931182178,-0.1046513003747221
0.1411603169739146,-1.190770760482454,-0.2359677326792041,-11.357602611543662,-19.199660612475157,13.476542347722823,0.0703102672456155,-1.1329874115547645,-0.0799788605546866
0.1737125551415777,-1.2952668093080812,-0.2005711369420743,-5.095912122905739,-25.583466997034765,16.475940633419714,0.0940772444624518,-1.239873981188031,-0.0487764248089453
0.1801372961427575,-1.3594640184482865,-0.1819890665481665,2.5543926290888,-27.360809197445917,16.053864796143337,0.0913045925070434,-1.2947514857422855,-0.0276994083611539
0.1507888707685989,-1.3535453497797794,-0.1727386113174428,10.17406216019006,-24.78996113261907,13.98561622050595,0.0612270989666584,-1.291606668685367,-0.0146619441049551
0.157955262394114,-1.3049302119831552,-0.1936951617651115,14.139351091028605,-18.51885458067293,10.827183257497644,0.0577886103980271,-1.251254075577029,-0.0279327422887032
0.2770118823472112,-1.248939890261358,-0.2288402495910138,12.061255150856534,-10.551189423971104,4.7533306028395526,0.1768239017097977,-1.19649359480751,-0.0643808717547708
0.4506519897621946,-1.202954535386417,-0.2003635902089016,7.043374832007,-2.759987812474321,-4.6846769838993065,0.3474207593953646,-1.1518980065521482,-0.0460322790364057
0.4806738740780336,-1.190851752996383,-0.0984049366549711,5.53575182225511,0.338900530218886,-15.107553247696728,0.3903314514485109,-1.1261302515426377,0.0516127411598747
0.3751132314312009,-1.1951786303490748,0.0043955365456417,10.866121356767874,-3.916793985404996,-22.754988523052614,0.2961318825997009,-1.126261021138791,0.1564427993183031
0.2367647993751443,-1.196477269785616,0.0384288942712356,18.764063121450988,-5.434993457846638,-27.19094332121036,0.1467512868396836,-1.1353573885691617,0.1862013437825975
0.0610538846145377,-1.201677679090967,-0.01296826782728,22.068347287503904,-2.161118156526008,-29.81886014975898,-0.0265111457781661,-1.1472985033557606,0.1277544987238307
-0.1020573536005112,-1.1939377841772476,-0.1843044461525435,16.312152995407377,-3.3971366455195664,-29.8265690216183,-0.1769872611443096,-1.1514170130331471,-0.045072489231479
-0.1680672428695934,-1.163263337588314,-0.4375642549361335,0.97801672145664,-9.656317484388293,-26.77382903905963,-0.224741831109948,-1.1304696785982036,-0.298787157229989
-0.1160320762076974,-1.18694222371496,-0.629021693647718,-16.302188671144783,-19.13418039302594,-21.522682363321984,-0.1740943038590017,-1.145936189645225,-0.4878349564542618
-0.022581299742048,-1.2601281988756816,-0.7734529187131585,-28.10810959854108,-30.649143896666796,-17.93768509656367,-0.100296191639794,-1.2054203354938051,-0.6388317802223886
0.1130216450075666,-1.2987849312084885,-0.8932662951552217,-35.6533762157924,-38.183797593261865,-20.079328588153047,0.0271508759129042,-1.2449229445618286,-0.761172694411371
0.2964928868088702,-1.3245062252044546,-0.8708491067633557,-36.21234801805691,-36.65803222737667,-28.90937431420837,0.1999571327247992,-1.250779456105919,-0.7278445883989333
0.358645790148221,-1.3156757812838005,-0.7446607144600181,-23.525263832723887,-28.101820959957674,-44.949067674128194,0.2534196041971342,-1.2141336661812543,-0.6004926254092957
0.2725495516599037,-1.2203276172776587,-0.6679841966584394,-0.1260617394781072,-18.7077473912752,-60.98741912441659,0.1752680168578667,-1.1248010657376986,-0.5253611700968401
0.1490465327660812,-1.0704895747865328,-0.6777059196371242,24.22310033606211,-12.78001569957208,-67.88789794794098,0.063929766205234,-0.996426524516824,-0.5264304828518453
0.005725364705546,-0.9190115937749296,-0.6838092423393278,40.6601088252647,-11.522457794719346,-66.27422142780279,-0.0745316860602881,-0.8660350310041884,-0.5288235771592651
-0.1263199737475172,-0.8053731953844172,-0.6236188541636332,47.09336430114153,-13.08346616286171,-57.60014371917131,-0.2032075355533166,-0.7634053866182811,-0.4735987431049491
-0.2003944437402625,-0.7261700158891934,-0.5402389717249394,45.881260858467655,-15.536148216106085,-43.90821934393279,-0.274890410345988,-0.6940804251243635,-0.3868518487926705
-0.205879629365101,-0.6927214681029077,-0.4577280576953984,39.29259538356711,-17.573375015229903,-29.064750073705856,-0.2833382776934131,-0.6681982164606353,-0.3081292513996261
-0.1418328602977577,-0.716619471839591,-0.3854045757778961,26.752818604063528,-18.196139565606675,-14.074101889743543,-0.226020468279992,-0.6900984198052266,-0.2387161297682879
-0.0301007237450593,-0.7896158246867515,-0.3446470799751706,9.647457790705502,-19.91798554717409,0.3484227691449225,-0.109772928684398,-0.7642346806758014,-0.1807183143316063
0.1221950760685215,-0.8951456222588607,-0.3386901540231829,-4.821986754568806,-24.256388802845585,13.974907077625756,0.0547541538287918,-0.8667169298840919,-0.174266858912883
0.297582895117362,-0.9681728561966424,-0.3675527131530388,-14.20987286658604,-27.47186301141265,26.78844783308292,0.220576321726027,-0.9344895038325444,-0.2108686115896895
0.4463006079234958,-0.9885576616595504,-0.4051648566715209,-20.160578638370005,-26.334381158350222,37.53516716786201,0.3508709047497614,-0.9407871363069232,-0.245870339601541
0.553738406501854,-0.9576276435532072,-0.4302867406858859,-21.92129253004069,-21.701652188693348,44.00096598026021,0.4485369096845838,-0.9000246338827566,-0.2721575723271219
0.594953099371629,-0.8851409087172278,-0.4410726905066712,-20.25428496416774,-14.47479963478654,44.87671036026512,0.4836505648992527,-0.839664032002938,-0.2807197727998886
0.5446853584372027,-0.8314118787391469,-0.4371573090011723,-17.326925337415343,-3.943248918847258,41.47381854709565,0.4296478800591497,-0.7843103381849792,-0.2807132614350899
0.4137616263227287,-0.8061565711848039,-0.4349786119488209,-13.822297569171756,8.861514233291981,36.99580670726363,0.3001271848610486,-0.7507859222238049,-0.2810591077251012
0.2380081170999443,-0.7951925106692437,-0.4276911869461099,-10.09321396294747,20.544086191786025,33.562288375051615,0.1391376760694483,-0.7502999520351556,-0.2706746110720983
0.0988867777310289,-0.8060012268265795,-0.411030222157219,-7.223558991442216,28.802302015494757,30.311364059779144,0.0100869433677392,-0.7676798129922926,-0.2558037961804827
-1.857032594975534e-05,-0.8329691976351679,-0.3975254924600317,-3.77757544833221,34.42000497223951,28.053351014867197,-0.0857139713383348,-0.7849906790648713,-0.2386308924485631
-0.1008135920590087,-0.8476421458915085,-0.380386224601645,0.4406635534256647,37.98289012790269,27.535276649768665,-0.1731181817974028,-0.7995101308559462,-0.2271411330788868
-0.1639721655542264,-0.852736939119969,-0.377186182174442,0.8695437573236988,38.17990991926072,26.94493582528735,-0.2306990487260491,-0.8139806757257199,-0.2235673736716008
-0.1774302455013246,-0.8662052970777938,-0.3596152341496609,-3.4493578914340293,34.42853733114217,26.487039562991303,-0.2424314201076166,-0.8230533168374088,-0.2043758272556912
-0.1662622944056885,-0.8702047503970877,-0.3257981534720532,-8.029374475260271,28.210278832853035,26.677910954968112,-0.2273870638799393,-0.8258789845482816,-0.1785140232744648
-0.1258125383028553,-0.8753096853262268,-0.3212857473768338,-9.654292271746522,22.19845639723864,27.286630814461382,-0.1992207201286191,-0.8343221337266051,-0.1699267700825596
-0.0674370613141353,-0.8798931515522572,-0.3059716703078076,-9.48174731759904,17.794368733595217,27.43010691597112,-0.1504290932746309,-0.8347646671523725,-0.1596640741041924
-0.025637851439825,-0.8731459558644463,-0.2916012882344626,-8.54776583072535,15.221179689139088,26.079919908536684,-0.1100242449853154,-0.8245637493179127,-0.1356784911751349
-0.0085706462562104,-0.8655197827693439,-0.272291191790774,-6.290196773230102,14.153800467786898,23.991249120208,-0.0953254368533914,-0.8174420691679416,-0.1096223127690206
0.0044867909562256,-0.8528067216451676,-0.2460202082102581,-4.795553696853003,13.233473667512738,21.494732608281797,-0.0729483946300429,-0.8123409351050662,-0.0918139687147202
0.0219459010945847,-0.8460835652159355,-0.2656128467506033,-5.640180919278618,12.41815215961301,18.67682415284928,-0.0520867950985309,-0.809919059749804,-0.0971783091956502
0.0337857119684021,-0.8418710255859555,-0.2676452971043668,-8.039590320232913,12.3861882082128,15.74138148419457,-0.0467478218361622,-0.8027946673261284,-0.1086826924499823
0.0385078595172763,-0.8366456111025903,-0.2612130231617813,-10.93772994338191,12.576761003869668,12.987950001906263,-0.0402076389300942,-0.8006740015933485,-0.1092690011630292
0.0471428729442922,-0.8519211927405222,-0.2671847626394161,-13.1109284572792,12.841982604533124,10.914229637102808,-0.0351105537590377,-0.8170323172243852,-0.1026128163623515
0.056166985070614,-0.8936516546575882,-0.2465377401655674,-14.221392298167636,13.538729077930055,9.63131352606981,-0.0274359034010051,-0.8443787920838922,-0.0875696535416876
0.05991991277053,-0.9396815249248982,-0.2301301741306186,-14.136032450934795,14.480216690282331,8.953647438121104,-0.0216124192364669,-0.8851489828736392,-0.0697406064164258
0.0816937490958923,-0.9963391655532684,-0.2051473762400801,-12.167158801874326,15.012312050174035,7.952315075405201,-0.0107667098971257,-0.945812610580027,-0.0444781321075703
0.1199544725410206,-1.0834935666923873,-0.1921395139513514,-7.29175354926121,15.703966853037231,6.292681289056232,0.0282505994450442,-1.0255671267535365,-0.0345155515084501
0.1541363918037502,-1.15464531282957,-0.1949248817515987,-0.0155086421087407,18.60191693756932,3.184834206455025,0.0622351202972283,-1.0939117800114548,-0.0402770111804948
0.1886360282736481,-1.187109961835367,-0.201131680204346,7.550796360357599,23.79145523873168,-0.7199253616514184,0.0856795968285558,-1.125947410789249,-0.0512864262658098
0.1782929785472876,-1.1857400928335946,-0.2104238258356016,13.069685698641392,30.038405004175758,-3.232266375123671,0.0891831776191853,-1.1298573027274617,-0.0597502983759845
0.1188398275637948,-1.1751181300245843,-0.1345734176979996,15.278660660760758,35.44279879356628,-4.561253129221404,0.047526067236835,-1.1231712007580898,0.0092163691711777
0.0600788704037694,-1.1959343711494654,-0.0628423228536732,17.563691765851917,37.87045229680024,-4.542713181225696,-0.0093604875904499,-1.1365778165700595,0.0849666589991941
-0.0774690950116063,-1.1908840834308845,-0.10721459350274,21.80898417419673,35.512804365609234,-3.416866275809981,-0.1481138633887478,-1.1396887052380005,0.0528426325507808
-0.2900449597024724,-1.125758148150671,-0.220881778454227,21.64722262649216,27.20277093379545,0.7848705857998389,-0.3624846631303838,-1.0927409933215535,-0.0623469623675585
-0.4077665973650604,-1.0660313021148702,-0.3016773613406035,8.879125780947213,21.593498051616173,10.525347208508885,-0.4821432677742427,-1.0443610250728792,-0.1434820857675691
-0.3753545474861157,-1.0923712993902737,-0.1802852647187837,-8.34064682372342,24.286374437015173,19.448255433941256,-0.443923442741439,-1.055310352019785,-0.0265395511428854
-0.2312585894945613,-1.183966816905356,-0.0010133193712944,-8.938247919695893,24.670037139939588,22.66211320699925,-0.289383572440887,-1.118477625248338,0.1474494045127792
0.0034354358889114,-1.224339781512549,0.0192730527236728,4.88785834334063,20.29505760776448,22.56952548669417,-0.071167159497149,-1.1529879869683712,0.1789420798257781
0.255931941274177,-1.2343255271786275,-0.0422453398820036,17.963158465335734,20.60456638797256,19.997513435739183,0.1573737071442614,-1.1663821034929334,0.1218359089504369
0.3636654082168878,-1.2497651281024982,-0.2319200059057482,24.521484754818754,27.05859955549484,15.504650150958248,0.2708288052167724,-1.2056522382659387,-0.0679847048394819
0.3082159321482381,-1.237483684619244,-0.5423364180700345,15.027096565490286,31.594260146153296,12.50923324795184,0.2230272047782398,-1.2103879660291823,-0.3795851019983089
0.2409143778132718,-1.2523890731426874,-0.7592945074744426,-5.868287950044354,32.641101046546744,13.56469015224572,0.1452202717689211,-1.2069338562647025,-0.6117740543308234
0.1112984280645972,-1.2886940711592438,-0.8172306606965324,-19.896358925196804,36.5763342833714,18.617412547903136,0.0272311941274579,-1.240664444383035,-0.6752352887708174
-0.1001878980356949,-1.2877283579691046,-0.8023804425758221,-22.78397251410409,39.26458727661904,28.552627621579035,-0.1542140886202973,-1.231881321349516,-0.6684054424490302
-0.1431122415587242,-1.2028667115834155,-0.7629777374642606,-16.262897016210147,35.84681613394997,43.08718760968162,-0.2123148693644829,-1.129302113007634,-0.6420188514796107
-0.0446605712267207,-1.0393689596790807,-0.6605084946374127,1.4214858320617867,31.44367341130029,55.38988770166739,-0.1319484732859278,-0.9675060000825592,-0.5252261785161303
0.0137776729137399,-0.9099917766467666,-0.6074496041506844,27.161567273454526,26.81831737090624,60.55592288353805,-0.0598289054631745,-0.8418303140677115,-0.456513598397841
0.1018842628158539,-0.8336156611496159,-0.6685767129307041,43.478751584315496,20.76733419070748,61.0792280288189,0.0229059292085748,-0.7871583468105321,-0.5218787780999816
0.199695051427673,-0.8049642611600695,-0.6284199883463292,39.73777088564981,16.767406891973252,57.88526013278029,0.1109368959995829,-0.7696738319555816,-0.4823510098675723
0.2595789381014606,-0.8563195406509244,-0.4571431746330273,30.52423715449148,15.694465534002456,49.6416731800316,0.1726077571387746,-0.8090165289093956,-0.3027289540356325
0.3069182582674749,-0.9323451249685916,-0.328980239238187,27.61202660599301,14.736116902310888,37.28326227640855,0.221325298699136,-0.8851360182203346,-0.1717585701073249
0.2837683771365774,-0.973941314948471,-0.3104289558405948,25.42032930805891,14.073211420752774,23.04762558720918,0.1952926672561348,-0.9256913168812644,-0.158420738708274
0.1805733579178816,-0.9719662148456016,-0.3540376669108901,15.953655087162144,15.998208406417046,8.455536647259436,0.0893214236067747,-0.929661718171642,-0.2009018950924777
0.0152110559935021,-0.9869450069978392,-0.3737071185462855,0.2021987674325028,19.35673662899033,-5.866063204174068,-0.0683552068108344,-0.9472766107731164,-0.2142955971497185
-0.1684908320954098,-1.036266457459915,-0.3508687986080595,-14.143785334666884,20.548942189177136,-19.017009741571997,-0.2394513662261933,-0.986595128452412,-0.197248914744292
-0.3106706380932932,-1.0486492839042774,-0.3302415888596326,-20.949805152859447,17.109933958509792,-30.606528488480716,-0.3691190184737749,-0.9966064630150948,-0.1779270541108192
-0.4029571302569362,-1.0194110970913488,-0.3382327454775485,-18.858080698641217,8.96186108851649,-40.007153795772886,-0.4586182419377542,-0.9557951210016497,-0.1751441693684337
-0.4434064734474965,-0.9413298343101508,-0.3546348259550991,-13.03944854458464,-2.5768364737623823,-45.84936390374197,-0.4968681427076059,-0.8825566281298414,-0.1929697758992891
-0.4135842178958251,-0.8341229632051146,-0.3720106673994492,-8.27313466041404,-16.091105263425845,-47.88243729877935,-0.4669680559841392,-0.7917103702582444,-0.2169546865292188
-0.2973380036976438,-0.7716325666519858,-0.3983656352167988,-5.677420770635711,-30.21504513422208,-47.87621984774656,-0.3616834064412892,-0.7273230090124653,-0.2454572151913148
-0.1516312828517624,-0.7445057952962406,-0.4085092920254599,-7.060358800301798,-43.196484381102366,-47.46167374436748,-0.2229157745052619,-0.705691177083744,-0.2578110195366989
-0.0187914530237272,-0.7424374311222465,-0.4039383880622715,-10.514356695491635,-53.22852333496929,-45.80714162854184,-0.1002122399252645,-0.7020676368551824,-0.2522611371067778
0.1011420504992264,-0.7714775955823083,-0.4041467481202109,-13.50847606445925,-59.44186487088855,-42.45643364981606,0.0128393015803279,-0.7336358650212468,-0.2487469044857027
0.1955570152973504,-0.8275767426069656,-0.3908291926080179,-17.320575030169127,-61.07363855930199,-38.17427856142207,0.1084866737783192,-0.7906516417351496,-0.2292587680781363
0.2891106806363688,-0.8895538037410267,-0.3545585980871744,-20.558616552965734,-58.29790194228869,-33.4958564027096,0.1967680387883657,-0.8366368240107606,-0.1922984542327007
0.3683745165065172,-0.922042413658588,-0.3218061740807049,-20.606290644560065,-53.10699353706213,-29.443183988997244,0.2727913895488597,-0.8732141696098858,-0.1647192159158007
0.4193204600092278,-0.942937457625968,-0.303808667470102,-17.467162948932323,-46.54939820370331,-27.213930440630875,0.3182885204105578,-0.8917213223509984,-0.1475930155294533
0.4529389779509096,-0.9435152568693128,-0.2806098887729747,-12.782470470300613,-38.549330951747145,-26.07426013847114,0.343903246053539,-0.8907671591084507,-0.1270472533669005
0.4300938574899839,-0.9158276775156272,-0.2517799614427869,-8.08603700251076,-30.47310178516429,-24.315691161750298,0.3300469980116318,-0.8720229272949533,-0.0995226404955013
0.3688796295264893,-0.8827242564375131,-0.2421838946913445,-3.3362480425473136,-23.925009121977105,-22.70202693260333,0.2761404429194007,-0.8284278397757109,-0.0831072099404441
0.3090011257188244,-0.8313952638127917,-0.2459117300172766,-1.000601534769603,-17.822688922095374,-21.45289061936753,0.2143117145466435,-0.7879947830574416,-0.0880987906093324
0.2442779732497003,-0.7833568898165688,-0.245928530179627,-2.411538323460604,-11.681886155697512,-19.637032800241315,0.157895979000759,-0.7580656394694972,-0.0956125891062064
0.1899392411875077,-0.7678963351049367,-0.2560197558917057,-4.352123452821798,-7.024811774879047,-17.59404296798634,0.1063107848635293,-0.7325861377091005,-0.1000958355462755
0.1514638194148393,-0.7600108535219519,-0.266313635426654,-6.666258064834124,-3.495405492978024,-15.34267862583842,0.0678957400475169,-0.7250362259620147,-0.1060921940836419
0.1275995931813116,-0.7578872619624424,-0.2637796890948301,-10.481023075560508,-0.94114949392176,-13.311230052224568,0.0475433450910694,-0.7263479116336202,-0.1032902977536575
0.121755153095121,-0.792825897070761,-0.2553048792391991,-15.223218626927077,-0.2547472404007633,-11.434729935909298,0.0381893721081385,-0.7484471344134398,-0.0914632136525401
0.1092359428120251,-0.8400043106552055,-0.2450118284221066,-19.89783152095568,-1.131743731164126,-9.501392012351191,0.030696461347834,-0.7921023768902438,-0.0840319599040358
0.0894040686298121,-0.8843228594327537,-0.2382711633664873,-22.67459870216076,-3.429898811073848,-7.774398341932151,0.0082582261286674,-0.8364642836564082,-0.0770964286345377
0.0595660556540853,-0.9438085674281416,-0.2321006913405398,-23.28437547838924,-7.177037949517064,-5.259547361175706,-0.022956113955987,-0.89189900416387,-0.0711367547766715
0.0276076188428794,-0.986270851051858,-0.2441719152257568,-22.17878585110965,-11.680223772723746,-1.4148539593507088,-0.041487156070184,-0.9444186153315248,-0.0760886482609556
0.0355386079114661,-1.04396777151911,-0.2450524498204749,-18.896871050243742,-16.06366694194468,3.461331091057332,-0.0407446236408099,-0.9996900078813222,-0.0727928862066459
0.0611464126176707,-1.1406156899114137,-0.2178208000057309,-13.281704382119727,-20.68657567476401,8.64953827751263,-0.0148072279641322,-1.0754165564270528,-0.0591079033942666
0.1072457195068743,-1.2188054343431904,-0.1916206592020776,-6.202114798686188,-25.06756471245477,13.16038214209768,0.031682283058119,-1.1551296626723675,-0.0365359851117462
0.1616157908177002,-1.2911407346659634,-0.1448029667415122,1.4376642831048905,-26.339300442704907,15.417260677351871,0.0684679289880465,-1.22607545283017,0.0085117131241806
0.1673708333395566,-1.3265668181748664,-0.1074019437251865,9.36841851612973,-24.79031393799417,14.770922527032385,0.0799853303381283,-1.2595084787491018,0.045261309155582
0.148916343250636,-1.2801318366687973,-0.1062558852273751,15.446325582700986,-22.332267466018617,12.717598371186478,0.0618376333526963,-1.2297158730439288,0.0469767951746707
0.1463158891527335,-1.2069851349601244,-0.1488313835191158,16.551012409135453,-18.62904745193007,9.582384241945688,0.0561243735712254,-1.1544900185588602,0.0068751978320573
0.2522396576258383,-1.1379727922843854,-0.2145780385041679,12.462314678092756,-13.757318138914025,3.893277216851114,0.1613264949121375,-1.0913206822378982,-0.0536035085286131
0.4258807230571044,-1.0844389350259238,-0.2014126597552151,5.942968715113589,-7.610450385198177,-5.2108905586610215,0.3171551547830263,-1.044995234862767,-0.0536289725270419
0.4682949936719386,-1.058276519593659,-0.114977327533347,2.0558912886610363,-4.345770237832896,-14.708815989030114,0.3719749682735031,-1.0157630625512573,0.0294211949814123
0.385311871688225,-1.0759797959084227,-0.0428326572645031,2.598793662897741,-6.299960847183206,-21.86827653270084,0.3070308145019104,-1.0373534747366508,0.1009973959975973
0.2393162028292984,-1.1405598021726933,-0.011165968689433,3.532633001883836,-5.580654115536228,-26.495808250587054,0.162843552295769,-1.0794197717371543,0.1315615221326892
0.0573000029252394,-1.2140162322230466,-0.0375566459198169,2.71631003168924,-3.2226174489817603,-27.239552337682504,-0.0080236739844071,-1.1522935344488272,0.1253778176565613
-0.0811391196085273,-1.2689597735693658,-0.1835423900396383,-2.36680714874377,-5.030138052309544,-25.830931068164297,-0.1505907382954211,-1.2297641605991854,-0.0229655018758663
-0.1553633972592355,-1.2854668588137836,-0.3929204870827302,-11.790033944741444,-7.855372434093341,-23.223531275848632,-0.2252603356932634,-1.2423310901937583,-0.2433479280752901
-0.141641198657219,-1.29160881646873,-0.562020272883784,-17.6069200055938,-14.04911643528822,-18.622474600524857,-0.2044525985923405,-1.2402814960847253,-0.4070653657445531
-0.0409920491013984,-1.3053944226908198,-0.7160608880944803,-19.728070984707067,-23.519790583974203,-15.607219091812857,-0.1152957122947245,-1.247059572110591,-0.5653716222280241
0.0948201147385536,-1.2927253464695836,-0.813037701264989,-23.57598171954176,-29.464452535997548,-17.155895969106655,0.010574970732369,-1.2374447635666774,-0.6712147440279794
0.2546629716047632,-1.2694892331892036,-0.7927031140968179,-25.426422918112877,-30.89512758769933,-24.96936177347523,0.1623783025613061,-1.2012618921808025,-0.6514743978678291
0.3504445181561498,-1.2315530654640354,-0.6851000820034561,-17.707696516441747,-26.536611703667152,-38.39564334635251,0.2520576258111697,-1.142228047774579,-0.539844088690745
0.31412176220868,-1.1420315872093578,-0.5954930359866497,2.3449033023731496,-18.207291206611444,-51.056264548901375,0.2211746302392173,-1.06264814983563,-0.4520685021416086
0.2198695308859608,-1.0024578945020832,-0.6233874409294078,25.7444311828712,-13.309187802743212,-57.08533718307776,0.1360958318399303,-0.9379514633133896,-0.4744940891449781
0.1014263277788365,-0.8530142888384895,-0.6762154973320063,39.65991488200733,-13.41472109062968,-56.64518833307645,0.0261966522135653,-0.8068252155058644,-0.5200813837662444
-0.0275508357901783,-0.7492814691223859,-0.6507235874939599,41.452885347924656,-14.960343655569266,-51.798700242118606,-0.1009516349140074,-0.7186179830132198,-0.5049892716773173
-0.1170236009382622,-0.7012179567207679,-0.5701066842465773,35.901332750391205,-16.365926876274646,-42.1135057890634,-0.1931105213249514,-0.6715604837443989,-0.4242395591874233
-0.1424715362025871,-0.6955519051088616,-0.4847520319243424,27.168064580077584,-16.886208508265344,-29.289125314249983,-0.222757652233495,-0.6650425307582455,-0.3297302906224632
-0.099780142716701,-0.7347337417368929,-0.4101032395577444,14.555657845729256,-14.419432970800733,-16.522300360795533,-0.1894791456923835,-0.7050925430003084,-0.2573192950802213
0.0124073721880159,-0.8350213367093466,-0.3369401589521857,-0.6140109951719696,-10.819741727117934,-3.909377023175737,-0.0850904037281233,-0.7976626757500753,-0.1827094097315931
0.1688713496269957,-0.9591595506988956,-0.2985469108853362,-11.513764753957055,-8.906547778852563,8.450548412906263,0.0721629532409777,-0.9066940578966848,-0.1471306108982009
0.3249210931521126,-1.032652547473777,-0.3262344097268753,-16.752408604253038,-7.548410784187681,19.74047618945536,0.2204164401658229,-0.9841558712733064,-0.1760785594628406
0.4547833908462718,-1.0479575821870144,-0.3741326552212213,-20.177516479289928,-5.394810377541461,29.64817907697337,0.3395609688884909,-1.0007026768642089,-0.2154947668905046
0.5304425354040364,-1.0153985636797884,-0.3834724835352114,-22.67795366036396,-1.704661329577997,36.79331770962773,0.4213102610047931,-0.9595164935208462,-0.2296187669656496
0.5705835208017905,-0.9681763666613288,-0.3884442491127451,-23.27497566322858,3.8665994184910577,40.05850416232023,0.4552152868420459,-0.916837966446714,-0.2331574787778177
0.5160582902650499,-0.9279440417670046,-0.4019359260897818,-21.184151987753943,12.600519917910487,40.047806018985305,0.4036994627731619,-0.8742860519483062,-0.2412953174232576
0.3405148811476877,-0.874841338016993,-0.3946398229189888,-17.851759719477194,23.35612943396054,37.74663675808879,0.2521590342030713,-0.8191152743167945,-0.2443755985813302
0.2320405505857408,-0.8384983502435204,-0.4116660246154827,-15.37970832787133,33.7052761016462,35.66664406233118,0.1383275388679515,-0.7841142472995049,-0.2579882148789497
0.1683511924355821,-0.816244582912452,-0.4549094845555981,-11.58568823867407,44.12153476777476,35.95325135392388,0.0719957872011252,-0.7639923081192261,-0.2879915848703515
0.0631627388080906,-0.7967963243592799,-0.4608262939162995,-7.496144246474318,52.34069013262601,36.72659977238372,-0.0190762493625985,-0.758813921905383,-0.2972790462592333
-0.015559101084743,-0.8119079597999652,-0.4198251790917862,-7.605911925070284,55.48721295228752,36.13494729869134,-0.0964278998683068,-0.7729864532659093,-0.2608128137852837
-0.0943732006156367,-0.8441044455514615,-0.3657233963942953,-9.80682704695899,52.510777155716376,34.917129890187844,-0.1706887075618833,-0.7966887083664691,-0.2087026645253082
-0.1409337810604184,-0.8786006778829588,-0.3228725216586546,-10.191415394999677,45.475115431040855,33.66979179825141,-0.211900016654225,-0.8328013509003261,-0.1768556471202643
-0.1301160788654375,-0.9052780867006476,-0.3097064902043272,-8.303082563902192,38.9553129584489,31.847871517767924,-0.2041944978446775,-0.8534716057076279,-0.1568722018091281
-0.1187040543985007,-0.9030164175101812,-0.3162335098741503,-5.599208155299762,33.63063902712772,29.67105317343096,-0.1973145660258866,-0.8510187029693719,-0.1516274370179476
-0.106023668028136,-0.8941819809010776,-0.3073663428893919,-4.252508975060812,29.894870486384345,27.55841153830134,-0.1846996801729309,-0.8491114558698025,-0.1497204258047648
-0.0967441116724878,-0.8880959188613344,-0.2804310845463856,-4.380270860133919,27.868927102287987,24.714993736990024,-0.1727902655418864,-0.8445580677658535,-0.1249430235565238
-0.0835742017470052,-0.8822538779724001,-0.2515033706932297,-4.4745063591651535,25.7432027133647,21.87107529725592,-0.1605099153238086,-0.8413379432804684,-0.0917332462189226
-0.0598257766457258,-0.8902696655260196,-0.2330556861834004,-4.383656779830679,23.2158560506188,19.36934628471748,-0.1419916128535772,-0.8461251420371618,-0.0655230761552028
-0.0505448756009687,-0.89623950501617,-0.2174241516233647,-4.5555823000983136,20.75065285018646,16.191532375669908,-0.1377401469306832,-0.8499876160250194,-0.0506118534672384
-0.0522808812426306,-0.8896193446634689,-0.2128045135442081,-4.434973152934069,18.21559784221072,13.33199390408184,-0.1340910085664012,-0.8439241762138906,-0.048369228052162
-0.0432496485566707,-0.8652401890668708,-0.2260388479515291,-4.4228173716442045,14.648528426068124,11.181750086082774,-0.1204548879232242,-0.8200454226647199,-0.0585369391397476
-0.0223977719558591,-0.8335885594414488,-0.2326392773318189,-5.409651871412341,11.133142760232854,9.496133739166003,-0.1075533429148193,-0.7967881681094529,-0.0701602389995707
-0.0018734385436108,-0.8404879436445336,-0.2304901119371398,-7.318012920243247,9.493589456389476,8.493778156673434,-0.0908193462493349,-0.7939323367203961,-0.0641897694116243
0.0147676180574629,-0.8544507156991117,-0.2206430561441495,-9.106441697468547,8.914346657861667,7.512434423597422,-0.0635407888603555,-0.7978708746907833,-0.0540807439797104
0.0363871025161361,-0.8609654915785505,-0.2166857194906679,-9.73912844937488,8.545654249164505,6.317860293034048,-0.0390563984596612,-0.8154897779243139,-0.0571176390911888
0.0764203429109155,-0.9087846434069796,-0.2110386964995964,-9.433331022527032,8.629768608938598,4.75156233950541,-0.0126521612792543,-0.8569346216512204,-0.0485024916545062
0.1172514541416868,-0.9697210779380188,-0.1857773850357009,-6.947981715288612,10.124825454266484,2.645907605398088,0.0261487008950999,-0.9077357651195784,-0.0199018512214701
0.1277834200190979,-1.0280897784009646,-0.1605734270400288,-1.654535908898392,12.86577655094036,-0.2568477538160618,0.0410016279400423,-0.9667968256779302,0.0052444415389885
0.1111199878115252,-1.0798614863221787,-0.1545289712767851,4.45180171174145,14.87827962167219,-3.3731712741824094,0.0284982039898597,-1.0221198113134735,0.0125443408138652
0.0888964799728487,-1.122658725823614,-0.1640578374701531,8.621657831482413,16.547590023339048,-4.849364026176192,0.0123137826534481,-1.070371134828254,-0.0020889375658692
0.0751590588724048,-1.1893202960421103,-0.1418771454997199,8.848083995954774,19.0373030482815,-4.859024186933507,-0.0117028916941517,-1.1220344631861774,0.0089220213164951
0.0497685374390514,-1.244419695162989,-0.1112170217851895,8.17680991890371,22.03684152100883,-4.176564282690408,-0.0318598335993954,-1.1714242797198595,0.0425097156429532
-0.0167358340516332,-1.2744315090500404,-0.1418290122154042,9.46287568945736,24.00591822054213,-2.618236012326644,-0.0795408547810755,-1.2231700692154677,0.0134817786863891
