ADXL_X,ADXL_Y,ADXL_Z,ITG_X,ITG_Y,ITG_Z,MMA_X,MMA_Y,MMA_Z
-0.0548063004086228,-0.9501211908941404,-0.3554566133455199,-1.2525065979597747,84.40684334560237,13.866866989324471,-0.1403732270226816,-0.9091775200025274,-0.1974699996872764
-0.0870074585001764,-0.968999363513222,-0.3428293253378819,-4.446641084566029,84.90229982689648,11.243026504641698,-0.1641722656811013,-0.9225311848984986,-0.2011070899083936
-0.1301132377533955,-1.0070145183061294,-0.3687755456134209,-7.22006390796355,82.0185353161773,9.973675655122202,-0.1996344078526047,-0.962845103906858,-0.2101530085382742
-0.1608128107017942,-1.051227661282659,-0.3853580366621344,-10.664017801231743,78.3709232998914,10.100590313309588,-0.2318809571932252,-1.005140833130379,-0.2279621091777806
-0.1825371484150929,-1.0923381353801591,-0.4027521191372857,-13.838496401176254,75.73547024863933,11.01266492039098,-0.2502677969334613,-1.046060310584983,-0.2570740497915228
-0.1580980916160824,-1.1449255104537726,-0.4315076452117599,-14.354529635071504,74.13849403800279,12.35957323335057,-0.2283283219572167,-1.0944287413133398,-0.2794350399424279
-0.1070953930602786,-1.2098847648175592,-0.4484716649208937,-12.76078536181094,73.58718295195526,13.667918061765109,-0.1932492389385437,-1.14230999050093,-0.2963870019020235
-0.094421203683079,-1.262664387369035,-0.4385585913392121,-10.111805794421045,74.66034867433845,15.29071152144759,-0.173784981398033,-1.2044330869262885,-0.2870341882118094
-0.0496824192344922,-1.324397213539664,-0.4008344348529571,-4.962231204162072,76.78428891145457,17.09805202778782,-0.1310677463835633,-1.2707754379440557,-0.2507141883923363
0.0157201334913185,-1.3794546507655203,-0.3684778409151692,4.028224056570568,79.22198165480158,19.035885399635852,-0.0721431950242311,-1.301848133447189,-0.2153369478561996
0.077360739245783,-1.3390049695752326,-0.3774394008397381,16.776775705968824,81.41586729139082,20.1122384102778,-0.0029770603981055,-1.2673182709141178,-0.2235214320284009
0.1804020813734047,-1.1960161635874442,-0.4577805565135999,27.769823288058213,81.23699576829381,18.31012955972338,0.0837347284206861,-1.1510147265249464,-0.3071368438289283
0.2366385165311086,-1.021844722191288,-0.5722085645243307,29.62200538822957,78.68365001835964,14.41874035587038,0.1411166028930265,-0.9922810165339524,-0.414348326359362
0.2083459904090794,-0.8925884358504417,-0.6286814604886736,20.597939707326788,75.3020569624824,10.962710696446642,0.127193090812681,-0.863984197497093,-0.4772158514504327
0.1407166896847362,-0.8520250591627011,-0.6202912656386579,4.23849956643397,71.16999503551098,8.181491054690124,0.0543618696132178,-0.8155206933254315,-0.474553999750008
0.0637874146489322,-0.8765340516288045,-0.5844846604820944,-10.646585906171897,67.63833504679098,6.080344430202854,-0.0164126485827311,-0.8324345434239425,-0.4348469995669705
0.0327653220508736,-0.9228763429522554,-0.5311515917356256,-16.660223516006855,66.76078821141864,6.219506832254397,-0.0420850405350766,-0.8717742006390866,-0.3938814594506962
0.0495787327599231,-0.959675744681516,-0.510589204634873,-14.824863838941033,68.92997527277028,7.65124739814081,-0.0285638578196511,-0.9074400264670064,-0.3676050241367717
0.085103325882519,-0.971789154854331,-0.5447076329753591,-10.40481459527934,72.65580939728491,8.180284036509885,0.006100005155902,-0.917893221347516,-0.3823012765229359
0.1297310582777051,-0.9569458159254288,-0.5813329301276693,-8.843964560302268,74.63393100842185,7.983472089510741,0.0430711483308004,-0.909387558866515,-0.4260532462187027
0.1952451186252921,-0.9301872266780664,-0.6180532934684106,-12.70984200173994,73.68218866448446,8.066634502025833,0.0931358885201566,-0.8951543269080979,-0.4609277899637776
0.2838072382633076,-0.9374345391813668,-0.6265706826769661,-20.139569705458246,74.08469516981195,9.053670094508124,0.1726113343718595,-0.8938880195291492,-0.4674775460930017
0.3510271166201633,-0.9777538528968144,-0.5781878105324694,-26.86108931833824,78.77930964463573,10.505933266098037,0.2535029781568709,-0.9260132928702328,-0.4362650992214236
0.3827442739925715,-1.0108768792231348,-0.5311587819381087,-27.422369540135524,83.74794333922539,11.589548620858707,0.2978014544847798,-0.9584365552233198,-0.3890814906893209
0.3915030395841373,-1.0250501120860234,-0.5186512790507254,-19.244610428553347,84.98313816484371,12.405372054429016,0.2989819840234128,-0.9589152191241178,-0.370381065995449
0.3704864714882616,-1.000961573487832,-0.5500401762648753,-7.694843851842148,84.10980898416307,13.118597593791833,0.2804280904466741,-0.9362244416547756,-0.3973746134818363
0.3241544758251699,-0.9556267942920872,-0.5854747778918568,-0.8574313947506363,85.18853942045423,14.183614290488377,0.2389378512198343,-0.9078841091032296,-0.4353929978126085
0.2719034763928568,-0.936747551643854,-0.5909290308853398,-0.6141049639304914,89.27758352008182,16.28231966330344,0.175630032874716,-0.8903874903649612,-0.4482564756519469
0.2200679458014984,-0.9391388851021484,-0.5819534911515167,-3.086216950243211,94.06645738994504,18.620066855966435,0.1254496804163947,-0.8887538827181928,-0.4332866298132981
0.1669890403707228,-0.9468645142592472,-0.5515181161646473,-4.058759990473068,98.10691639837492,20.039538268994967,0.0830496552063806,-0.8985021376332765,-0.4016585557602552
0.1295256837381373,-0.9621840366669264,-0.5208839718054691,-2.5772208774715057,101.28306709426327,20.430993007408617,0.0449770187579428,-0.9124190688986192,-0.3728820374712613
0.1088606971579411,-0.9724866655042173,-0.5010322480118246,-0.0460894759415124,104.03027897512244,19.953714338178123,0.0230835326758277,-0.9174556990139472,-0.3547771903664974
0.1053251948391718,-0.9627466370881432,-0.4904209564463258,2.4155497017513734,106.72855773913057,18.981776365321544,0.0125813798388253,-0.9103798422708176,-0.3419273750974432
0.1161903735449858,-0.9482321803387268,-0.4908326600495889,4.12922226272381,109.0500671824636,17.840650384959904,0.0222870246618349,-0.902868310891808,-0.3352685928721555
0.1242880499841082,-0.9385815964994774,-0.4915406683755812,4.6736216346997645,111.02628351223478,16.750275150976762,0.0440134415228576,-0.8916967144159326,-0.3335961537652028
0.1483198021370532,-0.926025517097161,-0.4866435183563242,4.476775803198449,112.58118898854588,15.838198103608706,0.0657051973153448,-0.8789830212341166,-0.3304381511221468
0.1818520497838013,-0.9158822205243452,-0.4755665107750432,4.570110051646612,114.05116815016112,14.95611968845044,0.0925867653756156,-0.8730430003246732,-0.3227057774058021
0.2103744311953452,-0.9136304705907496,-0.474523640850937,5.248409121638552,116.02563315366342,14.33794274726624,0.1169401066772466,-0.8644716428175712,-0.3143821089140319
0.2267183880280694,-0.916692649275966,-0.4579818095431285,6.325193488944984,118.07641352791134,13.766812024080991,0.131226047045553,-0.8677157121680403,-0.3040952817824325
0.2179207617586404,-0.9143289181223656,-0.451064595634257,7.441065170377954,119.5032856623619,12.99849352759284,0.1333305148413897,-0.8809037298968934,-0.2888749628566301
0.2073748268547759,-0.9218422955562312,-0.4538976639127373,7.967808711597247,119.256620903612,12.690831242827068,0.1144323463125063,-0.8833514946011126,-0.2716120680783657
0.1745913623171629,-0.9423227954257026,-0.4095104176987004,7.967152152953332,116.8851654125957,12.89434157064528,0.0778164598326519,-0.8910710404152931,-0.254185386073942
0.1177625082072948,-0.9487645551850428,-0.3823750979579601,7.254914909753828,113.20082396783508,13.2774351579493,0.0384271531533454,-0.9022679684467284,-0.2386874157467244
0.0694865694858967,-0.9449231687687109,-0.3764183342919566,6.066208459915894,108.78538149184229,13.766518135523697,-0.0019599946816006,-0.9007091780621255,-0.2196851654534645
0.0291312422962601,-0.9333636527958836,-0.3638708384210126,5.554667644636716,104.171918004595,14.063076493629271,-0.0368626252529448,-0.8889717676013549,-0.2088462259509649
0.01618024804385,-0.9170489923334142,-0.3592100640395793,5.460350207599929,100.12332000542489,13.91790084989253,-0.0573781492855777,-0.8712987442486211,-0.2113732918687847
-0.0008643452422592,-0.8856832440657337,-0.3602486508998161,4.867940411621734,96.5869658690144,13.18561027280137,-0.0665443967665378,-0.8479979947947155,-0.2134275741376794
-0.0129344603000394,-0.8545968678499398,-0.3807804439040588,3.839785440084554,93.19567743054186,11.858707904053878,-0.0617818599281528,-0.8238797178771654,-0.2235707713689848
0.0302610409137634,-0.8537112012224383,-0.3890209540714466,3.2602801109330786,90.1219610510526,10.331144774613358,-0.0410124166262084,-0.8106099451035302,-0.229880444622618
0.0744689144827511,-0.8535759672707012,-0.3928217751070025,3.764278269010799,87.6811669227992,8.957072181752748,-0.0122064320620067,-0.8033430981843882,-0.2304204012639576
0.1047739250272879,-0.8461037897184445,-0.4005830003802885,5.160140629561114,86.0997090956545,8.04789633889093,0.0205762515077058,-0.7949914785178972,-0.2408623775409972
0.1433958368752066,-0.8374368730904759,-0.4084453100087299,6.802686682963405,85.49499909212352,7.983969673299904,0.0547174879505251,-0.7878489180471826,-0.2512021267938817
0.1739747852914138,-0.8307767331828686,-0.4263480365811412,7.61946791979828,86.00596233680452,8.603018170161281,0.0780434851301404,-0.7799261449068646,-0.2569732554554005
0.1926173550081446,-0.824699207914362,-0.4137061919870996,7.599032733976031,87.32848275502528,9.635732573733288,0.096376767294964,-0.7745496255644989,-0.2529464258423717
0.200512486820285,-0.8201119295601363,-0.3982721246868785,8.045043526171087,89.00213263214427,10.683560422110844,0.1114921573690906,-0.7736414768011465,-0.2485938170657818
0.202254094604895,-0.8116705088188737,-0.3949410891369902,8.984303697569619,90.79562835945066,11.368460790719494,0.1124283186792834,-0.766461893476879,-0.2407945912761363
0.2078998186641137,-0.7904779495926206,-0.3809851694358012,9.005872758287069,92.50996231765382,12.071948915343762,0.1159141041477049,-0.7590087163750281,-0.2244822187753971
0.2100017256540073,-0.8066002442478172,-0.3815065734214425,7.530915212277454,94.45967241032098,12.65072429437226,0.1175257668049946,-0.7713644188169289,-0.2208392526876745
0.2065230899217349,-0.8352522160465936,-0.3850473114363137,5.28848304435514,96.08646840525036,12.622443488266995,0.1099469054848888,-0.7865626817177764,-0.2190237899829551
0.2018434962796044,-0.8409862624246116,-0.3797378573037309,3.917188303362937,97.15303472072412,12.174793264117236,0.1087248349319327,-0.7918644925037888,-0.2221066047122075
0.1901611839777893,-0.8603915190134226,-0.39755560608557,4.3225019343365005,98.55379560590156,11.501084961625802,0.1015886816287928,-0.8041568917472524,-0.2442761797201951
0.1890383451143611,-0.8699128907579089,-0.4351437183607772,4.3887709609851004,99.80873188453724,10.8453187704116,0.0941850835580897,-0.8189101947347857,-0.2669990425973687
0.1945765379658757,-0.872464357353044,-0.4341574250715247,2.552446803284084,100.75834615056606,10.698787213681827,0.1040184047352813,-0.827088478569362,-0.269589982966259
0.1945298172819592,-0.8907677346130052,-0.4046120440572442,0.718029549085851,101.5130038729049,11.25332700790651,0.1132369664596189,-0.835002575749947,-0.2531656568897127
0.1994519669027359,-0.910349719082396,-0.3900759633226842,0.220212546643612,101.49142300577654,12.153800851005014,0.1088972656643257,-0.8488003732602791,-0.2409840291591622
0.2017478045591588,-0.918206769234773,-0.3849222337103892,0.4522841078944354,100.93844577961129,13.398773797452222,0.1058392264087696,-0.8565050399853598,-0.2359081799005439
0.2037571819169615,-0.9093154880523908,-0.3913751079479178,0.8904971196934295,100.32304040743378,14.973251878218411,0.11032754616476,-0.8544515718079922,-0.2401723129421956
0.2082923871511129,-0.9099177595567668,-0.4008946078405386,1.2665227672567625,100.15316850540096,16.213773494858245,0.1101491940746587,-0.855180969106337,-0.253562346348969
0.2029704137156284,-0.9128532193731,-0.4215332269637712,1.6235963593681757,100.29818142450584,17.19809757815075,0.1107560643751574,-0.8543881667859159,-0.2618663874277438
0.2016608490748978,-0.9079859036472502,-0.4442267519037122,1.910786547100077,100.30476863892854,18.22253762591625,0.1153603404509529,-0.8592998728949568,-0.2751845519959734
0.2156212481016726,-0.9139160886582566,-0.4359894333530495,1.6697894464779184,100.64444134363823,19.11268201342764,0.1196064728000667,-0.8686203881521037,-0.2820628163185361
0.2234905658842073,-0.917618313632334,-0.4377292232765997,1.0496207702572502,101.59017150837435,19.842625866865028,0.1260492396012067,-0.8728729156366053,-0.278444240997665
0.231795618302024,-0.9211082006108656,-0.4486778261999798,0.1686108638236357,102.93897661584906,20.5230923721765,0.1326284555706243,-0.8777288532646526,-0.2853228094306721
0.2459997893859931,-0.9286455384443923,-0.4515488919919384,-1.0781759506595805,104.53594631746284,21.40862481521468,0.1455191931376171,-0.8789205494203574,-0.2979116677824004
0.2463467763599925,-0.9268858664785088,-0.4701845149312056,-2.3655084839278504,106.54153097105385,22.23538326599101,0.1585138206028192,-0.8820834161943722,-0.3138706874460706
0.2506435637726155,-0.9268518144997624,-0.4818624106894472,-3.772351594869717,108.78130074513663,22.841820820940733,0.1663843571655063,-0.8862194693626828,-0.3300102961630003
0.2616671646878277,-0.9388088916942434,-0.4954033202976955,-5.304489633533034,110.40905957236896,23.512284565635003,0.1748895580379009,-0.8935996226005465,-0.3482307569609801
0.2547739022371895,-0.9547470317285988,-0.5032342884788716,-6.709034217623028,111.21083844227108,23.976524456527592,0.1652247476976863,-0.9088737892195268,-0.3584485864874786
0.2257804813938808,-0.969465743006132,-0.4965905141038647,-7.556663983610283,111.34537488846766,23.97404346690314,0.1335022753152999,-0.9179491647885876,-0.3505505247439515
0.1754364553390374,-0.9818305812117336,-0.5024111058095079,-7.44003720608491,110.6584398584792,23.502191794499264,0.0889721293310992,-0.92809200248468,-0.3461635900870162
0.1109979678258602,-0.9864522518664536,-0.4897729841935033,-6.920742627064816,109.19916632235837,22.83078759950966,0.0311894324164121,-0.9403262006160116,-0.3359422215920196
0.0485988820111331,-0.9904098499306274,-0.465647866890143,-6.012244770304274,107.14920340229976,22.28220769808133,-0.0290431701542824,-0.944629069328361,-0.3139183164576596
-0.0037454522808134,-0.9930529952592748,-0.4447417057981759,-4.437980946137832,104.5010461008748,22.02264459001916,-0.0851178376783276,-0.941669187865767,-0.287801962814029
-0.0591213662595033,-0.980997938369764,-0.4199874119760552,-2.7870020619883227,101.07531583922992,22.513951973417065,-0.1356726165061425,-0.9357540306899907,-0.2566445811773518
-0.1084439419619325,-0.9829011842959656,-0.3929301274668555,-1.48287694072933,96.75407612229192,23.586109280042024,-0.1756645490867018,-0.9346023387128808,-0.2399553922834859
-0.117030383673101,-0.9919145360279956,-0.3739236359537495,-0.9909073606248584,92.03059012813137,24.374869417486497,-0.191402754067207,-0.929239585177111,-0.2320850930097995
-0.0949690257177975,-0.9710347996437269,-0.3868471465369056,-1.58920954577808,87.07354036051179,24.32188788131036,-0.1772504238482234,-0.9181453403041216,-0.225931348293178
-0.0687523357860386,-0.9587473464839672,-0.3825479226892186,-3.149484654649466,81.15784349592482,23.36586077614921,-0.149232222481695,-0.9150910147205888,-0.2265373960634522
-0.027122754742626,-0.9650222066879616,-0.3750720169086345,-5.094082717421336,74.86292259020675,21.72109918759074,-0.1109851896810131,-0.9150967686147722,-0.2255345669936148
0.022397488985808,-0.9628030886488228,-0.3928547309459961,-6.432610797911026,69.59494076529063,19.72177280697978,-0.0659078844276632,-0.9116804242462148,-0.2302405929356096
0.0511172111624322,-0.962582752371564,-0.3789921061538972,-7.106912022312934,65.36729683754888,17.900105299056328,-0.0286055172706833,-0.9132723949529598,-0.2294146670613751
0.0846913327869461,-0.9695885414276904,-0.3754557121913243,-7.411792256046428,61.71446579584761,16.567486731490668,0.0045977566732851,-0.9197716082012076,-0.2209186287446427
0.1201526040719444,-0.9786620193871042,-0.3853028128290053,-7.416989956297906,59.01843965352395,15.695529405884995,0.0313715962750878,-0.9250017638612829,-0.2230267310981418
0.1176456289184297,-0.9877676194733792,-0.3641650230211194,-7.461229581326454,57.47618598760128,15.093472705894596,0.0375842490856456,-0.9342302869158126,-0.2191768197301951
0.1049608842534555,-0.9948350091318529,-0.3563945844379422,-7.3231034668237855,55.48216538510369,14.78090856233025,0.0303216798922673,-0.9438207837501136,-0.2097832287217247
0.0830477648580478,-0.992877526931532,-0.355344874419856,-6.512882685449575,51.73714297664569,15.099225737157251,0.0117741502564563,-0.9447210680243474,-0.2027248235796367
0.0376256045483615,-0.98634477177118,-0.3475735170338221,-5.362245259651879,46.906567759393575,16.100144955547346,-0.0280409689430028,-0.9372765228864,-0.1963887817513127
-0.0026067600173392,-0.9672876168721496,-0.3473505175861312,-4.478704490449969,41.46417408985856,17.549247045421115,-0.076712010825683,-0.9191693293446754,-0.2030372669948986
-0.038979601473145,-0.9372575914162632,-0.3644746823497815,-4.367866627086956,35.651478024224886,19.25129784914041,-0.1167755562604591,-0.8981565112762404,-0.2150564416803064
-0.0601764595683734,-0.9379247250770066,-0.3897510877817237,-5.715399345819439,30.45627596357393,20.819590638084563,-0.1406316428798795,-0.8912165237666358,-0.2251447105701198
-0.0491911814836658,-0.954570918669009,-0.3901367720292666,-8.053054892060489,27.06522199471712,21.547706475084244,-0.1387494287018615,-0.9024465163071208,-0.2380715348263435
-0.0179281510734527,-0.9725515963836164,-0.4094954312703485,-9.710218768589051,25.807780095134035,21.17961244215058,-0.1097550931048747,-0.9211710143698936,-0.249060407573915
0.0310006066587002,-0.9920330440050592,-0.4270130655109392,-9.983572374285895,25.756373992156952,19.77550638276045,-0.0613822334862441,-0.9368111114989855,-0.2588526743013875
0.0829747562304144,-0.9905893635049192,-0.422958863556759,-9.12317548326761,26.651252006880277,17.45352494695774,-0.0034659095917962,-0.9483799474767844,-0.2766828586127778
0.1296503437762753,-0.9953431893029632,-0.4408097870745225,-7.7492827516434835,29.00564354473156,14.589225299406523,0.049058341222073,-0.9519885515081076,-0.2839601283780684
0.1764787070572153,-0.9978726976986448,-0.4312512054524126,-6.392922822534245,32.47861046421889,11.485537719334369,0.0850122050731769,-0.947140597697544,-0.2719793886447184
0.1981576022699105,-0.9908573732085386,-0.4137912705655228,-4.946844881091383,36.56255547732235,8.777743193296455,0.101850662293106,-0.9406802211082552,-0.2636500723336875
0.1838837743926235,-0.9969696019989194,-0.4023618839109842,-3.282606773138653,40.897097610143824,6.713959839323438,0.095111199641691,-0.9388731453917624,-0.2439537118765853
0.1448218850799747,-0.9982641671458944,-0.3766302568546442,-1.0926660084770905,44.59699492120627,5.282140887386455,0.0587469562866596,-0.9437272396385225,-0.2140614864661982
0.0870165596062866,-1.0015635120366486,-0.3529361947458443,0.9241475002748556,46.86028794611864,4.92498622547178,0.0050361428922838,-0.9474098640301076,-0.1918766674578316
0.0325494852428756,-1.007075893806517,-0.3140860966268511,1.9187421643460143,48.000305127527504,5.531222942919817,-0.0473380053438116,-0.9566496145092166,-0.1647509816290996
-0.0148208511181506,-1.018694510390024,-0.2927327440334781,3.1015146504562554,48.51514801062995,7.019358704071738,-0.0964444587633602,-0.977252816322492,-0.1419610114670656
-0.0530665196454865,-1.0497523901368018,-0.2762305760826702,4.897182910373409,48.46633710441272,9.00326994880897,-0.1331391776410218,-1.0053832220722971,-0.1234268207230954
-0.0769731807044436,-1.0780335084299333,-0.2582552259101706,7.093744612592829,47.64259693988905,10.766260717421906,-0.1558059818212244,-1.035636456534569,-0.109181026425763
-0.1054904752054552,-1.0935371780752985,-0.2637650816571449,9.4399466873327,45.09776828501376,12.60984751401878,-0.1760750864955164,-1.0499474457539095,-0.1118746634469046
-0.1166132945702257,-1.100154006538599,-0.2626481241603957,10.159794821023638,41.4644942927133,14.448160583307402,-0.1837215509651507,-1.051347619083463,-0.1194869619069392
-0.0965515289217195,-1.0982480758029087,-0.2778017587987741,9.10575551288751,38.68575196487188,15.549539166849687,-0.1726925098180974,-1.046006925865727,-0.1246517216105432
-0.067265909544615,-1.0794131711000077,-0.2779635149127434,8.073757214061908,36.88520069285419,15.968417511451772,-0.1447104691619881,-1.0300577926009111,-0.1211217382794149
-0.0237587344275084,-1.047196516853116,-0.2527148752308312,8.287559423727993,35.41247351782065,15.93859763458503,-0.1046061523217923,-1.0031245757435117,-0.110639144425175
0.0075810614456282,-1.0133398834721192,-0.2657915911562485,9.604971084372991,34.0413583988765,15.359581725470838,-0.0698629036178425,-0.9712905321106764,-0.1104800358889471
0.0235183814359958,-0.9866396591522586,-0.278927616891955,10.307271355579344,33.052833931367225,14.763970315304809,-0.0438887839969208,-0.944876122661756,-0.122948133077187
0.0564563811916281,-0.96893382995915,-0.289348128117029,9.044416240836606,32.74184971879233,14.63976152604754,-0.0263513388315205,-0.920000033017774,-0.1393576897885269
0.0613232664490871,-0.94949618812499,-0.3094299473987212,6.148891206564936,32.72027000882465,14.5590501986916,-0.0220266740794848,-0.9091450282257898,-0.1540080737479372
0.0319208372333428,-0.9507409196922962,-0.3135902432123149,2.7418149014010584,32.621263407454485,14.468797587100305,-0.0309254645258639,-0.9129046969818384,-0.1642706093864899
0.0147860666860118,-0.9731789510706508,-0.3213496782630267,-0.0767299951531199,32.24191210021019,14.565757273841388,-0.0549338177308652,-0.920225516746055,-0.1647855989338079
-0.0085128117016989,-0.9830983790459256,-0.3171297364940086,-1.4313705678201794,31.62681218464749,14.734259945343153,-0.0911550981584622,-0.9348932408975424,-0.1611674450534787
-0.0432375157000438,-0.9918379540403444,-0.3078728566809532,-1.192958122462093,30.837293126909024,14.96805611310868,-0.1254042851521346,-0.944344534458353,-0.1591765117237906
-0.0683247326922695,-0.9989561094083834,-0.3037187863292106,-0.0652436563363964,29.87222484969313,15.265699283723906,-0.1483926531341794,-0.9504093912296776,-0.1528852116263896
-0.0890401564074966,-0.994017643081104,-0.2937862707564304,1.403779052704952,28.78330990643624,15.489743449986111,-0.1661115620654345,-0.9536352995797468,-0.1455313351115325
-0.1009818435529968,-0.9940493593172894,-0.2957779666634778,2.904212053886971,27.386644789106505,15.41271870275629,-0.1746954585697903,-0.9501929633820264,-0.1354953883050523
-0.0950161205759048,-0.992412219829356,-0.2888978320228037,4.024445633402265,25.76138696898078,15.070154764249734,-0.1699185678885743,-0.9459833189902463,-0.1303726354267008
-0.0802785760488452,-0.9834983725213772,-0.2815668257351373,4.403982177193953,23.95395770111361,14.424477403858411,-0.159080870031819,-0.9358813787382848,-0.136358603529647
-0.0589897001412003,-0.97388618666559,-0.2890306924765713,3.8613165694730407,22.15724771998221,13.317616780379687,-0.1391791372447728,-0.9275679558297704,-0.1409098682721528
-0.0294121942362314,-0.9666827577325198,-0.2961732870328755,2.478281689534475,20.93723689794599,11.993543254026768,-0.1143850244840147,-0.9215031007379416,-0.1490038580931748
-0.0048043095759403,-0.9654893614427592,-0.3042281064685542,0.4906015498210351,20.404010298371382,10.642828262492593,-0.0942480672878778,-0.9145911160184306,-0.1565865438084902
0.0020448590167221,-0.9639272813247424,-0.3050861150034506,-1.7712225622033615,20.416925927973928,9.392993192782772,-0.0817433683874981,-0.9142160984277798,-0.1598874743583435
0.0023772226618921,-0.9625220244396452,-0.3144902971386919,-3.8634357422576144,20.60839344832836,8.515835133788698,-0.0754342820714287,-0.9158626007735816,-0.164315493752138
0.0071936516411474,-0.9661004427989608,-0.3214968327341996,-5.408113545277787,20.827734210094174,8.044602653726272,-0.0698506989539089,-0.919206915472929,-0.1662782708003183
0.0045968314703454,-0.9734256740460564,-0.31341978110808,-6.609999802459518,21.153917136041294,7.929012819024219,-0.0754637853989259,-0.924155488279096,-0.1706711801170166
0.0013617234663618,-0.984029710570806,-0.3240006875818208,-7.545396514884344,21.39308125829875,8.094170588492046,-0.087859666900665,-0.9292556057398584,-0.1715432752343194
0.0015357757931865,-0.9932024705560832,-0.3276124505491731,-7.6528911034807345,21.636847290196418,7.994854341058323,-0.0916256892883891,-0.9380816147311132,-0.1690332716453361
-0.0080275620222146,-0.9953676115172958,-0.3133254050141136,-6.907310426645821,21.65417806258525,7.419604247760034,-0.0972352409973827,-0.944894774543214,-0.1667681098933355
-0.0269133007003967,-0.992907864914971,-0.3129678424748631,-5.631685187756926,21.195736299293355,6.628658495879242,-0.1057153252162541,-0.9452348418429366,-0.1644769996108193
-0.0436758526420171,-0.9927591931610802,-0.3148439853178797,-4.416228496162269,20.48699003152469,5.491540949227748,-0.1180549346648696,-0.9460624387690296,-0.1645404711663526
-0.0486560604595547,-0.9946145269828012,-0.3135667961683305,-3.696332368292249,19.361718919882005,4.326398177591782,-0.1329068937678185,-0.9479624088358908,-0.1602225093248602
-0.0580930520348654,-0.99142548064592,-0.3100463140217701,-2.961222839286471,17.955931186200257,3.3960177629403665,-0.1372474746221574,-0.9470379136060548,-0.1577800953939325
-0.0610811094917125,-0.9909114684054924,-0.3011269479475268,-2.220850556745945,16.67889977904392,2.243844789985498,-0.1382165491098023,-0.946600380356528,-0.155658734846431
-0.052140565053752,-0.9923542200785064,-0.2962359984222771,-1.6667616968488432,15.363554275498936,0.7380029878525363,-0.1362817248784696,-0.945432325788933,-0.1498028911673203
-0.0550885718218324,-0.9842947299185622,-0.2903669813683572,-0.8889544193172731,13.722953515857448,-0.9037246068619466,-0.1306755192955488,-0.9395928631443282,-0.1420535361829646
-0.0512091574730514,-0.9809669246807962,-0.2854644878988472,0.1071556279817678,11.987177157257095,-2.559398131711513,-0.129206682404394,-0.9348997599949566,-0.1336299790607385
-0.0464191442683134,-0.9836079983642187,-0.2851183779787478,1.025511617740423,10.6756925368769,-4.342165159016505,-0.126945321093728,-0.935075391857466,-0.1267511504961481
-0.0432876599347274,-0.9842969481942656,-0.2782897965427751,1.66558843047534,9.717154299580423,-6.025870615331341,-0.122721869570254,-0.9302903205511274,-0.1201389635394809
-0.0396478516771645,-0.9816950697501876,-0.276163155161071,1.8463146892001936,8.926345991470633,-7.5035851150017585,-0.1219078683915301,-0.9251666221217272,-0.1235341309088196
-0.0530869649024139,-0.9761251372394444,-0.2825375497016436,1.3270641712120477,8.17106147643884,-9.032757970663836,-0.1276774273159765,-0.9302629130250214,-0.1296722080624205
-0.0541071866109326,-0.9799717343129258,-0.294414168319401,0.1489661881477271,7.067916206745377,-10.453654347502942,-0.1348718960978854,-0.9361438159709028,-0.1364823524327868
-0.047989097295195,-0.982483768000201,-0.3032852833630357,-1.253193352563986,6.172160554863606,-11.883296467413272,-0.1333811069206532,-0.938594355149051,-0.1459553783939937
-0.0377797478993176,-0.9828455853924852,-0.2920968329045146,-2.4729886894480533,6.034439029540436,-13.5723026862157,-0.1197672137260012,-0.9348502189749724,-0.1473940957188947
-0.0172636185178558,-0.9854017437987082,-0.3002596661745512,-3.214353531332933,6.20520458894728,-15.363283260748933,-0.1019366713954457,-0.9339597432632968,-0.1485897413127374
-0.0133210850161016,-0.9951375086523024,-0.3158591200394084,-3.5015125311521147,6.32193559846818,-16.89321682225115,-0.0956271799635399,-0.9498799109360256,-0.1521341258929057
-0.0126793982438038,-1.03252281627718,-0.3100185414450234,-3.656632859686373,5.642128882890791,-17.761345530183817,-0.0964423407545654,-0.9770643995618176,-0.1604713789616087
-0.026371531129349,-1.066531872061935,-0.3312857208425003,-4.001080462878143,3.170697208914478,-17.435944726183696,-0.1024040717170366,-1.0154169932889536,-0.1758696259733362
-0.0550366008450469,-1.0828965786263038,-0.3539078316039734,-4.658080793562192,-1.2532302885175035,-15.39053239819462,-0.1258247749039411,-1.0455532937325815,-0.1948381152574369
-0.056490919717697,-1.095496466257508,-0.3527771117037858,-5.504050998246015,-6.311349013941918,-12.033128493768308,-0.133561716649577,-1.0494170835769387,-0.2045674328820963
-0.0358497499133147,-1.084067206043878,-0.3526060649295017,-5.71819751350593,-9.8538781826611,-8.517392534152373,-0.1125674637186337,-1.0331251009385716,-0.197744889702932
-0.0070890374069634,-1.04384368759239,-0.3420471155972862,-4.163524342960616,-11.729726659040097,-6.069794479233243,-0.0870952648685441,-0.9980983232222902,-0.1926450343609463
0.0357795376421555,-1.0006671307696993,-0.3425372035897156,-1.2550889501163494,-13.680569773918943,-5.340080530712911,-0.0460537920188923,-0.9573922550133508,-0.1929424554061616
0.0808954572168883,-0.978003247603737,-0.3626819763793061,1.4809848042377818,-16.304150885860025,-5.899956144964543,-0.0014819898879733,-0.9243559598827228,-0.2058751495665978
0.1086409645538409,-0.956390790518777,-0.3786496139387393,2.467353178431149,-18.36450329585116,-7.032351529270056,0.0252864386925397,-0.9077417344271116,-0.2227045932774985
0.1212243541238975,-0.9379837002332112,-0.3883360714344269,0.8666631090507256,-18.67003086581132,-8.49048689591723,0.036271119559623,-0.9032748137639692,-0.2233305223414261
0.1257235870954771,-0.9550860405277202,-0.373644592274334,-1.8836516871487397,-17.407715203826136,-9.99832804122743,0.0314918864148179,-0.9046412597834276,-0.2174330523233738
0.1121082701572535,-0.9757315566299184,-0.3498598676622958,-3.603475100715687,-15.328027856471492,-11.035575759334812,0.0201492636336689,-0.9181146083630672,-0.2021559951756596
0.0893760962902872,-0.9797333953726362,-0.3465092016407883,-3.794713891471997,-12.680315709809223,-11.534066908108509,0.0073397677515713,-0.9311094022595358,-0.1904978391455317
0.0792627696842212,-0.9847966372318098,-0.346311848747145,-3.43676433821338,-9.372400682561114,-11.482210361342574,-0.0030943137595985,-0.9375883190516212,-0.1889197647235304
0.0781121013007865,-0.986886577648684,-0.3401556018745824,-3.3046383997806803,-5.868674436844087,-10.844205764167365,-0.0052332959987731,-0.9432199956300468,-0.1825004432092745
0.089865429269543,-0.9890319503818628,-0.3321938484876776,-3.659358638211787,-3.007931706189784,-9.95632627104408,0.0047465690484689,-0.946368830377032,-0.180582225484941
0.1099178035859822,-0.9897346654236356,-0.3309905283852702,-4.664896072816472,-1.3660976886665932,-9.03709743949763,0.023702411140476,-0.9446575856558208,-0.1807133594512745
0.1265650536764761,-0.9903207360853103,-0.3336553652053631,-5.865208999769345,-1.0201582732900092,-8.165026318119699,0.0420534079201309,-0.9434190693093696,-0.1808705468326649
0.1470323914867463,-0.9958926546497916,-0.3348665067370713,-6.74717602179961,-1.3282106724521456,-7.448200143687218,0.0551832495646223,-0.9485172665000215,-0.1820996689715111
0.1525458109340144,-0.9963502233428124,-0.3347275039334351,-7.097545773900427,-1.827431949928557,-6.929183320984741,0.0619545540757287,-0.9551743687823602,-0.1802859124179259
0.1481857033118274,-0.9996448857483102,-0.3305979618741609,-6.776565244373919,-2.231562473781272,-6.570623920170792,0.0678316510816385,-0.9596369262112038,-0.1809038703502103
0.1532019129859915,-1.0002406711204823,-0.3408723715866487,-5.940220774608865,-2.271240175420687,-6.436580227272341,0.0694485345332994,-0.9523153043496771,-0.1848268177617378
0.1435684460167423,-0.9864132894352532,-0.3525311299549556,-5.0857782614463245,-2.0318908483968983,-6.440692313222472,0.0635056929030877,-0.943960872574475,-0.1914680797200296
0.135453625159465,-0.9837747608271296,-0.3507846153017828,-4.749780448952621,-1.4331984093151566,-6.190557968009724,0.0562497738614489,-0.9434989105847144,-0.198830275429548
0.140896931388068,-0.9869330752175716,-0.3561368706490594,-4.98903719504789,-0.5280820020080425,-5.593790853448668,0.0472811755751188,-0.9371884253502464,-0.203764073490381
0.1281152277069457,-0.9805532805798663,-0.3603397268729714,-5.535074031684104,0.8038572254000079,-4.907049521095031,0.0396552964230652,-0.938437055816346,-0.2036568175583732
0.1170938584037646,-0.9936835028153728,-0.3536943399030528,-5.895410495815596,2.4629164831337427,-4.268086669556175,0.0344294246770913,-0.9470635726632652,-0.2016945532561055
0.1138409451487641,-1.0045503924736794,-0.3551089146660219,-5.722968877011763,3.813552025305195,-3.7146275624920864,0.0258824589401026,-0.9506341354129716,-0.1970177645603112
0.1021919708899527,-0.9963558361482204,-0.3571841858048906,-5.082143554505108,4.853319772571563,-3.460308498253833,0.0213846666976451,-0.9542982653419476,-0.1893410863074546
0.1048669303427747,-1.0025122833803404,-0.3413876856258485,-4.136844513748127,5.5303660910744,-3.549527846194963,0.0248162953317587,-0.9566550175460592,-0.1858479048364988
0.1112408205065288,-1.000073828307214,-0.3362106544938631,-3.251215698511801,5.8919305847568095,-3.674871367161829,0.0277785954325149,-0.9539229416118984,-0.1859649289844232
0.116267957128103,-0.9915266234358632,-0.342777020584732,-2.648911031379215,6.3023113019772845,-3.842641754439315,0.0326945285622249,-0.9470608815222844,-0.189684980240415
0.1199154646735311,-0.9947294922343832,-0.3337946739922839,-2.511218046710338,6.726904357412662,-4.27152318425571,0.0366545998498019,-0.9463036719079192,-0.1896704246059734
0.1106519837294924,-0.9897009298598356,-0.3307878828179943,-3.0377831904719947,7.027703550593763,-4.680915572350412,0.0334693615250973,-0.9449112604371996,-0.1876177704843291
0.1126614719292232,-0.988500610099687,-0.3405104534271675,-3.892261232611295,7.018468272022163,-4.916186038601479,0.0286460662114928,-0.9400372274530794,-0.1866974860276092
0.1122731587795149,-0.9895034420029256,-0.3360922501879737,-4.663196326020214,6.805206434197246,-5.063939184259559,0.0252219323514469,-0.9428664199301516,-0.183393926585375
0.1018500553260033,-0.9914980370930118,-0.3328391262955381,-5.078732750459343,6.455668695265201,-4.875102350813319,0.0227249008360723,-0.943949585573504,-0.1868707226775798
0.0989195305827133,-0.9942273844547224,-0.343361810760793,-4.916580360315033,6.084744535674027,-4.52871837629152,0.0189801312377869,-0.9466895943524988,-0.1866226377090344
0.0963755079112025,-0.9892231716242152,-0.3437652391523587,-4.367101682497234,5.966779866860308,-4.152719994735089,0.0174831903727484,-0.9526631453366649,-0.1858614783488206
0.1045461528951464,-0.991156795918959,-0.3520394748951824,-3.749929054631724,5.884506353714958,-3.668878112122795,0.0217889071959296,-0.9537526951460776,-0.1926739456835298
0.1177191071351338,-0.9968939233927654,-0.3631921943016237,-3.227141264516503,6.040971361640916,-3.463938501321927,0.0284049573025966,-0.9549055092685338,-0.192000599595479
