ADXL_X,ADXL_Y,ADXL_Z,ITG_X,ITG_Y,ITG_Z,MMA_X,MMA_Y,MMA_Z
0.1171462611043429,-0.9948788303071654,-0.3686370410442597,-5.440155211100116,-8.440309471436771,0.1757624107855735,0.0432764178384919,-0.949104567834784,-0.2008614972898605
0.1289656411960744,-1.0008196965386102,-0.3639602318900223,-5.137679034708854,-8.590453148148567,0.1579834584721571,0.0435802931248442,-0.9488535265898824,-0.2011597040457049
0.1318165088664369,-0.9995181780611436,-0.3497197789925433,-4.8271613988852025,-8.768716629641144,0.0989776910402344,0.0452264823477985,-0.9488271522193296,-0.2013342805577664
0.1261693364339468,-0.9944142593433728,-0.3502824868978594,-4.459897887104301,-8.975718973311727,-0.1611218525268787,0.0456468018001416,-0.9518740428363032,-0.2012269024418509
0.1254461465930161,-1.000741493294802,-0.3614781537782154,-4.046328685344498,-9.073829129214516,-0.3964902336153694,0.0444756346051706,-0.9498081805466104,-0.2035402213589211
0.1187167239186874,-0.9994423611524376,-0.3626353448717072,-3.680528714138741,-9.227386042703037,-0.426723044024974,0.0448638082120884,-0.9506675311696032,-0.2057521673000887
0.1153575289441151,-0.9932594648037608,-0.3668320286292527,-3.188420596855703,-9.391783512251974,-0.5018880804861678,0.0419947841139397,-0.9511956676731734,-0.2060328072384784
0.1212223059608137,-0.997199745571647,-0.3627216375663858,-2.6862713173678623,-9.456064616572403,-0.5984903713976003,0.0396813965183387,-0.9505227276588047,-0.2051495926956491
0.1150359700970052,-0.9969090957038168,-0.3635255220701225,-2.1935171239894644,-9.556858101464154,-0.692320423380122,0.0371642402284289,-0.9536344119331972,-0.2037271005306038
0.103828829335915,-0.9965200653734612,-0.3645098970969066,-1.695817109084816,-9.737700489292116,-0.863085741713683,0.0366136762554463,-0.9517276906354905,-0.2054198324743114
0.1221502046703132,-0.9979326437313836,-0.3492000987902267,-1.4168518276594746,-9.937064407241412,-1.0221930063888045,0.0414842939371207,-0.9496507626524076,-0.2069189147289629
0.1339699365352871,-0.9952784056444292,-0.3644918024408373,-1.2862800000699626,-10.022389019862056,-1.1563553219821705,0.0404413794501596,-0.9446811458998976,-0.2058462742748743
0.1230995980892643,-0.9951457484194632,-0.3631921398803178,-1.3396181384062582,-10.300834928585758,-1.2264582826387471,0.0385304315396869,-0.9381364258997368,-0.2055907488821919
0.1255667541817396,-0.9919632510005644,-0.3489265416538327,-1.4264443461263248,-10.776508135677574,-1.246190893083252,0.0385931686577884,-0.9390552324991184,-0.206399711703456
0.1160489998769947,-0.9894551917960004,-0.3618027804669307,-1.354640440354211,-11.21499312425219,-1.2449934914311231,0.0333222523799379,-0.9391648153254296,-0.2040772857435931
0.101723216785545,-0.9884734394225816,-0.3541305120741273,-1.5440254296189109,-11.792744458911228,-1.0855111280743674,0.0291274760521349,-0.940176963975814,-0.2017350856259072
0.1078135178911695,-0.9891026080797648,-0.3537244798202008,-1.8986726387394757,-12.358962228596706,-0.840824872099083,0.0259141875664648,-0.941975664599906,-0.2020341697669992
0.1081295002739409,-0.9906812325520508,-0.3662683704501417,-2.0191844216563632,-13.024828789947138,-0.6602213083007193,0.0242098580040998,-0.9394128959536234,-0.2021353649994149
0.1002008561204294,-0.9871200811369458,-0.3627418369100995,-1.9616117186494904,-13.858320974752496,-0.704537074454566,0.0213009785847749,-0.934970476076556,-0.202066178320316
0.101314821449924,-0.99299298248082,-0.3510773425967872,-1.646037234095064,-14.655462192259789,-0.9568412987203077,0.0145498024418545,-0.9379781562815894,-0.2032592573327266
0.095183846529701,-0.9927323604936128,-0.3519478529628909,-1.3869831832666628,-15.415866339890416,-1.139353153182722,0.0148388499571315,-0.942742387625208,-0.2081591273305
0.0805887451483814,-0.982203969724498,-0.368324297079404,-1.6425553294487705,-16.051422088752243,-1.3501325279234695,0.0141045717579089,-0.9375297464443494,-0.2105728364714536
0.0904634021079965,-0.9833712945218108,-0.3626270993154818,-2.162546602632152,-16.786513630694802,-1.4862322344009349,0.0107560548159966,-0.938356125424894,-0.209910454268406
0.1039184414551814,-0.9878573573855036,-0.355390294307854,-2.6579481254805715,-17.61605068062684,-1.4127048880673156,0.0148157171992348,-0.9425204872793028,-0.2080980742079898
0.1052683665624353,-0.9926532937609044,-0.3606019724527042,-3.073911330949388,-18.415752395014447,-1.360239850114661,0.0170255345233736,-0.9415876092802912,-0.2047554713541698
0.0999678146552733,-0.991996379948306,-0.3598051205739656,-3.3250504328705186,-19.36079888120044,-1.2683338283085863,0.0186852207687104,-0.942707932152094,-0.2069712011648973
0.0934696667486813,-0.984976508564258,-0.3670243787540235,-3.4139736414890023,-20.26148897614769,-1.24681640910993,0.0196782949641678,-0.9380011562831791,-0.2108271321346027
0.1015827245299747,-0.9809669148456334,-0.3747924919885438,-3.45998434903092,-21.04126119079397,-1.3233804638540416,0.0165632046180077,-0.9351269367935636,-0.2145666911236788
0.0962131630937089,-0.9806172754394912,-0.3755535761202465,-3.4443551835745887,-21.81509740224708,-1.2557788831261585,0.0158330659573176,-0.9381285646104,-0.2140072673802725
0.0876180377662941,-0.9854871793681956,-0.3700959290481874,-3.413156663063373,-22.66025758192421,-1.1698098013764169,0.0113263885255018,-0.9372891480156084,-0.2116889716821405
0.0848097051398281,-0.9861279543127726,-0.3681256343733845,-3.431508401137402,-23.672958508760697,-1.175228044149497,0.0045968333398965,-0.9397655455227544,-0.2162372739884457
0.0786298309418613,-0.9868108027040378,-0.374005900164401,-3.460974014933541,-24.846699021510677,-1.170668798335958,-0.0001792945465169,-0.9438665940760717,-0.2177408292953044
0.0758621030385678,-0.9956871137453164,-0.3676173352450317,-3.585895336288398,-26.19692180206775,-1.2221421197359164,-0.0078323100808194,-0.9451376942371236,-0.2194321058918094
0.0695278308264026,-0.9959677322601972,-0.369368696667005,-3.730278028770772,-27.522260997253184,-1.4525548039215863,-0.0135674339288369,-0.9465764624201568,-0.2224436542930147
0.08038206145342,-0.9905606078225118,-0.3917409283487805,-3.807040249460274,-28.852073906159035,-1.789704071149612,-0.0153308136052551,-0.9460631136028536,-0.2237656422496264
0.0703346374131714,-0.9885430030077612,-0.389805740057661,-3.761038281927948,-30.39778813060496,-2.145213108896439,-0.0169963098018493,-0.9403683959088772,-0.2257554343157731
0.0514567012839201,-0.9869950625526585,-0.3738593440497197,-3.625875144615805,-31.99532643308299,-2.455218484627093,-0.018852663336807,-0.9334824845027676,-0.2249680815073927
0.0623623936513969,-0.9840716052409502,-0.3866738358403264,-3.675167485477736,-33.551707979253315,-2.7274735147367246,-0.0197681798649473,-0.9320105864437768,-0.2275514883359049
0.055725193873697,-0.9786965970253864,-0.3947694239072677,-3.8577267461949662,-35.06341069987702,-2.946342764784518,-0.0207894983501525,-0.9320957356982672,-0.228435124642128
0.0537361520169787,-0.987681807510536,-0.3819270551812557,-3.9283978671031594,-36.65676243607189,-3.1305871630296904,-0.0218442532499868,-0.9314802379226742,-0.2263519242757998
0.0531157352065824,-0.9969845471144024,-0.3804015231439812,-3.868949452283396,-38.39410398308546,-3.3677477283342148,-0.0230128793655935,-0.9322466566282864,-0.2316501049034764
0.0489798775095687,-0.9884207349633652,-0.3913586287164237,-3.7638700848011473,-40.14900094761817,-3.618762831591333,-0.0257776170783863,-0.935278778124382,-0.2344665299060751
0.0596284104321167,-0.9895691944327712,-0.3965177995228545,-3.721438557033207,-41.94908273473011,-4.023887728951476,-0.0278917128177338,-0.9415034609278322,-0.231030577708409
0.0519771282235157,-0.9970662213574086,-0.3901570573016217,-3.668730928099479,-43.73325322684633,-4.534716627668439,-0.0277767239202788,-0.9490452332124774,-0.2298261711154431
0.048793106601115,-0.9951343850626728,-0.3871443443024526,-3.5876630214633187,-45.36666078735718,-5.033225680012228,-0.0290756541715607,-0.95154789864981,-0.2301577865798059
0.0512165320969102,-0.9943753930446778,-0.3861776768068482,-3.6069285022188367,-46.84646467863775,-5.593406067369929,-0.0323105676710398,-0.9492352940973384,-0.2279482373348058
0.0471723671980566,-0.9914913348962512,-0.3834963428683746,-3.4261019972649085,-48.44175669795492,-6.119305271034374,-0.0322269003057159,-0.9468995750611456,-0.2252771717341932
0.0502506831299065,-0.9848589294711791,-0.3849071369308414,-3.0434268922452947,-50.20713507115988,-6.558501014454266,-0.0341668765430463,-0.9375584642691464,-0.2241335623464271
0.0441446068777309,-0.9801125885877908,-0.3842125911104511,-2.80349505759346,-51.848021788175984,-6.844897782705263,-0.0371057761103475,-0.924836040649394,-0.2213487446475676
0.0396314462574617,-0.9672538662609728,-0.3789457174424743,-2.681629419426312,-53.43570752465699,-7.1121184645825775,-0.0368452381326129,-0.918531688796846,-0.2196488382490958
0.0394846892765888,-0.9609745356694864,-0.3642512753343537,-2.637937522311326,-55.08180208002554,-7.325033658462004,-0.0424043410973858,-0.914568715975212,-0.2173727157170569
0.0320982511915555,-0.9660101651726786,-0.3653016532473416,-2.519489173319039,-56.83230023984713,-7.326484773888312,-0.0470244119965289,-0.9100658758787172,-0.2136930527394396
0.0251674789585457,-0.9553615391486052,-0.3770078992897444,-2.579045035519069,-58.64677880352932,-7.364962707287805,-0.0483922349509833,-0.9080734955203812,-0.2121549271675238
0.0249922880083041,-0.9553883469759176,-0.3670763753952993,-3.109601097388172,-60.36899656333621,-7.464152013681683,-0.0511150102117786,-0.91508524931899,-0.2104303798473425
0.0328129344776043,-0.9757124355583427,-0.3717789504904297,-3.741003872561386,-62.0787101800801,-7.701702252973737,-0.0501760683563056,-0.927055241191434,-0.2148469459898822
0.0346582265617507,-0.9871313625298218,-0.377762863323667,-4.434697159269207,-63.67890454914191,-8.092166136000278,-0.048303804068018,-0.9344576127386476,-0.2190590616139746
0.0346916985472147,-0.9931330636173228,-0.3610308181545177,-5.002854186957532,-65.07004450237643,-8.418502298654948,-0.0455917577707773,-0.9421836728750476,-0.2139647230021511
0.0387868188400634,-0.9931537253441718,-0.3610133925415783,-5.056304710459525,-66.15141661036427,-8.695568703040008,-0.0403253343004303,-0.9515414870983584,-0.2103606884018031
0.0410552259887486,-0.99925493539101,-0.3603334104789423,-4.9389148414970245,-66.99447172083198,-9.077193006004167,-0.0348650549188085,-0.9559152495144756,-0.2060629301995883
0.0399082367298979,-1.0092168248263844,-0.3521003492628006,-4.807073646040277,-68.59765628956386,-9.6394094321307,-0.0354179855412557,-0.9587566244917096,-0.1963651759250799
0.0275398743354855,-1.0049139489906362,-0.3552861395931814,-4.510706433837219,-71.21968890786617,-10.129476462485824,-0.0469423419816491,-0.9593648849883878,-0.1911785799360653
0.0117043970960025,-0.9963889344187268,-0.3532700343327375,-4.270926440589944,-73.55788402100845,-10.532012985425284,-0.0683107259427926,-0.9464695126165398,-0.1949885877804321
-0.010127065673623,-0.9744832740111402,-0.3581552435334874,-4.260243632593398,-74.72052894973469,-10.59468735468064,-0.0915500373272407,-0.9237645239675648,-0.2053834289453313
-0.0205924946331804,-0.9554837696008628,-0.3767243342699398,-4.397028571898585,-74.84081979055027,-10.033182774009225,-0.1027295124302839,-0.9073936054492924,-0.2214677761991294
-0.0070417643713229,-0.9543467476392148,-0.3884440586110133,-4.332626443399536,-74.51435310933697,-9.683092050277663,-0.0934986859553173,-0.9056852433781022,-0.2286281301135586
0.0090500364617763,-0.957721819080674,-0.3846135500327416,-3.937153740859593,-74.3470302088205,-9.919847697127649,-0.0646395101387483,-0.9169158247531964,-0.2219676363582316
0.0448308922107708,-0.9854855705886356,-0.3726981871908737,-3.762662422618256,-74.8719851372688,-10.586074280600728,-0.0293624978396164,-0.938082721912484,-0.2208081704404547
0.0839757158125129,-1.011195649115208,-0.3742282464871999,-4.176519237822097,-76.22857952499706,-11.719914143898038,0.0020889243497685,-0.9602267868528276,-0.2203211236967708
0.1043344519465904,-1.0073693187436712,-0.3905525512070421,-5.021730845530545,-77.29519087395757,-12.854968744988923,0.0259518414120506,-0.9656048645618228,-0.2230866867408381
0.1230196322031581,-1.0007368323376855,-0.3997406078578992,-6.1040941710458245,-77.08262708400585,-13.889435201580008,0.0383826774539883,-0.9544006723487756,-0.2391949364266264
0.134347551448795,-0.9879719691987576,-0.3996302073450904,-7.150852704040384,-75.8135107067539,-14.901567606963502,0.0453160804671359,-0.9384770149021164,-0.2497217292264129
0.142723683594952,-0.9673026957423556,-0.411224845013303,-7.880544946615192,-73.62471937567193,-15.537616235147311,0.0537985898364314,-0.9248295780585905,-0.2523264271662514
0.1534077364622899,-0.9545767381178684,-0.4185639539366506,-8.268509916112707,-70.7380193513829,-16.00760759893989,0.0656935026568425,-0.914370222866934,-0.2489393853450062
0.1670832897048192,-0.9544221019762272,-0.4010890620941103,-8.161651070139891,-67.7955507096469,-16.425344454609306,0.0771926410427297,-0.9038895995389796,-0.2418681848765959
0.1770288744059404,-0.9549013397952264,-0.3835431572818243,-7.393076659456662,-65.2035438887955,-16.47740490307354,0.0843921314233579,-0.8989335437194343,-0.2347357286476883
0.171387483112903,-0.950621987920165,-0.376243694365365,-6.514896868120954,-63.03517229732508,-16.405119709206126,0.0863344006481419,-0.9002047311478678,-0.221924200015273
0.1645233425015092,-0.9496792436062512,-0.3713641789699736,-6.062966092873923,-61.05173267873719,-16.119174446336654,0.0792810296757098,-0.9027323498157994,-0.2125610196997457
0.1631379151324049,-0.9521073813950304,-0.3577664792988485,-5.985221313160246,-59.16184662304183,-15.249094465089977,0.0680846602012257,-0.9022849105900236,-0.2045709003942738
0.153132807413414,-0.9578453546504786,-0.3462654415542742,-6.1957763931965015,-57.27477021315927,-13.923105076906516,0.0599797305145648,-0.9020826913087658,-0.1962278356599805
0.1395818052710111,-0.9570498975941228,-0.351019221209616,-6.486400996095422,-55.05471200248076,-12.35544657793035,0.0536778670012218,-0.9087072411890996,-0.1912214493557112
0.1391616590244488,-0.9597136055129804,-0.3489144659732169,-6.789864633910852,-52.73048893416342,-10.769598021895687,0.0520428572492549,-0.9155190582776358,-0.1870524044601356
0.1397559248303271,-0.9627830865790664,-0.3383867380119246,-7.290153212494581,-50.5964497575818,-9.387491724385978,0.0543404691277693,-0.9187474050043688,-0.1842293381357759
0.1404678727715171,-0.9567734385755456,-0.3307749847923458,-8.07429723205539,-48.524404617896586,-8.55636205011231,0.0532372410013847,-0.916108847501193,-0.1817224404390238
0.1356269546453145,-0.9577833367975028,-0.3472050189461003,-9.24873834022827,-46.651833917546185,-8.14733194208052,0.0468246040246512,-0.908234349243633,-0.1918825685848935
0.1179973053779033,-0.9423150888541002,-0.3786598217676673,-10.871136564155028,-45.06369624157881,-7.963492599676037,0.0332291589337383,-0.8957857856843063,-0.2094041983700749
0.1040973215132966,-0.9245221848044038,-0.3789954718381678,-12.663845468890155,-43.47827649161819,-8.23938861299888,0.016893419766295,-0.88263635930206,-0.2216477204637118
0.086944112963949,-0.9196733197457913,-0.3810623728292899,-14.114258625470596,-41.692006847409736,-8.673794051053784,0.0082640701194788,-0.8727817627381247,-0.2290904902893476
0.0846111236688037,-0.9083859574117216,-0.3990214303792764,-15.308140409770528,-39.859300016465774,-9.063098895242614,0.0053054494643045,-0.858525893312846,-0.2291650403553503
0.0921765894787934,-0.9065506260293767,-0.3906332397202477,-16.41054624365113,-38.22903707999438,-9.274526381161,0.0034557741593641,-0.8528328492528061,-0.2283967159778357
0.0860385204806238,-0.8950459228879647,-0.3784776309680845,-17.17929042228122,-36.80448029101005,-9.149739822659466,0.0052278582952441,-0.8518467355572625,-0.2258179526049415
0.0900602774124545,-0.8815502110111437,-0.385737537612702,-17.71374235493517,-35.57852576611906,-9.06986200822859,0.008323437337336,-0.8402903064816549,-0.2274450623583814
0.1001298690156041,-0.884223403767842,-0.3890592450985041,-18.123430593154847,-34.52074137620756,-9.031959643862637,0.0136477252087818,-0.8336066051819548,-0.2336697469384048
0.1081495947832969,-0.8747656886346156,-0.3866316131740631,-18.504348017826803,-33.528364524523056,-8.838374308602974,0.0253621014475997,-0.8290159485960826,-0.23559527291065
0.1135346004762329,-0.875261531640413,-0.3958866257568289,-18.983513378682968,-32.558513046113,-8.787110832179424,0.0313490659676814,-0.8268163427400937,-0.2383080442096172
0.109519148365351,-0.8826206713473637,-0.4077612220333146,-19.83406123396376,-31.35078726380227,-9.017329084463126,0.026313745494467,-0.8255861088276729,-0.2412464287591638
0.100853574316511,-0.8575373032809295,-0.4084996147286998,-21.284014754320484,-29.732672510224337,-9.201688381468482,0.0236812376934305,-0.8068083590524694,-0.2478378225750073
0.0998386654803507,-0.8299470969084917,-0.4093999568528861,-22.986505416707843,-27.96048803813881,-9.383240955893791,0.0222344291919928,-0.7886921841190512,-0.2490505098928064
0.1074808452682909,-0.8159356522832241,-0.4100410586945334,-24.8116963162674,-26.095741154028712,-9.811436624458045,0.0213834228073224,-0.7724706574368922,-0.247494510776368
0.1118708230594321,-0.7898783256891171,-0.4006930109491809,-26.854824694313454,-24.23614194798719,-10.153925166938532,0.0287516797341791,-0.747457196111804,-0.2535797194691762
0.1235791275249506,-0.7690167510825213,-0.4002656509469767,-29.13531358522839,-22.786276073226155,-10.367021246102915,0.0363529699778576,-0.7291166989580649,-0.252363585997145
0.1239987706358443,-0.7607528774738921,-0.410918434073375,-31.439086932138498,-21.545222228777742,-10.62842434480944,0.0366024737390795,-0.7151460155007113,-0.2507948693618974
0.1109093643260406,-0.749874017059389,-0.414400602267631,-33.565020860564495,-20.037050353417865,-10.648398784679834,0.0287469855972948,-0.7084136371280725,-0.2534726405688312
0.1111712002090794,-0.7469254207816602,-0.4168475173289101,-35.762219055639626,-18.58563205505121,-10.49516160203953,0.021049160976425,-0.7051101051109336,-0.2538573195441103
0.1007566724795355,-0.7455180725009043,-0.4191237637759407,-37.9291918918081,-17.856710886587155,-10.320691743722955,0.016528069561056,-0.700551089831811,-0.2586223596244639
0.0959096214411074,-0.7420975573846855,-0.426845014982193,-40.09534205881016,-17.483279800820593,-9.83107381236674,0.0116466984590036,-0.7022478074313933,-0.2712761049766805
0.103297298411734,-0.7474068880133441,-0.4424787360555323,-42.686655958574136,-16.736873961034927,-9.13458764873029,0.0155359784553749,-0.7050471006213224,-0.2826730763026365
0.0922118424633266,-0.7466491480606559,-0.4473259003368247,-45.56012584703284,-15.883862927159154,-8.54411468273443,0.0184773962042323,-0.709933679302047,-0.2891017865355241
0.0929129887728845,-0.7427003342742564,-0.4558794460776167,-48.385859171454335,-15.17607672154516,-7.996649772566672,0.0161096067623237,-0.7093267141576459,-0.3040937430700385
0.1031584090952457,-0.74457092273522,-0.4822476755181179,-51.04312122401016,-14.522843873670192,-7.360759866848438,0.0195818815918648,-0.7007787555169678,-0.3191916308689488
0.0991328186162645,-0.74090849754352,-0.4998422346818933,-53.49342023796226,-13.996853058909076,-6.485193247861272,0.0175459651533643,-0.693838243622009,-0.3303003428075564
0.0942104549612037,-0.7441794053671403,-0.495555839868988,-55.87371110154669,-13.803848669886108,-5.53424905348691,0.010201805692155,-0.6997438186543358,-0.3438640956408739
0.0877480632243969,-0.7570778445995124,-0.4941942534653116,-58.32113206710217,-14.21585245233168,-4.876150587386095,0.0056603452332831,-0.7148147436796676,-0.3502807888008903
0.085287332760956,-0.771244014573158,-0.5093964948162425,-60.395585978842746,-14.99589162948972,-4.478738978902274,0.0005537818681093,-0.7269954120721044,-0.3557060710832689
0.0858846318596117,-0.7902261053700198,-0.524994937999055,-61.638881659870485,-15.770207648162938,-4.247044187991449,-0.0013038493926015,-0.7519349261674312,-0.3676798340733498
0.07920642030288,-0.8167440452357863,-0.5398347916966516,-62.49978837947147,-16.56477465060783,-4.280264596603796,0.0003026763315189,-0.7768285934624594,-0.387533797932641
0.0812421908187059,-0.8432324618072279,-0.5641446353141071,-63.3514044272645,-17.63487014735899,-4.771210946435788,0.0015140764000582,-0.790470571929631,-0.4083352453707997
0.0864915741295615,-0.8464424049977657,-0.5888032531455947,-64.5793117839811,-18.91915072222014,-5.597179817518014,0.0035488745772999,-0.7988924136517731,-0.4296492606551175
0.086842189465705,-0.8464575947072035,-0.6059504414640281,-66.62862607927414,-19.67371671861728,-6.446148419258323,0.0032299179296767,-0.7948437583326287,-0.4602961805795673
0.0977739548233045,-0.8489758207621481,-0.6328601541949597,-69.28605642735411,-19.596477055041085,-7.307253667878792,0.0037119019613467,-0.7935742885412634,-0.4816822896122245
0.1024689998625031,-0.8364201522913378,-0.6599194517556581,-72.29185382928485,-19.107242645311405,-8.32886934279419,0.0095502717931289,-0.7885357784031268,-0.5004082732339021
0.0966198107590978,-0.8267242147376355,-0.6766447148452654,-74.64459571258814,-18.401562867427224,-9.623873882466862,0.0114501812268621,-0.7794034418693159,-0.5259308485715384
0.09935069597219,-0.8241926665066295,-0.698791059020004,-75.89607895632511,-17.338146373414165,-10.711747124193344,0.0127034747231595,-0.7799783881079438,-0.5372388549696367
0.1023033017019756,-0.8377778610431664,-0.7062626571727684,-76.48642149041048,-16.35625766247949,-11.593848341974622,0.0132730049624024,-0.7839061139714161,-0.5440975727757016
0.0960664665379799,-0.8506444079262065,-0.7153088788193809,-76.81941792175465,-16.086981962353683,-12.529067571816446,0.0067742072919899,-0.7981620255057822,-0.5544863872977337
0.0830216416433838,-0.8544882037181278,-0.7304492475560345,-78.18058815779241,-15.965769337539186,-12.9982744473855,0.0001953362377949,-0.8105198281255794,-0.5666961943077194
0.0667724227823031,-0.8687762397360772,-0.73231617834704,-80.23497104125154,-15.806617288822766,-13.143265323849215,-0.0134599844215749,-0.8121809615646638,-0.5810101685618461
0.0512077887479111,-0.8706284020675754,-0.7504167381989576,-82.42564603294885,-15.943181644144929,-12.65296338520162,-0.028925989495195,-0.8194247278202208,-0.5942375943519039
0.0487830598707537,-0.869157213200155,-0.7723280122414176,-84.73590853567111,-16.24616149451614,-11.816914687544632,-0.0331290813426928,-0.8240801991802595,-0.6198371343321989
0.0491007156752968,-0.8787234225939515,-0.799084391449089,-86.8822801889125,-16.932914242173982,-11.25619871632114,-0.0330862966579811,-0.8220643451351561,-0.6512569356727678
0.0464087361001633,-0.8850069105770253,-0.8264505265283921,-89.29843129177259,-17.909306734356512,-10.81668864932906,-0.0309101457010976,-0.8351404887384412,-0.6738418343604885
0.0632760701065826,-0.8930613908918215,-0.8276793506765467,-90.96610363661829,-18.604179750522093,-10.857195673598982,-0.0265556326997962,-0.8481414607299189,-0.6846955479790658
0.0783888286162964,-0.9041126078379236,-0.8302643117090055,-93.3513833158062,-17.92470962017194,-9.708621624442014,-0.0126447586301735,-0.8484656887134778,-0.6867322791399226
0.0847609951501155,-0.9000611677218829,-0.8422278089281531,-96.8088008248198,-17.035657238263482,-9.20740896516669,0.0001837478915687,-0.8424146755577936,-0.6978400203381987
0.0872548149519401,-0.8762291954218923,-0.8551471456187498,-98.05878688134884,-17.902405409464528,-11.614869882773975,-0.0029007383300893,-0.8192260852004712,-0.7127228980896262
0.0877165769017186,-0.8731454207094552,-0.8675295068507851,-98.26436480384834,-18.317515735054407,-13.28138082055782,0.0049597925962265,-0.8213075236098574,-0.7239879622353504
0.0963514686244969,-0.8844372641413577,-0.8855139114673986,-100.05160210269028,-18.454521356302365,-14.151624626445235,0.0142179922482547,-0.8316786274362359,-0.7446660694145246
0.0887079165378415,-0.8659890475639984,-0.9076617883597649,-102.22185358924824,-19.78722762125412,-15.847169237466677,0.0060588948147997,-0.8056837301405582,-0.7674248634218285
0.0987385498681733,-0.8569679704216108,-0.9191099006292432,-102.10789533880842,-19.406167444400676,-16.496135540534997,0.0111192478660969,-0.802111520118655,-0.7714397711039438
0.1170451966762809,-0.9008311728707756,-0.9170961263291506,-99.87642491471172,-16.735824392116534,-15.214056941842944,0.0179774196159713,-0.8336031865341407,-0.7623957048327751
0.1185012884475971,-0.9302305017061328,-0.8944134079817058,-94.60942161473292,-12.259616861645084,-14.793258863544724,0.0263282073767438,-0.8646053544106238,-0.7473744291578679
0.1405601032967066,-0.9306640923489828,-0.8583460345203593,-88.9544683954058,-6.191148396561393,-15.498474322842068,0.0484891531447331,-0.8720296242800087,-0.7111953012607509
0.1375648042215962,-0.9338873736590828,-0.8348187130988166,-83.18586640625371,-0.8641504298893993,-18.115223288251254,0.0449939481383997,-0.8544359274245419,-0.685580343334087
0.1272017924883317,-0.8462450799270878,-0.8202779222584944,-74.04409416689246,3.389565894866522,-22.404559572454623,0.04635739271309,-0.7960264540884165,-0.6722695566751448
0.126505740128575,-0.7205017178628671,-0.7995787496833215,-74.92387771948347,3.355663024719438,-22.349626335835023,0.0582896639782139,-0.6931786098434976,-0.648073055044126
0.1134402339497414,-0.6544982231332106,-0.8104836343954924,-86.18385836527898,-1.3702514421257166,-21.60848478520972,0.0384421546771313,-0.6138495708144764,-0.6566603054082261
0.1063060557032778,-0.6346993601383162,-0.8256629367582982,-94.93437350926278,-4.256542151003333,-20.477565803975317,0.0165389064489933,-0.5878362843190776,-0.6645444118533577
0.0963635809705525,-0.6829554890015627,-0.8116456400127185,-99.84803902735209,-5.135675734669535,-17.879085740058677,0.0084445566443528,-0.6261916515240646,-0.6525259972748649
0.1238341856221458,-0.7353846543686248,-0.8328090298803792,-100.34736035456156,-1.8182241111647632,-16.461820307552998,0.0198380332899713,-0.7008438455346954,-0.6632176946699373
0.1358610453508908,-0.7736088180584715,-0.8427710082266555,-100.94098177779328,5.400558727089927,-15.076007960254994,0.0289522749236007,-0.7340684674969586,-0.6729983091577214
0.1447543287470625,-0.756311561527114,-0.8141107163257473,-100.4099765530442,10.971856802680414,-17.646827301769793,0.0563834766251646,-0.7114013882943737,-0.6758999804363299
0.1750921185818506,-0.7071150908089594,-0.8104181975345446,-103.06598657078844,16.742155862204672,-11.483952483533256,0.0897865411912444,-0.6807172112017081,-0.6683783787471678
0.1294386579099984,-0.7247971598137937,-0.8153395881683162,-110.9495277099051,16.02225296352615,-4.272797723004958,0.0503709163786767,-0.6651618331228456,-0.664736997407807
0.13518496957829,-0.6939399825219049,-0.8330683769789268,-111.22436455200446,9.460626891057334,-12.947098765059645,0.0446316161984583,-0.6385932722101993,-0.6825700471953375
0.1848947974899638,-0.6548589988548724,-0.8558662397848668,-112.8785201025758,7.688349038025946,-15.236804939082631,0.0818736455956827,-0.6228794125415906,-0.6873139871790004
0.175484830281558,-0.6721167525549406,-0.8548659153807513,-120.75842478242105,7.444150401832415,-11.763911938355731,0.0837677500994447,-0.6294622634353999,-0.6893580618624274
0.1876272896745113,-0.6792334046149192,-0.8677047827163676,-127.1201038318612,9.002041203849688,-11.36434030092868,0.0968805521901903,-0.6329780243590823,-0.7105031979314016
0.2109638307061216,-0.6954722582219622,-0.8791452488791903,-131.74276806894747,13.425207469863736,-9.454716477293903,0.1113789532786757,-0.6352626823614502,-0.7281791909398576
0.2326818388100577,-0.7051241556469531,-0.8706500017333572,-132.5064812225101,18.22694961815531,-8.15290042652994,0.1334399468276273,-0.6461487564115911,-0.7241632013285235
0.2392677805922443,-0.7178361362184631,-0.8749685796002582,-130.5950531115604,21.28064159275417,-5.871702816995799,0.1454545371998834,-0.6624730565033241,-0.722551079153621
0.2348996326828668,-0.733859433408126,-0.8775569242029202,-127.02363352856771,21.22989025476351,-3.913604716368006,0.1461640974359649,-0.6709369089823545,-0.7330322373892242
0.2205804157367853,-0.7495649428980353,-0.8882816348726367,-127.28751930674824,21.65386492025586,3.575857635450754,0.1456388235085892,-0.6947491137543595,-0.7457425479098454
0.1782639140065161,-0.7723431152078166,-0.9282882869914256,-127.45094662065034,19.261238350527137,8.172535860965674,0.0992066718912581,-0.7125543854064569,-0.7775909667103174
0.1748317101009798,-0.7729820981578054,-0.9627921875306512,-118.30907657590986,16.467372209973227,3.247479938236369,0.0749695468257569,-0.7064224325488517,-0.8093488713967725
0.1639944613165675,-0.7685009640258296,-0.9575199461043564,-110.5411953573966,18.15881703896282,3.1486915681668206,0.0683233986138491,-0.7097083296077515,-0.8052981668348076
0.1268100447923362,-0.7589980280307623,-0.9310621429339968,-103.8313343762471,19.42236859461306,3.763148928089021,0.040409977105787,-0.7039294663906076,-0.7840264366222199
0.1144757007672483,-0.7438858935667728,-0.9188924482226386,-94.02276466996015,20.67272969866975,3.0376793026744484,0.0290743122245236,-0.6885629522465628,-0.7643593623209444
0.0957993075742673,-0.7278641821558915,-0.8957698559164322,-86.1499719349408,21.776340086142376,3.775921893747659,0.0121673965716929,-0.6696574520029996,-0.7352046912087584
0.0930056511542669,-0.7026977799887423,-0.8585991300456939,-76.0678462966344,21.925601334032987,2.952967702395473,0.00456146486227,-0.6426124072398616,-0.7103910253717055
0.092678881022934,-0.6747175611561702,-0.8174549286771218,-67.09621460264808,22.39222137481657,2.602702763177504,0.0076458759847337,-0.6120423694742356,-0.6716850729785431
0.0830542733758552,-0.6431873046344737,-0.7831501865776838,-59.67788121901782,22.47526978358069,1.7786315151667975,0.0044189134909918,-0.5863787145792179,-0.6292008018813082
0.1025649827764281,-0.6138586087086793,-0.7526634293843688,-52.19454431860365,23.01410818941474,1.1942924832857746,0.014083322741921,-0.5672512377327094,-0.6002028459984838
0.1223945722136839,-0.5800881708294515,-0.7064958572041309,-48.34732633590109,23.24808373017593,1.2227997008366636,0.032505542918963,-0.5286215750768732,-0.5524150951683533
0.1371033853083635,-0.5360952232405296,-0.6786887960095169,-43.28811171336595,22.979331772381336,1.4659496523567976,0.0540729283878525,-0.4931288167743264,-0.5270453507247286
0.1505222070194437,-0.5044792623268473,-0.6197028155004378,-41.82172557156647,22.07106999472564,2.308858231485846,0.0660576587386507,-0.4675207388318819,-0.4795904046862909
0.170852348285131,-0.4867983080317393,-0.5924617536139436,-40.38862343375269,20.304372595456144,2.7120677336701,0.0833051845687288,-0.4433589319619646,-0.4479317442973881
0.1782879959901216,-0.4578415024541234,-0.5991469661828549,-38.14812823423264,18.808472881746575,2.720766996731029,0.0879075226993858,-0.4207268038555669,-0.4408019238340572
0.1488626484109211,-0.4294971702021776,-0.5510010217893251,-39.22529420396936,16.403210692587585,1.432383274080609,0.0640826138258503,-0.3877781791394527,-0.3922050361939904
0.1252962391206616,-0.403176081024449,-0.5568681313250475,-36.03218448313279,13.445162099106728,0.1028294399439218,0.0415350195564243,-0.3597842686200083,-0.4023307338653841
0.0965595466830928,-0.3777640793912613,-0.5209306178900074,-38.23074336398635,9.819103721040683,-0.2741162708027868,0.0079569603435121,-0.3331064628737653,-0.3638115790518281
0.0683887544057201,-0.3633719361360027,-0.5117823050678472,-36.70792204626075,5.656247452021951,-0.359964167479502,-0.0189931606878349,-0.3267757579007682,-0.3605313192440439
0.0268501992684042,-0.3462848483546258,-0.5260125945443191,-36.12882246758272,2.632752958614939,0.1481457805741502,-0.0531449791128113,-0.3100871572968546,-0.3683750316143371
0.0199452069733782,-0.3466420828801371,-0.4917087698892188,-37.85829456482619,0.1496103986949047,1.1866528240121,-0.055983363873715,-0.2985855893996481,-0.333960101464681
0.0546948216856384,-0.3317100054869503,-0.5421839965666373,-32.682389105187255,-1.398590319445557,1.1039034993693744,-0.026557133779491,-0.3043568188459792,-0.3926437319163923
0.0345720837158033,-0.3296915987722356,-0.4752236511175187,-38.23125357903628,-4.4836118995444725,-0.5684254757748268,-0.040814145210542,-0.2833776613164158,-0.3037283839372718
0.061813833850331,-0.36942726402834,-0.4566746446177857,-28.031144943790075,-7.698853652599139,-0.4663481516769766,-0.0200488529073387,-0.3195441442244947,-0.2946627644828323
0.0721433378121533,-0.4040042645971907,-0.3748168675521149,-16.11237970509823,-7.287301331680418,1.538344376598113,-0.0070873815979106,-0.3464666954180184,-0.2160282967068612
0.0791133044919672,-0.4260082157392525,-0.380024213526125,-1.769766039387043,-10.062291171909914,4.775689714585775,0.0114192221921718,-0.3803794751451796,-0.2205871257857599
0.1246486849732051,-0.303680575362387,-0.6690409903610378,-5.74645561481188,-18.55261207452764,7.301064056701058,0.0366422858770473,-0.3361873466498821,-0.5189500576951429
0.1521513552014094,-0.1428209516291799,-0.54960660646702,-59.28866016133012,-23.29321174115169,6.880100601152624,0.0526502260092261,-0.12571795493555,-0.381172264024176
0.3053427952437927,-0.0285551875129022,-0.3369956386974353,-74.74414398887461,-15.386988147793597,4.896043578113518,0.1984167989362951,-0.0054747535673989,-0.1853773378619005
0.4559243294806666,0.0339688842560337,0.0053256409819494,-78.6848703400059,-3.087097687635467,3.542918880146209,0.3475527702461335,0.0697197248924298,0.1662451994299403
0.6015138121973729,-0.0682458595912838,0.0364533720870707,-62.84031619259211,8.63567691168357,7.975153743530075,0.4755272204163786,-0.0258147186126273,0.1999218143304711
0.5250985997700947,-0.018745666189602,-0.2691289565727628,-57.47075620859563,24.360727508044363,9.602999428877698,0.4192613151537304,-0.0379873927052374,-0.0893874738699643
0.3425512678321963,0.2134151166556306,-0.3301945333459979,-75.26123677847083,30.58707097886549,6.419987851245517,0.2678361777178126,0.2478268951290828,-0.1517600390459104
0.2867371791602173,0.5347682834007057,-0.8221019563806816,-51.895107940003534,35.1197743035388,7.334080179555709,0.1688848654508109,0.4929860050801335,-0.6738431864598973
0.0787515052166792,0.7526899340795483,-0.7630512593913311,-87.37974406130567,48.81541707419186,8.888221577778868,-0.0021404262659876,0.8019996459597889,-0.5859634848529011
0.2587355943112487,0.7100867478533953,-1.3035110229016764,-54.364139924292544,55.55774263364536,13.28795362382356,0.1667062032498036,0.7075271492309765,-1.2107942876253557
0.2528211530341586,0.4363108159370599,-1.57653010198572,-76.38949607229856,54.37500862896745,10.243152598964778,0.1977517564782067,0.433695179647246,-1.396533180378315
0.2933907682260529,0.5108856484542273,-1.8021397513264183,-7.894852905987083,14.18514821799832,-5.2779115141252175,0.3255322543593998,1.0101861607347746,-1.7110820538256917
0.4875556284252486,3.166033964561801,-5.494042917574035,339.7925873823657,-60.96828422945367,-47.056599962643496,0.3099476543611677,3.2530776922530844,-5.729868077815839
