ADXL_X,ADXL_Y,ADXL_Z,ITG_X,ITG_Y,ITG_Z,MMA_X,MMA_Y,MMA_Z
-0.2149787481186338,-1.3394530152386537,-0.1091971242491195,1.6428030618643872,1.1478541308866543,-7.980823267649713,-0.1649538147714151,-1.3168696928382269,-0.1243361279586982
-0.2849509481847505,-1.3330915408890474,-0.36126755195388,-9.465100681715024,-1.4135873314430756,-4.981596283270686,-0.2322558070603773,-1.3176608355929793,-0.3654875410142721
-0.3300147968557785,-1.338769705364193,-0.6049634436091962,-17.476478077534946,-11.824453109390946,2.729604977059354,-0.2716989621111034,-1.3029619740811855,-0.6330420397784204
-0.4150588668799293,-1.3155475406765695,-0.7398453042217086,-12.01800195950941,-26.25580050018604,11.913518413467502,-0.3585217081493439,-1.245588659990432,-0.808139842021054
-0.5996455600396026,-1.1793031535147076,-0.8054003154665335,6.817423070425407,-42.5877663856533,19.571513574254556,-0.536691287993449,-1.13395860065829,-0.8658904648853099
-0.6414147428152317,-1.0151507242971427,-0.8416747892585541,17.01888253935274,-64.1730354238883,28.50026503496221,-0.5889935923522216,-0.9957360053191217,-0.9015292672248698
-0.442737804679462,-0.93773188948423,-0.8186740398758078,15.363574864291598,-78.52679775604551,35.79179383282272,-0.4309024219730354,-0.8959564526296444,-0.8849781964120085
-0.3033566340948537,-0.9304130725223808,-0.6498649905923131,17.47012934148853,-71.32078788380903,38.40699885067097,-0.3047227319688597,-0.8728317437520803,-0.7060645627187552
-0.2129511607004684,-0.9372686692376784,-0.4156933239479508,24.414553786368707,-52.83630058402383,40.34289664718601,-0.1885058382349475,-0.892391101495074,-0.4510041548743314
-0.0002900782862226,-0.9628657140626908,-0.3097959505896417,25.088953522639333,-40.138260915613934,36.15202670730777,0.0268075961661354,-0.9343207736347134,-0.339576938963805
0.2095116079500785,-0.99547863703954,-0.3443602986010795,16.702854843199404,-33.45276217319156,24.049694395037616,0.2188288608204716,-0.968434113895564,-0.3914999142171043
0.333408868258948,-1.012778277569803,-0.3984132068041556,8.521997418598747,-23.708488984825788,12.218208485662508,0.3386772487539055,-0.9780011726271997,-0.4414437414887144
0.411962279147987,-1.0234131615903204,-0.4263242602269997,6.21550253590669,-11.899102759431935,1.3627935987677668,0.4121537868075839,-0.9797984429276182,-0.4610652149112971
0.4106936720775865,-0.9999239239658207,-0.4480183590444256,7.173461902497664,-2.5242153932919984,-9.050466320791967,0.4172116141299199,-0.9506989932053058,-0.4926141390056985
0.3271329383379388,-0.9505627981807464,-0.4419171792289389,6.701221949570511,5.8981430645544455,-18.323714007691144,0.3450297722384647,-0.8992129571250483,-0.4865293052534239
0.1935658054619579,-0.8934178156892145,-0.3866113368866553,4.246077913920622,13.185250539262006,-25.628833505990382,0.2189722122212238,-0.847154631562657,-0.4254007524945121
0.0363254333384262,-0.8243999126983906,-0.3265312966855888,2.4776268244664936,17.227598492008973,-28.76082530094704,0.0692695566042292,-0.7957827069429126,-0.3735219830904683
-0.0905403054529063,-0.79408460848334,-0.3113970378250099,-0.5157348751655979,19.563499974895205,-28.24265854162985,-0.0621031374153224,-0.7758342981699213,-0.3546636504242746
-0.1944209165987387,-0.8170287685177929,-0.2980108116075197,-5.708801674162904,22.73477867084743,-25.21948867488196,-0.1700668315523095,-0.7893072519687929,-0.3352357927363866
-0.2672169391010593,-0.8409211542839572,-0.2690096952337095,-9.923110458418313,23.70319620224681,-22.264309009520183,-0.2419472165095307,-0.8128654840373236,-0.3089182117064699
-0.2761152684331479,-0.8448746351184733,-0.2502353163805152,-11.731479631195333,21.560789964151795,-20.913180962333403,-0.249091732071838,-0.8224442135217824,-0.2805452314878704
-0.2665285147723625,-0.8358251225296289,-0.2118791122020125,-11.005391905670436,19.791231487621204,-19.61938479510937,-0.2443214797777692,-0.80655279669982,-0.2480201215551085
-0.2743072763308762,-0.814117311104113,-0.1723269031757159,-9.153227793989071,16.448484366073956,-18.667704837648586,-0.2466148371295002,-0.7904934381910995,-0.2128544667235966
-0.2513411014947223,-0.7957936193231014,-0.1386159641036989,-7.819748908770267,9.847674246948475,-19.09699825563401,-0.2176968981162167,-0.776927417466226,-0.1797465404774822
-0.198004771784958,-0.7825199250470356,-0.1216602428204063,-6.398195999797971,3.576121607010088,-20.641775730416104,-0.1731596112701104,-0.7582479628131601,-0.1595342669660046
-0.1718342329902673,-0.7674496566478134,-0.1246541309149833,-6.233487957420576,-1.135608599366199,-21.924614597818238,-0.1399314160880792,-0.744261617436264,-0.1502838834227839
-0.1451918150589473,-0.7472833519727424,-0.1084703924417747,-7.553662665425294,-6.564540053224286,-22.271994477710077,-0.1131748569691189,-0.7280947524107659,-0.1526359008034697
-0.1187948008702694,-0.7247895881663022,-0.108567395650275,-7.872686553061642,-11.83254019704483,-22.25410718144196,-0.0924593813345141,-0.705411111728564,-0.1569236262865538
-0.0880723233063894,-0.7148331080297835,-0.1011887487988798,-8.234010723337967,-15.635396968439489,-21.72663902630451,-0.0619254004599481,-0.6847997480451011,-0.1437308614962787
-0.0579443626509989,-0.692271844504167,-0.098263074838657,-8.700724086488288,-18.674275462032217,-21.355199542842648,-0.0366167511057379,-0.6660085226365285,-0.138568348882744
-0.0433918875405436,-0.6789388114937334,-0.1044541003513701,-10.134226311809496,-21.03729966390245,-20.780349499349796,-0.0225458656500499,-0.6546148286978217,-0.1397605759093245
0.008412356892637,-0.6959272062332582,-0.0794296928178227,-12.627035871962615,-22.512834792055333,-19.407949927818496,0.0271903271711815,-0.6580084819853673,-0.1241595742515193
0.0189375956753994,-0.6888010892867522,-0.1036335389568988,-12.52793036297997,-21.2569126287342,-19.26806006412125,0.0447789618376088,-0.6609606359546012,-0.1340396715064874
0.0364230388942585,-0.6983743650180713,-0.1124280803092256,-14.51889606267216,-18.919989203039545,-18.521186721090107,0.0562355898403178,-0.675059144729251,-0.1457277805278529
0.0951475700928948,-0.7436201657907017,-0.0772969199952848,-20.31984144005093,-16.868648116132906,-15.408097741444664,0.1144755726988158,-0.7098545690415381,-0.1179307775322359
0.0748007690796358,-0.7759756672116258,-0.0672556056044783,-24.396037663622565,-14.636637326788788,-12.600699727345008,0.1137957312778264,-0.7444650991833397,-0.0912682945336238
0.0497252229052912,-0.808304284397338,-0.0317185043621375,-24.883086414118715,-15.330554077031149,-10.68007312612548,0.0824983875905839,-0.7755152218118515,-0.0580328298263084
0.0227652140368298,-0.8062217679830519,0.0182615086015652,-20.55499808588281,-18.63450016998401,-9.797668520973396,0.0585087624681696,-0.7779627637032756,-0.0096520307885077
0.003523275634653,-0.7711972747876703,0.0341025737805184,-13.864852955540004,-22.714567869376687,-9.1965663171769,0.0407683995791765,-0.7519147380895463,0.0074829011751965
-0.0099983523467138,-0.7299501653166116,-0.0168693490254969,-11.082858054254771,-25.46624860628853,-7.639086812389769,0.0149274476488773,-0.7108322067462736,-0.0414327721842846
0.0048905455276047,-0.7285701144808334,-0.0314474165186341,-16.46657532347129,-26.40179067955856,-5.023421383144471,0.0198052448634501,-0.7102809810823127,-0.0668135045387645
0.1269123993885294,-0.8006633345289293,-0.0524570454079611,-23.22027947305128,-20.84350428505536,-2.8398933223604104,0.1265181232903089,-0.7833114299732643,-0.0881249720531903
0.1965489980226351,-0.8026356712274283,-0.3010525387635743,-33.08823801992548,-6.752229679751724,-4.01382266996663,0.2125891179998786,-0.7877894707015769,-0.3275434542280299
0.2255970035756148,-0.8572323135644001,-0.4792184187998533,-51.21122701714698,0.4938745864902301,-3.191019778496812,0.2520454267044463,-0.8188101496851228,-0.535813182083209
0.1557706525398936,-1.0788411371166826,-0.3464253560693049,-51.92292672131814,-1.3926211400501902,2.5895112928348074,0.1805777238596434,-1.0151780916577555,-0.4049640183583391
-0.0057146102788079,-1.231064865138794,-0.1724381894917389,-36.65525614411327,-4.761778142396195,5.914852919943274,0.025700123166899,-1.18494221236138,-0.2148805910721392
0.0036119604793866,-1.3173674655956344,-0.08757825563188,-32.477037825862595,-3.7067583042277352,5.955208267872755,0.0246313936635042,-1.2771602736784673,-0.1306556108539793
0.0205829366667941,-1.365928657811086,-0.0818725497199157,-30.439348630420124,7.633062064192906,5.599679451130747,0.0504299029117938,-1.3185565765359004,-0.1147058072717304
-0.0233579229114237,-1.3661670102214596,-0.0869313227586475,-25.791088203265407,14.816353422135084,3.511322126518243,0.0112223402085647,-1.320179709654248,-0.1278064032185876
-0.0040855826707057,-1.3932159676904414,-0.0343777929428606,-23.26918930404971,15.202905578594311,-0.0987072284678773,0.0193518083314965,-1.3400453970801638,-0.0743933510837715
0.0021653393773532,-1.3746839650652936,0.0231174640243183,-16.371776018921384,20.964866825200797,-3.651589823086497,0.0363647043352316,-1.3227703152110586,-0.0131653699679378
-0.0162038188185956,-1.3268758713001343,0.0834842305246957,-4.200748370990031,25.111602957331225,-6.809986553157716,0.0268671179978821,-1.278352046848521,0.0351509998590605
-0.003485314995534,-1.2830435577432413,0.1184220110626897,9.742983716439754,21.2536865133612,-8.228353449750813,0.0466441609105115,-1.233399362730078,0.082966340495446
0.1193409262295552,-1.2287444507628924,0.0527788316475091,18.38387052480037,14.849112950037972,-8.07195345552556,0.1633685910829662,-1.1893377886024052,0.0246502952164569
0.2408349496843342,-1.22237721007463,-0.0931537510950224,16.184319130201974,13.58087491807188,-9.168348443064533,0.2683156058574326,-1.1979715291629718,-0.1303045172328032
0.2283133108750756,-1.2433904806848182,-0.2183416372227737,6.285239013809469,18.09761162909003,-11.879741509214304,0.2618190545478615,-1.2099616691280433,-0.256221453561725
0.22567535008394,-1.2338865741528409,-0.2743389833852372,3.5805343540919985,22.11276082820016,-15.509674986191069,0.2538586084238849,-1.174520062360678,-0.3172811892209417
0.2324887067814929,-1.1731875342763658,-0.313866996024938,15.421975649545423,25.85875575118283,-19.236587830380984,0.2563858923502327,-1.1152717242519314,-0.358957355495702
0.2077586898280687,-1.0652043522513177,-0.445547088336559,26.50125790987089,29.39079495373296,-22.856350423285708,0.231842089357334,-1.0325602745495377,-0.4781822807460696
0.1758122654988003,-0.9882766339771528,-0.7232615608267942,22.42680296279428,33.02473233079874,-26.3434536302567,0.186622369258988,-0.971400467588874,-0.7593905121698112
0.0651617388640106,-1.0294554883811484,-0.8469081146527965,6.696380145434019,41.17155015651362,-28.935978321185384,0.0865670528923672,-0.9939050687243836,-0.910992504381689
0.0011255008841364,-1.1035277851543266,-0.6448819658351569,1.610851399147998,50.61599006733008,-32.05672183974677,0.0236461375773359,-1.046286159801732,-0.7094418810092862
-0.011091051716422,-1.0990512382028803,-0.5277722244807804,10.144660300825986,59.67160974468016,-34.936376232994725,0.0130291880405913,-1.0559799447976488,-0.5674859552340145
-0.1245157108370654,-1.0657558489928445,-0.6468996272806269,8.929022876251896,63.790140166017615,-37.25790847639112,-0.0800970499535257,-1.039052768291009,-0.6866252929891778
-0.2453254263970838,-1.0987878129690647,-0.7283444315329806,-2.5861644777575346,56.86163185178516,-37.754598122384266,-0.2077921123997011,-1.071323435708946,-0.7784614465955354
-0.3289852969087116,-1.2290582520214934,-0.6456394661400082,-12.431040362399155,47.91696709330149,-31.460817111559415,-0.2913880123529613,-1.1884507046258102,-0.6944651627369974
-0.418906947741311,-1.3164344142083777,-0.4916571097103684,-11.352920178339582,39.31027717118708,-22.037135029372852,-0.367089368067514,-1.2634453610062948,-0.53963488397063
-0.4857346341264607,-1.2551543396267153,-0.4308062276538988,2.3073549066077854,26.42171770178696,-13.15030180607936,-0.4262170661007511,-1.2088033948332948,-0.4788786325965312
-0.4561313844473425,-1.1518514423931547,-0.4310780016003859,12.17037779571939,13.309811178953302,-2.253547841012735,-0.4017233367019253,-1.1254663818473971,-0.4769599230600406
-0.3113076584531262,-1.0987059185932695,-0.4037251755593385,13.167547604937669,3.53199239512932,8.9296491006053,-0.277576766113791,-1.075916484661593,-0.4500424009838195
-0.1514010990555233,-1.0628602690868174,-0.3696186358788872,13.166475957565568,-2.655897120193192,18.49529701001433,-0.127180891012038,-1.025049037758087,-0.4255080788272128
-0.0333657186639149,-0.9952536798491812,-0.3317175008585039,16.530833460613096,-6.13012366555888,25.885668672574727,-0.0091065845466169,-0.9561942604550996,-0.3866128893720327
0.0210357358430269,-0.9239252730745862,-0.3192672770348421,21.766403962753643,-7.6091966214278015,30.06625522257933,0.0513173050230045,-0.8896513055524453,-0.3547830159836889
0.0484930282971596,-0.8720607536511695,-0.3123523948109811,20.19354771009585,-8.740896309310257,32.70025974399697,0.0719456630716931,-0.8405390984376722,-0.3509055342486943
0.0742881665819996,-0.8437746723393431,-0.2782070831368888,12.396296862972006,-8.723148916487702,35.079791472702645,0.0886521921327667,-0.8119935096645726,-0.322178182598568
0.0497955576337788,-0.8245203810778795,-0.2322564782088013,7.936484398364566,-5.307100770524694,35.429360830295,0.0778559324630221,-0.7913147335921922,-0.2654086303858565
0.0268051521321482,-0.7912489276506438,-0.1948986446747197,8.77902054949269,-0.5668547607831993,33.72495586101659,0.0526140878286643,-0.759006998752577,-0.2285285377384864
0.0095576823642945,-0.7533195800350627,-0.1956011013600777,9.26966185816223,4.266733104482255,32.253981294384474,0.0257825986196687,-0.7222244106441393,-0.2282910035329828
-0.0221071634996861,-0.7124662336419079,-0.1920104196732873,6.6416844633813525,8.698147040248294,32.09227877113744,-0.0025736470174232,-0.6899407603703971,-0.2284102962419061
-0.0147811175873544,-0.7058245804895492,-0.1733655121981646,4.188514893765319,11.945375971213,32.66874568745744,0.0016149440105489,-0.6786558365546067,-0.2080857907463287
-8.363203754914461e-05,-0.7106710762395818,-0.1621945645212457,3.4632387778083022,14.861204077660936,32.38999517391759,0.0161465893508553,-0.6839754057564443,-0.1895261598185067
0.0011833901506726,-0.7022407000808759,-0.152732960880898,3.105184556214062,17.40243104434909,32.00174531120516,0.0235893343441313,-0.6757962692595376,-0.1867941171433161
0.0060151392198566,-0.7009415272825436,-0.1608142959345254,2.919405953964117,19.033596351921272,32.2065293415782,0.0249757702902642,-0.6599686465664969,-0.1896082970535287
0.0040438515431954,-0.6724100529430563,-0.1636091247563137,3.638375715717662,20.17013466444971,31.532668772750835,0.022171148790673,-0.6437359365515465,-0.1912541752572132
-0.0082360640264742,-0.6563344761115353,-0.1503935483314868,4.416717980168036,21.085521460983017,30.09680713010223,0.0184106298456937,-0.6298896544585952,-0.1885700262563271
-0.0403207960752685,-0.6527158645226694,-0.1446573137382845,4.440518338717434,21.139943325862088,27.84237056108548,-0.0154204537515808,-0.6219372600660591,-0.1805356835769955
-0.0836597196794523,-0.6386136960282147,-0.1341847347311677,3.271126519152869,20.99622930813837,24.478485902159157,-0.0662067730637275,-0.6224584226630341,-0.166554893662929
-0.1298991065172911,-0.6674160711450605,-0.0981278259268289,-0.1483413254057837,21.45357027723403,20.719100294245145,-0.1112237888802205,-0.6460493371615939,-0.1334769474124552
-0.1808819801674342,-0.7128915968711742,-0.0750499852569802,-3.450010060544596,21.350177006252743,16.836983629967474,-0.1522398201868586,-0.685980053305353,-0.109375768533804
-0.2182823449550307,-0.7551010714077991,-0.0811800997080662,-4.447541952382385,20.60720887706152,12.586104289225702,-0.1845652488370458,-0.7285872205938411,-0.1090029519469992
-0.2385593955914214,-0.7936725358713728,-0.0734146676815365,-3.3093820353076286,20.00091132527197,8.468019339021,-0.2080268638858684,-0.7613348188600293,-0.1043579376127323
-0.2434391600984769,-0.8088245322714532,-0.0670842316127927,-0.5745064452072747,19.347071404525927,5.904611681054355,-0.2111266340115672,-0.7792325559384368,-0.0995571098073897
-0.2347116052327013,-0.8278395363209664,-0.0300032116544132,2.6114523629279547,18.37424931263561,4.739420700695518,-0.2007877907138399,-0.8000295389233216,-0.0596694229450763
-0.2303582388543142,-0.860453707557221,0.0517323932903498,6.67999071124548,16.810161118538897,5.271880337999864,-0.1927574611948019,-0.823879639123555,0.0096680060635861
-0.20774804120366,-0.8767200424490227,0.1138662585675263,11.096470448016111,14.315016121217026,7.658642250487587,-0.1686808669124697,-0.8369450230549291,0.0685513948603529
-0.155948826246823,-0.8775695168911793,0.1573100073302631,16.599801458281345,11.835727534810218,9.33539835639128,-0.124761873366557,-0.8450862209778434,0.1261264019227183
-0.1044777421311554,-0.8930017853385379,0.1232992966479789,22.31476931006424,10.678188812733968,9.88178663912132,-0.0775877483752722,-0.8628254470463028,0.0984751491188781
-0.0460495655974017,-0.9039356913158004,0.0097185219011679,22.89364358103224,9.887151506556233,9.89047958975591,-0.0241550489069219,-0.8707064758318385,-0.0169769973746558
-0.0140744557418343,-0.9034261121884488,-0.0706555217837521,20.017284129246452,11.05110828334999,8.276836613823734,0.0088572940180771,-0.8722589536899422,-0.100133063420869
-0.0669584457865647,-0.9522667083835142,-0.0551557441643787,16.92971548015625,15.814879449785357,4.1217272635536215,-0.0355567999316565,-0.9269264414747688,-0.0926776031944202
-0.1722689635940348,-1.0352802682031224,0.013066313111666,12.302251619770908,15.606693972400842,-1.559266966719726,-0.131030171693457,-1.0107333505579223,-0.0246489024670841
-0.2192550754308232,-1.093616973945905,0.0006100509752625,7.051377678571396,8.18715003926297,-5.747665090944542,-0.1776801514176431,-1.069124551670142,-0.0292940081163551
-0.2291596579312305,-1.1422788943765034,-0.0542402672473855,2.827046832130022,6.118109657174046,-9.247673955461591,-0.2083026153480375,-1.1138942350942784,-0.089896144130345
-0.3395603872055651,-1.1788301805990056,-0.0055045936826252,0.5589138597939313,9.589353569621398,-14.0703624825656,-0.3105492794047782,-1.1429714610018311,-0.0366092422903649
-0.3893929943799374,-1.1878199716890792,0.1198938461737322,2.2350548675297643,8.951803011362726,-17.63822871328371,-0.3515981726609864,-1.1612281490529153,0.1004591957064325
-0.2566794001709623,-1.2102278298109646,0.1745724248840659,3.533562481835005,7.286839359512805,-16.260597641812062,-0.2415736685576809,-1.1892478826366957,0.1496356977846438
-0.1324152204624763,-1.2536034052347833,0.1328255718021545,-3.244003422137657,7.832087150198411,-10.285875209570175,-0.1038884012487256,-1.2193082193303633,0.1108460569840915
-0.1033059405497761,-1.291627895661999,0.0382510103251266,-10.961660280857757,5.153444980399128,-3.4521083126923413,-0.0506489977933039,-1.2498541581380658,0.0165927083457029
-0.2160084624453571,-1.3499684802555767,-0.1819213063773095,-13.039085710764544,-0.3018867504500156,2.5751940860229023,-0.1594620556951104,-1.3191797455049243,-0.2140667178685037
-0.3786932437779134,-1.4337531024442611,-0.534295941805552,-21.924216886850356,-8.765841478942475,7.579351754999231,-0.3188107834623742,-1.417787366945732,-0.5723328965731448
-0.4339982425167773,-1.5682395836254774,-0.8458910994066615,-41.35292118427253,-25.90158482223145,15.979913374029916,-0.3645775966703928,-1.5187505890458382,-0.9060408145638744
-0.5388632025830011,-1.7141749189452031,-0.8851107502073197,-38.87843213488291,-45.09113921096414,31.42208364640097,-0.4615005891911755,-1.6121128740856276,-0.956255521985952
-0.7002425259102665,-1.6175545371532296,-0.7576571531201781,3.718512652766641,-63.50479506620516,46.714498038873856,-0.6362080620371096,-1.5313913332789375,-0.8228282783467925
-0.6025227083152473,-1.2912455531765517,-0.7140403645644953,42.58605296067366,-83.95187311633629,54.10691611297957,-0.5622853042951045,-1.2393548392087874,-0.776551141616544
-0.3112276115351491,-1.04240192133564,-0.6182297717864875,54.8214443888122,-84.3370132280276,51.97275721302781,-0.3049274710184804,-0.9962962569988886,-0.6581270032467894
-0.2067981786139556,-0.9323279282951802,-0.4589134206425238,56.54441305694306,-58.806976106233016,44.30826974732824,-0.2030177793770136,-0.9041170896280912,-0.4963407835498495
-0.1728208550815835,-0.8740239245188245,-0.4400210450974922,40.85754227831651,-40.72427098757758,34.967259067636626,-0.1560859161984896,-0.8535213927922207,-0.4750062609858008
0.0481439826726447,-0.8701883545675229,-0.5096855180317998,17.93693086593203,-37.4587554651182,25.250689925885823,0.0333848255416113,-0.834385561245274,-0.5333338031061908
0.261654582768604,-0.9663582599411656,-0.5329764621075628,3.998486608267283,-27.916584233253023,16.791725253078376,0.2469955797685476,-0.9274192278885623,-0.5805585819429787
0.334229229644263,-1.0907939767760957,-0.4815592737966132,-8.241687346436757,-11.418493397891956,7.074638596672422,0.3492473314585143,-1.05008790312469,-0.5257433653382894
0.3540313799819585,-1.1258548146004272,-0.4227577561764954,-12.12726651506088,0.2862143476532352,-3.3599301710792977,0.3704930777959403,-1.0724780303081738,-0.4652152777411024
0.3204702016344033,-1.0771288272154438,-0.4330777009461434,-6.469736326655569,5.495742934742315,-11.99151597991447,0.33748864595083,-1.023108065399195,-0.4850953922033394
0.1853598856657353,-0.994550905930918,-0.4437810162795123,-2.429398203277161,9.469178396781352,-21.04563325404541,0.2167935130928981,-0.951212559998234,-0.4902801585025912
0.0223199407203659,-0.9279061135012396,-0.3801122114368181,0.3122173920830811,13.23309361488673,-28.655764055556325,0.0623341367168865,-0.883335077921905,-0.4316937740235115
-0.0859352628520503,-0.8599112739195764,-0.312807108619956,4.306021530138591,14.040960206947078,-32.75319836683981,-0.061152108255057,-0.820168424734065,-0.3468733912844682
-0.1555841789760005,-0.7969758709649791,-0.2751857714757035,5.727928166206311,14.197622845249036,-34.18100570070672,-0.1339846954586157,-0.7728168654560217,-0.3073639933242412
-0.187791382522816,-0.77601203804423,-0.2512060233369892,0.9619204257441472,15.527967530498056,-33.67824720535913,-0.1571014790161765,-0.7563698928592884,-0.2819152558360915
-0.2078781632649872,-0.7504458105338169,-0.2325395715117736,-5.976095643421228,14.838857822502982,-33.54887247685015,-0.1763954710153225,-0.7351608880175909,-0.2538281244429577
-0.2029801472189463,-0.7360767627378493,-0.2064325913836946,-11.608921551111814,11.430184245990157,-32.8463321769193,-0.1686214781770994,-0.7181492795724119,-0.2492826451259351
-0.1746432522176704,-0.7461893007764017,-0.1928628646131907,-15.373606385031932,8.096224454326489,-30.944157690625943,-0.1500212554143274,-0.7203571547330221,-0.2299212277824905
-0.1930213855847059,-0.7571839467127417,-0.1745582555733053,-16.36783791755139,5.894367398767223,-29.34271378809819,-0.1668212571590903,-0.7319902496958972,-0.2031559737020193
-0.2240326839439707,-0.7692693114320495,-0.1475133041915842,-16.166697456346768,3.015885702769642,-27.731655051630625,-0.1870064810695563,-0.7441152418667393,-0.185351087038042
-0.2220933617489092,-0.776831436707087,-0.1351660840613704,-15.7506004417546,-2.421202164388972,-27.13950416488465,-0.1945786620623691,-0.7504537772776876,-0.1711692792196639
-0.1928474036235432,-0.7810177592710311,-0.1175693788854013,-15.14840323935605,-8.944103811506865,-27.382225423950025,-0.1652688230534656,-0.7575808032929148,-0.1537677142797748
-0.1774835278102473,-0.7683904071090357,-0.0931498633470406,-12.542033935228831,-13.787185726461738,-27.07163146133601,-0.1413277459725897,-0.7483891642055331,-0.1352351015967793
-0.176071710382712,-0.7509185238839762,-0.0940314859912958,-8.017455323837433,-18.33367187148241,-26.28389412551813,-0.1395540049312656,-0.7262768378064608,-0.1395333809315442
-0.1396852039610143,-0.727131275137659,-0.1138446520591193,-5.316582758552063,-23.69034338876637,-24.86244079390358,-0.1088336717414917,-0.7017756613046853,-0.1509087623436743
-0.0791830705905311,-0.7059661995490791,-0.0990303333194138,-3.901183936149559,-27.937975023914785,-22.63036553436349,-0.0600586893431206,-0.6781113975474399,-0.1321028469772156
-0.0155588114963104,-0.6951306865448967,-0.0733835829118402,-2.2660589635777364,-29.722526509857005,-19.903188426303416,0.0060230417030551,-0.6666760740363136,-0.1035829628722753
0.0338366570183097,-0.6825680364965108,-0.0769280004771533,-2.7842906184365237,-28.35592216768696,-17.71873898557513,0.0584441561618754,-0.6629735891501878,-0.1080214890727561
0.0892739763697545,-0.7049404898255333,-0.0828466886097405,-6.808739373768265,-25.506271707376904,-16.056749376413656,0.1027155748777377,-0.6786026747173005,-0.1238493811690395
0.1475444288745644,-0.7385036995854943,-0.0880516763631347,-11.247386965987072,-22.041809167957062,-14.771409831426084,0.1604545417981416,-0.7052582555165954,-0.1255830086065029
0.1713161606206471,-0.7667950849331289,-0.0869373979288844,-13.62030322570596,-17.87518512162404,-14.21017497757255,0.1897266626471386,-0.7363560487728162,-0.1248241479664587
0.1660092931212827,-0.7943724451326841,-0.0944520434556583,-15.574759076770404,-15.002507458609092,-13.232349373354696,0.1861271003567062,-0.7671473997370803,-0.1364987963898587
0.1400647258045412,-0.8099555407113446,-0.0881650384207481,-17.74441651201809,-13.436989198963838,-12.12935894625321,0.1636007406657643,-0.7790721383501586,-0.1314930204941845
0.0911926969546069,-0.8286014421227754,-0.0558775873333826,-18.24440593454676,-12.394094280039107,-11.46618954120628,0.1297235666093742,-0.7961061340365165,-0.0960538039385212
0.0240917957946703,-0.8289927212347542,-0.0255302950031966,-16.594371917189196,-13.756825609016566,-10.306486393037966,0.0720375204907066,-0.8018563208444853,-0.0524601983208611
0.0101604022226713,-0.8213923074078127,0.0645928379985503,-12.553002617479727,-18.631315921610444,-8.676211754679725,0.0401153914842663,-0.7893338075024743,0.0303445990992008
0.0081925288816133,-0.8088544841320539,0.1412255489964956,-7.230021202853267,-22.546175234626585,-6.348132677257619,0.0263828193496959,-0.7891014918660244,0.0965446843138868
-0.027692101344949,-0.8203660127271768,0.1429362231913765,-5.554063673213448,-23.986969065452296,-2.5770102527000547,-0.0063008302791288,-0.8058351287764436,0.1071679408789213
0.0234352176705539,-0.8452453432730934,0.0336481226774539,-10.044689560855602,-22.76820956422153,1.2625258489962918,0.0471510972594962,-0.8271851039861877,0.0103467601300048
0.142124993705718,-0.855563023055598,-0.2368920402341468,-25.56544321167231,-14.867622527984375,2.519299026265039,0.1601049424311866,-0.8428465353889487,-0.2674447589653875
0.2331220697362751,-1.0042018539489297,-0.3619080353500609,-45.765362433102034,-7.103394213785716,3.747762301759479,0.2503218872561367,-0.9516441814210996,-0.422108945406671
0.2099114742018522,-1.2100642230376333,-0.2677273152242757,-44.64470945490832,-5.490618217448298,8.624884956910321,0.2464199736604061,-1.137885681565481,-0.3217437285231563
0.096232646146471,-1.3064441974447545,-0.1736065651521612,-27.489987383739784,-6.858049321327917,12.66460506038469,0.1323204751319004,-1.2556906871975368,-0.2153337440970944
0.0737803858763953,-1.345989711459258,-0.0876645863717767,-19.48820415415189,-5.360279157623062,12.274896030606383,0.0930463286059425,-1.299921641546076,-0.1375074628083488
0.1160220068300685,-1.3278665920967256,-0.0438238704423561,-14.73699220215188,4.64593720188881,10.611882842650312,0.137205775940938,-1.2800405305055378,-0.0786926197614273
0.1102250878228978,-1.2926351213042748,-0.0212311326982533,-6.230172535384627,12.993239258267966,9.099391385239562,0.1436038860223547,-1.2377071864236906,-0.0517088739378195
0.0842053764479031,-1.2598029349575388,0.0327304737926942,-1.5776966775792856,15.39878788884392,5.897148201274405,0.1194482344613323,-1.2224264639915658,0.002959550655528
0.065133487040457,-1.2512443775292852,0.1075764540718105,-0.1140401539578145,20.6958645473662,1.0016289968132712,0.0997233660381806,-1.220629702739454,0.0751255099175278
0.0347459805352269,-1.2924053701456035,0.1445980365074493,4.217475914281185,23.453184258072625,-3.8200676590478144,0.0834796565230758,-1.2404154091005086,0.1020067470787429
-0.0035239158722954,-1.3051683138418528,0.0577136667322328,9.597471955049595,19.16437239092068,-8.082133845089116,0.0487644597405176,-1.2607226449740836,0.0299951040216317
0.0279101790332375,-1.2947885569886677,-0.1132986523161273,10.506883549866124,13.80761184199367,-10.930996392874738,0.0688206807976708,-1.2555903376995707,-0.1464271367354179
0.1240242471162493,-1.3054180287190968,-0.3349823452981602,5.5899987145325385,13.51440167249686,-12.197592876118897,0.1570188834692054,-1.2618447521587064,-0.3832143283413569
0.1610247098263382,-1.370505755048937,-0.4661094649056043,-0.5670805890489427,19.509375707807614,-15.561535516282666,0.1910030579905341,-1.3156902887937187,-0.5169472690073331
0.1493024280542383,-1.3623617816553943,-0.4969721789476073,8.031477277717324,25.166443557261857,-22.323992213197307,0.1780071972818846,-1.2962397033714306,-0.5383085133642463
0.1174308511381936,-1.1826458202235988,-0.666773452233528,27.08614715107572,31.451296789253743,-28.093358069247067,0.144606476993206,-1.1471733584960797,-0.6936422331330017
0.0594080661707324,-1.0253544246069537,-0.7776177558590817,30.35360153608284,42.86986425983888,-32.13683114143834,0.0854493699225948,-1.0082026999620997,-0.8291353557659698
0.0743143883944421,-0.9559204841671176,-0.6340945032020334,23.350897235580987,52.475512968048186,-37.22861943147243,0.0979637087962947,-0.9222840311458148,-0.6933761318349305
0.1109739547409359,-0.9299224427097704,-0.5073631589841122,19.16410078064593,57.30226139959024,-40.46654383958806,0.1422766049896465,-0.8937137821839174,-0.5491087881581611
0.0275806473477631,-0.9481726002444,-0.5150987779982574,11.579000001508652,58.99008672320925,-40.336162333633126,0.0704280597560669,-0.920822900656343,-0.5550555776568564
-0.1164690155248319,-1.018274393776011,-0.5567064799468766,-0.717508301659694,52.28916152384973,-37.691699785108206,-0.0675769890651417,-0.999691496750875,-0.5966577728264955
-0.2189537428855907,-1.1794424949514268,-0.5415855388545981,-14.093172957365628,40.05151078199113,-29.82405612403676,-0.1675644456832213,-1.145706487561915,-0.5886104877516737
-0.3231383505855431,-1.3007224089192286,-0.4555807403807936,-16.585918885984483,32.461620239339425,-19.631636796394343,-0.2730694088126035,-1.2431500109568532,-0.501889786929493
-0.4558331048627398,-1.287310848456726,-0.3945603496676271,-4.758472790870394,25.469095941165342,-10.69847152534285,-0.4025335671017182,-1.2335368067114318,-0.4459456436432152
-0.5330193967921113,-1.2237331672204894,-0.3870622157264793,6.063860071953493,13.179560762064144,-0.900705210092274,-0.4780179744002891,-1.180048819995336,-0.4437235443892564
-0.4905918906054219,-1.1496653569960895,-0.3893868587068732,12.269108591128973,2.420611701480689,8.642893212487545,-0.4475820892417524,-1.1151281363257106,-0.4341565353203945
-0.3523522113140846,-1.0792581186484829,-0.3797878567218981,18.1346761117595,-3.739926355038298,16.027800962825115,-0.3305272726182034,-1.0500986997241424,-0.4338267279949397
-0.2332359890221154,-1.002065111447889,-0.3478692515152581,23.134295784669597,-8.591916072822977,21.87600767362304,-0.2120049643479065,-0.9769110384183962,-0.4052427332760175
-0.1480010170884385,-0.9248539328501828,-0.318941188164801,27.92934184919294,-13.034288317929809,26.00519682552857,-0.1160892200851325,-0.8999439969067522,-0.3564779834296623
-0.0610263150000115,-0.8692325694003552,-0.3048456071216301,28.2772751444076,-15.5955832663429,28.88318404099214,-0.0324337862505284,-0.84480521048437,-0.3354307117937843
-0.0138712990872969,-0.833186721621725,-0.2804613741769016,21.603777008818373,-15.092915489942303,31.08685062000015,0.0138670763903907,-0.8170448788497411,-0.3124722780070346
0.0212275838034106,-0.8325959642741146,-0.2443681650795178,15.37760215136508,-13.509455916294844,31.32130572867916,0.0420962281485404,-0.803504196367786,-0.2843121218970422
0.0428612069474038,-0.8226707122888712,-0.2171065936601539,12.749593409444364,-10.754507989471492,30.42418565970801,0.061412359099097,-0.7883924463434966,-0.2674886171862361
0.0432522780922408,-0.7878287900607683,-0.2166582810773952,10.979803740264048,-5.7760209000588,29.79030193320521,0.0673744678409235,-0.7601680945716485,-0.2597346795768394
0.0446858450620091,-0.7595639688039961,-0.2120323900055316,8.821287895728492,-0.8866461826012174,28.41544692065976,0.0642620668737907,-0.7287140113224437,-0.2463042745713347
0.0588850707741241,-0.7426861929431507,-0.184572826411368,6.059839912107544,3.5991249743200133,27.36301025011638,0.0826163660677892,-0.7137117075050388,-0.222484583240454
0.0997683979234967,-0.7415265313961794,-0.1727670944724933,4.944733658863294,8.944652161831096,26.47742425165244,0.1259004900838495,-0.7104774603122846,-0.2096524131496851
0.0950303625354419,-0.7300887131104243,-0.1665686232803528,5.073227599747113,15.128084591202644,24.58968753900613,0.1193694377392448,-0.7072101094644352,-0.2026549210302747
0.0556780171827986,-0.7218437581907589,-0.1557936426412249,4.705436010547451,20.312323412560016,23.33353532980703,0.0843368431168722,-0.6947588323451224,-0.1937188369433018
0.0358402599972175,-0.7083159058964161,-0.1497411001793596,4.7416719320355964,23.24965488374805,22.384414163958496,0.0644500278241523,-0.6740054370244519,-0.1823370670010888
0.0100673237278236,-0.6769052376500266,-0.1245409329533742,3.913654612189328,25.275877723095952,21.637493023119045,0.0333072348748264,-0.6565593733285187,-0.1603576391210802
-0.0168329022118574,-0.6703547289539309,-0.0971709777514173,3.1026058937781933,26.629573795855823,21.40237154786783,0.0048224376482653,-0.6439037902902272,-0.1356450106366309
-0.0565238288023135,-0.6631641693378124,-0.0882660035126124,3.646610664019794,27.306309912367,20.11089434001437,-0.0306908076994778,-0.6392294112350609,-0.12117864954367
-0.09915329750692,-0.6655882803421602,-0.0818001370727596,2.9390374706498554,27.34362283523961,18.002308403248637,-0.0803894219540527,-0.6458585656012084,-0.1157868168610689
-0.1298375311389351,-0.6919758450047159,-0.0770758942601569,0.7038867554284669,26.12374561907375,15.523578668930194,-0.1099027406990661,-0.6648368864449024,-0.1032602125752737
-0.1738019498474429,-0.7168968006008297,-0.0588965325730374,-1.246154138722975,24.216871060538463,12.521021372904949,-0.1425291987596469,-0.6944470440757553,-0.0830054909162185
-0.207231859671091,-0.7474003017297838,-0.0365318274781677,-1.3323154354912394,21.652317593890974,9.83351133615952,-0.181127166143778,-0.7216793385571609,-0.0704406122282325
-0.2204370654152546,-0.7640846382598261,-0.0385250862335928,0.0917407231604969,18.90349451431648,7.948268986336588,-0.1932020509676663,-0.7418633284196827,-0.0693746139391569
-0.2360750102137581,-0.7797921154019122,-0.0368754301208704,1.885796062988852,17.27288277158245,6.551083090445764,-0.2021590328035371,-0.7604995294786598,-0.0684254658720392
