ADXL_X,ADXL_Y,ADXL_Z,ITG_X,ITG_Y,ITG_Z,MMA_X,MMA_Y,MMA_Z
-0.1685811513374861,-1.0198837890923635,-0.0577255864495409,-27.96654447959606,-15.97808018728647,-11.010177650454876,-0.1393028305206652,-0.9970658774285288,-0.0965004565321338
-0.1142673573711464,-1.0535041570125108,-0.0794764875236487,-30.79076217659397,-20.69798978881854,-9.994129762565862,-0.075954001928281,-1.0316839251128167,-0.116409195060976
-0.0493889800301915,-1.0982910487283446,-0.0988405284344152,-32.50110366681874,-23.464102253396632,-9.197140714015438,-0.0144147390112861,-1.0669074259418976,-0.1230181364949118
0.0332464631851191,-1.147064701147665,-0.063678575309146,-31.44290755874371,-24.89678079537848,-9.089015353016666,0.0503567591975074,-1.0928003023904558,-0.1050865195056041
0.0592793982357935,-1.1670288949323215,-0.0345932419537653,-25.867980983165744,-25.138951393880497,-9.875564535823743,0.1095649651846164,-1.1075672190325814,-0.0883313667591695
0.1204171430673655,-1.1495643663889088,-0.0358008614438335,-16.142477728886405,-24.35877405128853,-11.233948478522114,0.1621039963329561,-1.1001096378174973,-0.0790979053098115
0.1728325376604719,-1.103772050659809,-0.0352126994354274,-3.7185983927881865,-22.82583296571461,-12.830934791861822,0.1965234256034506,-1.0624363088665818,-0.070404826863683
0.1672770991537076,-1.0442356607704582,-0.0217480686503937,7.970548700782482,-20.7930427521109,-13.774489084820924,0.2113236094284668,-1.010677611028365,-0.069168838512903
0.1904882858644981,-0.995029699979903,-0.0236367297308225,15.31362461093377,-18.73859317579069,-13.651885244581406,0.2176265474674211,-0.9622023026534564,-0.0658380869406801
0.1813860945396221,-0.959349918018835,-0.0352322488587952,17.423060609021242,-16.619782914760286,-12.79099273235023,0.2147097041108749,-0.920285446890038,-0.0624372265050474
0.1508732912510493,-0.9183071534638972,-0.0203765215195556,15.727911898297004,-14.289590413683564,-11.581177303677135,0.199948661751246,-0.887663133936963,-0.0597899031665012
0.1424093753691638,-0.8899193086334021,-0.0167049686784087,12.797319258655923,-12.137402601138454,-10.393975190881743,0.1729117935815484,-0.8707213392404592,-0.0531064093932881
0.1198103818415547,-0.8866668935428825,0.000138662445427,10.100493878927498,-10.385740643385535,-9.210524699829437,0.1440179662825083,-0.862025237245864,-0.0412448473639301
0.0862184790588659,-0.8883693889284727,0.0292976667270383,7.8136888914933955,-9.375210647320271,-7.917377214131927,0.1123238458810329,-0.8533110792985631,-0.0246973525950102
0.0385160113450972,-0.9004111021128051,0.0287200180415814,5.578075049005186,-9.190253264524886,-6.289567565352025,0.070949161077643,-0.8524302035017588,-0.0185446286787401
-0.0012517549862627,-0.907761687059728,0.0277737969348439,2.944412429800251,-9.436842687369673,-4.071154497157695,0.0358706753662368,-0.8596376619032212,-0.0114503117774178
-0.0078215274641093,-0.8875401811753709,0.0324252136811193,0.7760349169387475,-9.736301535072291,-1.4590594079073975,0.0152474755399149,-0.869188769755594,0.0089340469490231
-0.0130060716470612,-0.8875580286935011,0.0696764205352667,0.3587580292112081,-10.226999441539265,1.4881398911800154,0.0084582454275173,-0.8761476099068777,0.0247857259676933
-0.0012491351352733,-0.9039890418924869,0.0594331086484821,1.839957459217697,-11.239448641384774,4.56664085221596,0.0158170173575524,-0.8743275485452362,0.0263304968901033
0.0440377813277358,-0.9008391317736316,0.011205546176769,3.6620196658385744,-12.114638474740564,7.297328202155794,0.0317536199814988,-0.8694773734785638,0.0091156594714404
0.0415621976275391,-0.90408157401013,0.0024259188248925,3.698611584878521,-12.506573070703702,9.747684701266255,0.0472379522155191,-0.8672323887476064,-0.0206599563738751
0.0320539866913494,-0.9007933205682448,-0.0272696603862737,1.3685769680864,-12.58344506195684,12.074353550948882,0.0582190793738861,-0.8687904271898594,-0.0499788319117709
0.0613808544926064,-0.912498294422706,-0.0243324309831726,-2.4391597811289527,-12.103211493079169,14.271442857575712,0.064622601488981,-0.8761548517463247,-0.0696811687116455
0.0515160249393419,-0.941646392688878,-0.0305970722316891,-6.199837432804242,-11.22555851178536,16.245884671755697,0.0650557734575476,-0.8858067357793469,-0.0732993672112727
0.0531738675479057,-0.940327509771788,-0.0485583227680131,-8.876143013897078,-10.11232099543672,17.553911005042707,0.072780929351523,-0.9056949628653256,-0.0660900544597524
0.069495598945568,-0.9449342245957522,-0.0116876750523405,-10.219529772094818,-8.79312749669332,17.73310327981232,0.0917636547705555,-0.9395497643795676,-0.0505715980641542
0.0689836428292542,-0.9843547435214228,0.0158769853690852,-10.12051552793125,-7.484116132910297,16.551166803356598,0.1098004153199874,-0.9723627173083188,-0.0417710244307889
0.0928835271393094,-1.0343853040528552,0.0195891132276375,-9.166453967823411,-6.316319465882396,14.193462997769812,0.1211339897878061,-1.0008156797664611,-0.0516047348755187
0.0840755303985473,-1.0385958017279204,-0.0325790271484984,-8.235532799366355,-5.348308349384348,11.271698846355672,0.1174566289344775,-1.0205484886822491,-0.0657002155673757
0.0619247133996852,-1.0478901296690728,-0.0522053486705526,-7.371811435838262,-4.607293253010794,8.357551783281824,0.1030878978615729,-1.030186389003056,-0.078059280515271
0.0492731366528694,-1.090674896314583,-0.0241763673999403,-5.827656793148392,-4.396180470822156,5.877295307102223,0.0829200529235912,-1.0372920694145793,-0.0776445988059418
0.0079808516671737,-1.0651245557711289,-0.0283571847175477,-2.9625784754677835,-5.0916044608762245,3.914529123472257,0.0488035776032078,-1.0339368568426832,-0.0654805292482832
-0.0336082756315127,-1.0566549470881896,-0.004748605473534,0.7911207851567698,-6.513812149959164,2.3783007283831243,0.0097155094096518,-1.0261221900411872,-0.054860525971657
-0.0657312017757024,-1.0638291377768734,-0.0122223867700311,4.6577412525115705,-8.692535942308306,1.1607508071286827,-0.0250593419264388,-1.0183129950008785,-0.033880070565119
-0.0723182670207197,-1.014866611529861,-0.0020231017281482,8.064187250065297,-12.054762237967344,0.0623756621370568,-0.0554084703285748,-0.9990002471601545,-0.0108719424881358
-0.1001383445920154,-1.0010082105128364,0.0551252305745808,10.224519077220958,-16.06438837698469,-0.6347298640217955,-0.0745804710216006,-0.9814659797875228,0.0002708384840177
-0.1399492153914591,-0.9849496390279036,0.0388368311355101,10.496081882134057,-20.037330798304552,-0.9479977937000712,-0.0831915956844281,-0.9655256805637752,0.0069651291676261
-0.1131287300073769,-0.9657594353917224,0.0430252833402542,8.73350620474813,-23.70177314126505,-1.140487256528346,-0.0816900165756688,-0.9440215563294396,0.0144828580338319
-0.0891130652899498,-0.9743099009310006,0.075367682469743,6.100327596831183,-26.95005889717179,-0.9120629268475676,-0.0616011979297083,-0.94759226579806,0.0289470802658689
-0.0629660998607879,-1.0012351349848236,0.0775340757814287,4.217584124785739,-29.77576147550793,-0.4671872529474964,-0.0254048375151013,-0.9742552953258404,0.0405607324097814
-0.011223452698482,-1.0354035979571394,0.0879240150740074,3.707197455859374,-31.620819506643038,-0.5421876954354243,0.0171772832626128,-0.9966520538745504,0.049751826663978
0.0240059549793577,-1.037729725490691,0.0973912052988955,4.94358095277578,-32.74871463299652,-1.445061706582297,0.0623700216679161,-1.0115365563533545,0.0572420556290788
0.0693845697173139,-1.0464108615201946,0.0837405173914409,7.246162206397386,-33.11622183425953,-2.875929244349311,0.1050520024988063,-1.0111992061952666,0.0435259482758116
0.094082857048284,-1.0373235086209784,0.0307735013448914,8.354598778066636,-32.627569474865254,-4.994015150399971,0.1370256263190824,-1.0021626438229476,0.0229655026881481
0.1039270235886453,-1.0479466744259964,0.0272091295832838,6.6433571498657376,-32.87138792329247,-7.560755229498311,0.158628889103436,-0.9960997490361564,0.0039203250730252
0.1491001202810954,-1.0763817771555262,0.0438495421501243,2.538147636806456,-33.21711011704498,-9.58100829971589,0.1794293428980691,-1.0006678893840084,-0.0145659983062247
0.175246991772304,-1.0623653605823764,-0.0030711523044959,-2.771730668518281,-31.97796596414265,-11.303560796206892,0.1935589685969743,-1.0294531335885992,-0.0257639457240647
0.1496140666129382,-1.1088990065583353,-0.0081712822318074,-7.999295210560482,-29.101442482506545,-12.45288510891791,0.1895094283040421,-1.0743571687965128,-0.0457066908121484
0.1408508008613083,-1.1741144428759422,-0.0111574051109177,-11.530898305864042,-24.19177341741902,-12.64306357258593,0.1879314905168529,-1.1216658279424023,-0.0755449192130019
0.1538907618319553,-1.212112722756259,-0.0642973172038844,-13.10313000341726,-17.600257446384614,-13.001905533910724,0.1868962699911778,-1.1679074817211434,-0.1105017118446751
0.1432873568056346,-1.2554213687170126,-0.0893293497350881,-12.907180406715977,-10.799868828529933,-13.957231549955145,0.1688719670877552,-1.2098193962613155,-0.1324294971123051
0.1314902471106597,-1.290745604310268,-0.0867526333722571,-9.937980376736936,-4.258190910075479,-15.097339840393252,0.1592356794573345,-1.2405803648052236,-0.1300758346485779
0.1199106245727911,-1.3308365078979567,-0.0735977126873192,-3.3268117445028653,2.604093023694225,-16.141921362889484,0.1551079983385537,-1.2597263293918497,-0.1227235948172303
0.1299604394104045,-1.320237151790248,-0.0825738493506741,5.647394469974636,9.400902386213096,-17.125764120041982,0.156778008567949,-1.2584066698158125,-0.1178727262380084
0.1713213328962851,-1.265572553540941,-0.119298729623907,14.075429132752918,15.14948092088565,-18.06517472733304,0.1902282993377847,-1.2290561572769263,-0.1410069097347491
0.1991012528874929,-1.227719736377624,-0.1627879260698646,19.66820876187275,19.2318766295692,-19.44276252426519,0.2293735790791942,-1.1916274921187358,-0.1912111100412152
0.1880801634946596,-1.1997471185303996,-0.2018175611103497,20.293925045553284,20.74938631211381,-21.85346013378538,0.2297339387689308,-1.145648457655308,-0.235810621094254
0.1386427053325655,-1.1304176915535442,-0.1896876715853088,17.467967313899006,20.51873824912372,-23.550346939445845,0.1874268600826086,-1.0874098525431082,-0.2451012137970436
0.112886467162706,-1.048960051950932,-0.1551463351501119,17.142396312628208,20.55529429476844,-22.334940091165564,0.1485054607618508,-1.0098033319432749,-0.197964081839423
0.1015815764935298,-0.986645370082114,-0.1392055652030981,21.839258019686177,21.510177441579465,-18.581333999033568,0.122871735734335,-0.9072450879342492,-0.159959354650121
0.0608873214482707,-0.8623812598474216,-0.1305723599082447,28.54428710270813,23.01176451336869,-12.89178160987814,0.0917423509156235,-0.812484878628469,-0.1716568054590424
0.0232172741338453,-0.7484969569089426,-0.158708712884292,32.36204901636873,23.32949336451276,-5.739560652473127,0.0589045150679889,-0.7262734440113021,-0.1978304285514659
-0.0197951345526,-0.6898873556133831,-0.2144202679145677,30.789349549357745,20.580310342543047,1.1221461986507797,0.0091225268483031,-0.6585811644699375,-0.2409214735621426
-0.0653903296964144,-0.6431418243922367,-0.2481875631077806,23.855446174674665,14.5820218640792,7.511675271244918,-0.0331901704031435,-0.6294144024032571,-0.2860279570929132
-0.0872130588571319,-0.6494996976870533,-0.2735472446365448,13.13460782070334,6.431685421350751,13.090377512356612,-0.0497718433685445,-0.6277021239610601,-0.3110867894468404
-0.098373628951938,-0.6727543004473897,-0.3035130819924934,2.727618713467178,-1.833686481986467,15.87849931695286,-0.0666876274619555,-0.6495477189589984,-0.3367156482441187
-0.1118494621877658,-0.707027431065381,-0.3120185855271178,-5.601114895229204,-8.736680992007969,16.054483615073377,-0.079164772866886,-0.6837460749359703,-0.3576363866818631
-0.1183419676101312,-0.7724333694898511,-0.3092154562894456,-13.16577373203256,-14.14954059243667,14.014050275465342,-0.0855774780480335,-0.7428660222137242,-0.3584177498822747
-0.112816556950392,-0.8519670942002171,-0.3015996086512925,-19.57528005719969,-17.245506603871785,9.62478510329979,-0.0821724512014253,-0.8174658936352608,-0.3471862582477992
-0.0827481375035464,-0.9424483333020298,-0.2796670017745754,-22.68398922176676,-16.883963586444,3.922583113422976,-0.0601222742213711,-0.8930588798540765,-0.3237743911578092
-0.0280603891660396,-1.017253107350107,-0.2565859109368024,-20.77316956242082,-13.665573265461722,-2.232957494712246,-0.0240913325656297,-0.9779415380610224,-0.2926199437522886
0.0014528806072543,-1.070445045030152,-0.2246539422488261,-14.053808657274644,-8.544392500413066,-7.838865914662115,0.0219635450901145,-1.0292891862888645,-0.2643274482286595
0.0257109818375946,-1.0927346313472708,-0.1983501778007548,-3.8274063720357945,-2.5827326679586604,-12.339328596140938,0.0596370669271767,-1.044293947680495,-0.2384309826755759
0.0548807290372641,-1.0862976406903952,-0.1963755243348584,7.412560176439866,2.018445756956527,-15.281739752008876,0.0780667866526721,-1.043493956330079,-0.2311006246662272
0.0524452253447424,-1.0661919042056915,-0.2157408554447839,15.342372683921049,4.064674851797882,-15.576184401680196,0.0861405834757601,-1.0233423053778068,-0.2533661436412991
0.0507010814146794,-1.0372071431855976,-0.2436063413207552,16.383693225320833,4.021659384834047,-13.292042799573563,0.0869855155804815,-1.0112679585449482,-0.2748754781982017
0.047117588670158,-1.0402694770135483,-0.2234926240708856,11.631412864238818,3.3096559078842858,-8.71462468679108,0.0820786280448295,-1.0158665028134986,-0.25637599684769
0.0523978682573719,-1.0813664678616766,-0.1618858329292132,7.109888557563791,3.515486926602194,-2.310951958342012,0.0816065106426258,-1.033531665382835,-0.2002847248050697
0.0782488360027919,-1.106558514134389,-0.1096123891819425,6.320865792832273,4.622608883122293,4.276338507370046,0.0995678396945775,-1.057547605611883,-0.1541329786827369
0.0887012729143983,-1.1060111965067674,-0.084458834378576,8.39277475129226,6.258229659887605,10.330311772746594,0.1267836516269229,-1.0620716644946038,-0.1347244216751338
0.0976235623289021,-1.0966646727720668,-0.0964138686546903,12.011330169844811,8.553640682163788,15.830435952881665,0.1353553547903691,-1.0487386156228031,-0.1328962409590797
0.0991369222324079,-1.0555736855114322,-0.10994003495131,14.433006512142114,11.22143258660009,20.162996598072528,0.1298669280286979,-1.020117293695812,-0.1463136956577527
0.0882327816469118,-0.9961832550823216,-0.1041764493912084,15.145236912094948,14.096642246206722,23.354048914969912,0.1215934916388238,-0.967563685059634,-0.1454990287440499
0.0753614704907241,-0.9562958002381196,-0.0972906069585148,15.477574710858384,16.734174836375306,25.63451547089171,0.1062671383945981,-0.9133104811143976,-0.1292178794014558
0.0564764870557273,-0.918951516461206,-0.0809528505089822,14.557349803943852,18.50825786426189,26.65128553771844,0.0885495957716283,-0.8760954252105544,-0.1170433748657034
0.0386355142357485,-0.8730329728898141,-0.074261055672214,12.785316309901804,19.391107389705866,26.84983175792644,0.0711065081992526,-0.8470657186151107,-0.1113824131140667
0.0185075144151164,-0.8370622161405167,-0.0865330733856998,10.247147093034725,19.993295312537253,26.994972553910145,0.0554983273222788,-0.8141420075507456,-0.1183553648475046
0.0169472656510221,-0.8187598453871177,-0.0829589499725079,5.974951284986484,21.393256210261185,26.96885112240705,0.0399261656195382,-0.7909758273850243,-0.1251476412243579
0.0163544752684344,-0.8112670775100548,-0.084524935330937,-1.013175828299866,23.5977822449021,26.381289594324528,0.0264340391145298,-0.7986701938663624,-0.1303538793263221
-0.0089063674106649,-0.8357617961074573,-0.0913830899112938,-11.040700720201103,25.795019753779343,25.03987002645292,0.0158726586864233,-0.8195017527651625,-0.1257224637410464
-0.023290233321232,-0.8868209062334091,-0.0745330279881239,-20.044453279786406,27.984872797102508,23.280281966792604,-0.001222462618548,-0.8426870779415728,-0.0994449237424328
-0.041363463961027,-0.9139587501523524,-0.0497181005090254,-25.116809895472013,30.404800514979065,21.781781930464803,-0.0182932509589218,-0.877776492962854,-0.0776654239610433
-0.0580313359313555,-0.9486034530765544,-0.021765513188844,-26.813542070083457,32.670468119880404,20.731853088539346,-0.0280646584548913,-0.913882940768206,-0.0592072823603829
-0.0496957158605885,-0.9897929170243972,-0.0076714279109491,-25.19360024818078,34.18906253473775,19.794406320973664,-0.0280306728120205,-0.9390773990060752,-0.0400950644118925
-0.0522295368551746,-0.9903180162601422,-0.0034623609589301,-21.09661570668209,34.94174955761698,18.666657083523337,-0.0218523102454232,-0.950575296220396,-0.0330004854562057
-0.059208821936728,-0.9790879935384592,-0.0016489246772284,-15.905877360581778,35.0691845920746,17.236257004533122,-0.0246526975127603,-0.9495099354859652,-0.0342136800720475
-0.0513398787241271,-0.9734894317908273,-0.0210112295592102,-11.409284833114963,34.57615645564763,15.47422147541232,-0.0271265504356082,-0.9396635653691464,-0.0503854480550713
-0.0479259163187421,-0.9707756622323664,-0.0323048653374012,-8.8562905297586,33.74387076029854,13.42173122598768,-0.0269128767106868,-0.92285934077104,-0.065223827314438
-0.0563682649964238,-0.9454228362493716,-0.0229201977746363,-7.547542586714039,32.94800614264033,11.305248183839623,-0.0354211736383951,-0.9047789288649908,-0.058321509639393
-0.0623164635288714,-0.9186890179648756,-0.0143454967669454,-6.724103151866248,32.53096318897532,9.378752795690096,-0.0375804922733148,-0.8954355725583831,-0.0506228920362857
-0.0651697791389923,-0.9321062251778036,-0.0138307038242744,-6.316798225855151,32.72913326690395,7.594244907873964,-0.0350597166680831,-0.8953916805125018,-0.0494535951321851
-0.0636293629313121,-0.9424184270948696,-0.0172096095001367,-6.370829519064769,33.63199651096815,6.06289251228278,-0.0357440327683196,-0.8995705175001163,-0.0506029137858086
-0.0545297493071744,-0.9436052512555096,-0.0150239376712321,-6.593805863506066,34.72863911872808,4.865672339238217,-0.0313433746418468,-0.9065335671533328,-0.0504499425775392
-0.0554933289856172,-0.947616136278112,-2.3430478065118265e-05,-5.981916094473729,35.101270025820696,3.620775096597048,-0.0265672077140067,-0.9066784467267268,-0.0381479349624083
-0.0537985160117304,-0.947397685858708,0.0177459178287989,-4.1833693947705815,34.42162103574709,2.413565681665868,-0.022214960508437,-0.9004040245112626,-0.0202766734516205
-0.0584485225684181,-0.9360226381964728,0.0214833325009321,-2.688150899848145,32.9676367674225,1.5335223020950948,-0.0247250578530311,-0.8947291623356979,-0.0077611535149509
-0.0666672993913966,-0.920636854662002,0.0200733669646558,-2.712815572830309,30.997532756074087,0.6769517548098497,-0.0340230279023089,-0.8859598390660669,-0.0078833133967064
-0.057107898081127,-0.9255998056309231,0.0159081743382077,-4.211397764696274,28.704610931300763,-0.3580185041793138,-0.0327283320793864,-0.8829998074833062,-0.0198424697768766
-0.0719029579069996,-0.9234816817591898,0.0033144195080252,-5.865155793450152,26.697271962013733,-1.590194796713908,-0.0342752677963856,-0.883852657003252,-0.0348733403298534
-0.0746175802014477,-0.9153873282090342,-0.016573859826779,-6.08381368671182,25.18998029312308,-2.939237090314771,-0.0445011558240751,-0.8785808285632788,-0.0537204572897704
-0.0652660019272115,-0.9249638653873936,-0.0382157917826611,-5.46744893726874,24.53924216074295,-4.252443530536028,-0.0505148542545998,-0.883691128411356,-0.0735685971807498
-0.0916366493829507,-0.9443275813883628,-0.0509942202507318,-4.233301017336769,26.03224685103347,-5.398385468351243,-0.0626082438607154,-0.9004899098402451,-0.0864498516201178
-0.0952798460138466,-0.963335618001734,-0.0659970700538634,-1.6912815638503556,29.23475657600339,-5.841886614060297,-0.0685091245550494,-0.918215748584086,-0.0985141141934422
-0.0870475992082944,-0.9728363931644451,-0.0796010228394571,1.000369203090268,31.72056090748036,-5.661065943497719,-0.0579861859032434,-0.9463323485621156,-0.1107809410658914
-0.0776247608872629,-1.0021586552121562,-0.0753049095489762,2.2980711677431027,32.122756176954844,-5.063294652628207,-0.0464246915500221,-0.981354332136512,-0.1149582890214202
-0.0550208752018664,-1.0411296948111604,-0.0717313090885743,1.6762026683312408,30.88019914342312,-3.6972048294993223,-0.0257172861902968,-1.0077235636012063,-0.1134137897247204
-0.0396892438189626,-1.0512145531458958,-0.0735441995117856,0.1498950833849745,29.14627996097965,-1.8767049853373008,-0.0024378311478357,-1.0181510283849966,-0.1051431893420933
-0.0102878714374573,-1.0499548644702,-0.0619636343724705,-0.5283952361705954,28.11541521743736,0.0658021444126886,0.0149945718468575,-1.0165428736948627,-0.096104444561319
0.0028025128056526,-1.0423500236424748,-0.0421822234557697,0.1075539578688747,28.053891990978855,1.8488651494319563,0.0302887369264833,-1.012009481635824,-0.0866166378687252
0.000281567752139,-1.03530815154399,-0.0275797573645902,1.4176153862591068,28.123205695078852,3.50887605178617,0.0355870759927526,-1.0034126687630345,-0.0686214755387994
0.0069873343781964,-1.035962525178743,-0.0168472973207869,2.671324337527121,27.868981036193244,5.199132030970438,0.0375070526178296,-0.997665863448604,-0.0514900496754662
-0.0056110898060843,-1.034991030506212,0.0004485792011365,3.927539067502016,27.99238684476444,6.329036190772832,0.0256135165839702,-1.0030706189266194,-0.0301487694488356
-0.0130895092146827,-1.0408676060326572,0.0227617089850894,5.353207195188973,29.30050333981044,6.839948028491515,0.0091553704917609,-1.0122468484385367,-0.0055532497052292
-0.0143301402784044,-1.0460239948947234,0.0423353703913901,6.776455731853685,31.33511573073585,6.698900600934992,0.0082059673436721,-1.0201133607903934,0.0122612161293183
-0.0349386689407107,-1.0554203885653315,0.0592461443640939,8.16517960436507,33.040245584546334,5.981546864950378,-0.0017877700131445,-1.025201762732047,0.0253799951548826
-0.046779432312562,-1.0668820621429302,0.0639922189513007,8.947020607400468,34.27521410417637,5.267225792108317,-0.0161272508470011,-1.0294123425952606,0.0296048077417526
-0.0494475336624747,-1.0712060178697242,0.0632439164217617,8.904647698566169,35.90309168194271,4.999940252970101,-0.0239915436111164,-1.043017184629429,0.0321565367893765
-0.0605287268894467,-1.0941388312560465,0.0532862378027986,8.016577224672277,38.45122804996252,5.753354143559712,-0.0297090521829284,-1.0671731446781996,0.0240286987371302
-0.0662184840857693,-1.116356680494632,0.0151853171853111,5.291927623183888,41.20464862806136,7.237143388117182,-0.03137720895546,-1.0903443943629216,-0.0105630109235069
-0.0758964292441267,-1.1252730858737088,-0.0157787107732368,0.4931860191157917,43.44329344022053,8.482326641192024,-0.0407132143162991,-1.1001514795256433,-0.0448699883664253
-0.1037209074746862,-1.1360795296559234,-0.0204984688439117,-3.581380076177035,44.04769993731831,8.908337161397922,-0.0659002292379712,-1.0970255144941072,-0.0590754417357891
-0.1481985710773818,-1.1378204658877833,-0.0265681833745717,-4.097117463625568,41.68644544613208,9.303768390955115,-0.114217978670715,-1.1014971145242154,-0.0670275678483802
-0.2134891212223952,-1.1434735320155751,-0.047456850756541,-3.2619200817116365,36.963007515888464,11.009271033997608,-0.1733237180509358,-1.1148198309545747,-0.0881734785419849
-0.2771459557914165,-1.155300415882877,-0.0882433060034884,-4.31615081051797,30.536766773008697,14.02113688716016,-0.2300143682544603,-1.1239556508406192,-0.1277737456428681
-0.336690133178301,-1.1718632645929747,-0.131994984995531,-7.0427917786755705,23.056122916312148,18.038677555070727,-0.2882777293910462,-1.1352926424014929,-0.1685391312357797
-0.3883449398659436,-1.1896242737942462,-0.1542420950723137,-8.985319416398015,14.985794025040658,22.14739695859555,-0.3270738030163282,-1.1466105108452682,-0.2002985089440752
-0.4013611846163819,-1.175704280910832,-0.175787053020683,-7.011056396568336,4.733317496286327,24.918209094726723,-0.3425716278458349,-1.1321684197188089,-0.2232906637494623
-0.39650378432004,-1.1233583927095656,-0.1989259602701222,0.0945767484359105,-7.527722795841059,25.891260657380453,-0.3484694345322273,-1.077933986176402,-0.2331165801076878
-0.3821899023431668,-1.04787912783813,-0.2011416031915811,10.384911960105194,-19.52591701005183,25.473162950946225,-0.3374952500671752,-1.0091497891960812,-0.2400204365825048
-0.3333039120451756,-0.982605307237715,-0.2052331557889042,18.96575895038448,-29.239333179895382,24.963739943865367,-0.3003978479554089,-0.9501612782043604,-0.2497916326522404
-0.2583040981764786,-0.9337408664384484,-0.2124395187093131,22.437715338735742,-35.7414083706968,24.82112695880172,-0.2326351449069013,-0.8979715877059051,-0.2591468757239967
-0.1988406052789263,-0.8681536361769355,-0.2171787586873129,21.856498908510545,-39.54980937822239,23.97524740163696,-0.1666148885043203,-0.8398563388727875,-0.2745774904916684
-0.1496662497683838,-0.7931548430119939,-0.242107183491841,19.143538007074767,-40.81021890108777,22.213855210852024,-0.1170971931467149,-0.7738688320473746,-0.2959015259299363
-0.0649190329761608,-0.7357173448630241,-0.2759846571779699,15.120422648272577,-39.62782515387184,20.121425356280103,-0.046085589918899,-0.7172718059183342,-0.319895667882676
0.0260033554228926,-0.6970623735618533,-0.3024748706954551,9.226391168502504,-35.49093116551076,17.444659124568112,0.0411867240315154,-0.676352729161329,-0.3367845376247902
0.1056880824258999,-0.6778907569869826,-0.3103670602595434,1.7462032394802434,-28.5139360628548,14.0117627458468,0.1223454601746049,-0.6542967129214134,-0.341294144975019
0.182571703194124,-0.6880911992970995,-0.3077920921581011,-5.361143393896083,-20.655195394163133,10.380754509766412,0.1910913543558218,-0.6607423732804234,-0.3481094719464619
0.2252602406349049,-0.7382957371561936,-0.3181206284442263,-11.302438181282277,-13.19353433560942,5.997515841188627,0.2390029703864709,-0.7042533538061712,-0.3587630695403833
0.2261586112590102,-0.8290012674776481,-0.3156822439101249,-16.108195786940623,-6.756336730212543,0.1229527135327772,0.2469771353910195,-0.788102673526411,-0.3577899908167784
0.1800669976034728,-0.9439994018684884,-0.2960545278196592,-18.546938961041995,-1.1499736070405226,-5.11122284154418,0.1991538260789708,-0.8940817324927542,-0.3390789432315979
0.1075673398408712,-1.0735337053782097,-0.2694628525142835,-17.531514934185072,3.305566779210331,-7.746427163324895,0.1372003001793122,-1.0134880607880563,-0.3121073417753366
0.039455301030866,-1.1905732236106217,-0.2214213244006261,-13.833951700856652,5.718161718399815,-8.584245907386368,0.0788112782307043,-1.1363409166332468,-0.2692403396232892
-0.0274501732160399,-1.2874849604452985,-0.17026846392114,-7.347177456470727,6.754727619699232,-8.385525099281368,0.0142889945392246,-1.2398164793528914,-0.2119018688742766
-0.0795580195505787,-1.360525850807197,-0.1326799800007289,2.6716190679769527,6.848067440046081,-8.036382217441952,-0.0364365899340783,-1.3022831623691,-0.1759426911626453
-0.1148962798342336,-1.358992448770823,-0.1299408091583391,15.82372901341414,6.033105512262395,-7.920400717557937,-0.0725056582194008,-1.2972087134377954,-0.1730971779553182
-0.1372206074384954,-1.294383470512563,-0.1594200666246708,29.01289732449489,4.369092840961892,-8.197554395227789,-0.0910596984736046,-1.2425135101113456,-0.1968966585333752
-0.1489607119437093,-1.2065890547636673,-0.1811058167848234,35.731060398349406,2.1328644607883467,-10.465546853082245,-0.1050180218848075,-1.1687853963727597,-0.2222095706324067
-0.1670038257737982,-1.1142385220464286,-0.1668385114254979,33.87358778481152,0.1253193695286606,-13.889413763205216,-0.1336983831971075,-1.0845594911410397,-0.203131559015919
-0.1849195376064365,-1.0474227906698226,-0.1029034300290737,28.9113864255909,-2.0222234066859297,-17.041727175960023,-0.15670732573216,-1.0190756094780005,-0.1387568468670478
-0.1969839527170551,-0.9941922255600566,-0.0551899065383313,26.63785779360725,-5.007552437159121,-20.85341711997818,-0.1636686496239974,-0.965440646298578,-0.0866821804085071
-0.1931894019222988,-0.9268447286498048,-0.0601572173117817,25.980709914475145,-8.956321034462146,-25.08716751479165,-0.1554179516535397,-0.89846257573123,-0.0863008885227092
-0.1619671707005776,-0.8460738833594504,-0.0711916265887902,22.303582482737102,-13.204642055376237,-28.81496594024075,-0.1323040455043089,-0.8308974965173399,-0.1075121154088356
-0.1206612854998447,-0.7801667342573511,-0.081573284161281,15.56740665761542,-15.975915804058369,-31.30005473401784,-0.102510912701828,-0.7690524879821223,-0.122476040403287
-0.0810896834385191,-0.7448830117819719,-0.0809436908430367,6.348763016610276,-16.659729062511957,-32.4204790504627,-0.0650678049794778,-0.7299309900607469,-0.1266731486119078
-0.0486744955545053,-0.7271288648878034,-0.0726116552203891,-5.282870235440932,-15.958568810330316,-32.73624990354965,-0.0270785285231594,-0.7168767159271943,-0.1168477239636257
-0.0259701465968993,-0.7324869679231021,-0.0730108440355582,-16.57083425835907,-14.860948310277609,-31.86639496194964,-1.0722887493383373e-05,-0.7147956134038922,-0.1121117173313673
-0.0056115549595105,-0.75409244167656,-0.0760375411508311,-26.028185884703007,-14.814204238543624,-30.23968897117596,0.0231771912410374,-0.7340046435783791,-0.1106732940414012
0.0071871977967459,-0.7922984916015914,-0.0849874036751709,-33.061209354789376,-16.12869157475741,-28.339158878798997,0.0359853743802137,-0.7682349576636811,-0.1109018334594341
0.0066774461274891,-0.8486940559529058,-0.0828629478930769,-37.58290191855919,-17.919225341385395,-25.730267997180317,0.0371998186255976,-0.8141810447835339,-0.1202131088678755
0.0088465981062526,-0.8927035795315771,-0.0783675080940189,-39.90844430027173,-18.806113901045958,-22.446386686165027,0.0411991678453182,-0.8624454126702781,-0.1183045381734902
0.0187168424310817,-0.941008203195306,-0.07731636999276,-39.11094365081689,-18.299587143747694,-18.57894889109824,0.0461434577945793,-0.9016662348263615,-0.1093205026893572
0.0301797528334184,-0.9948151077337796,-0.0634545966421944,-35.37160406938858,-18.33906432904741,-15.12036711409792,0.0632855926061574,-0.9507808194793004,-0.102494268586873
0.0533248167387325,-1.0214979578228425,-0.053497228770857,-29.15658715934445,-19.54386994257605,-12.755982900857417,0.0914923808914032,-0.9861378989757268,-0.0885767823413617
0.0801622317599223,-1.042539048984636,-0.0434496376936335,-20.537281723353946,-20.520877744506237,-11.235654779791863,0.1129776612256368,-0.9956483228200448,-0.0752119591789287
0.0959998475224458,-1.042936746074958,-0.0392009858936298,-11.266867023837763,-20.776842882456457,-10.8186624160506,0.1306060854081197,-0.993170635935534,-0.0751021885177726
0.1048650066712103,-1.0001773078321703,-0.0507846996718275,-3.5659183734645548,-19.69184439907265,-10.937601687876892,0.1413899505929879,-0.961598105571489,-0.0807659312543815
0.1108498294860694,-0.9639851039684396,-0.0585897425937153,1.891501446670954,-16.74684293768398,-10.875559323388105,0.140561844761204,-0.922574251774769,-0.0845251492749527
0.1144434545477239,-0.9395575124779092,-0.0640114396638553,4.421194330144977,-12.485986990662369,-10.440713359658016,0.1349424124929001,-0.8985526980024192,-0.0960727455291255
0.1036213854749745,-0.905900379953354,-0.065818559492138,3.224182523654709,-8.260015127502713,-9.392538961511155,0.1279364121247841,-0.8785359797962964,-0.0971294456745586
0.0818894490860332,-0.8884107271333466,-0.0470073460451787,0.4226065094199544,-5.289738256938542,-8.042686765022566,0.1140295372658738,-0.8641975437958835,-0.0752507932233473
0.0669208642460501,-0.8981547743031655,-0.0235974504430685,-1.4552827200721656,-3.197188229035681,-6.219222585397136,0.094203289972077,-0.8601001892677644,-0.0552649136500471
0.0479464910847313,-0.9081485866920672,-0.0161226819777729,-2.557634584055759,-1.7871620750908004,-3.8731444390907503,0.0738606452938894,-0.865312340831248,-0.04276043239487
0.0270407541026349,-0.9068159857307648,0.0004448702996231,-3.619747354895721,-1.316546160806608,-1.7415834451486687,0.0576882904135192,-0.8716614220769364,-0.0346764109935141
0.0238886201567784,-0.9198818578198034,0.0143614705663388,-4.479416180006279,-0.9050618953699374,0.0849318545438069,0.0511944717649469,-0.8785278857194707,-0.0296764460277983
0.0177378175014548,-0.9287411281660602,0.0042994714049103,-5.092163837245908,-0.2861183011986342,1.474278542873922,0.0468249754175753,-0.8863042081457018,-0.0249474441644761
0.0030299910372522,-0.92668421236367,0.0049179251171532,-5.853827185527819,0.0008905466943727,2.29197208140262,0.0422728515990387,-0.891932185522603,-0.0203782215816091
0.004584308717132,-0.945809337040262,0.0126955923722806,-5.897511616382209,-0.1704674415762312,2.913392441273633,0.0374333255874227,-0.8970012023681246,-0.0139765662371312
0.0083640375323186,-0.9526620443263264,0.0094076700515385,-4.527682219777882,-0.2989975045455221,3.4497078620384154,0.0363600318645214,-0.900904964612482,-0.0157317786976405
0.0124576181448608,-0.9514957840478372,-0.0001991979586826,-2.786510422391853,0.4904230675626638,4.001411091778452,0.046940200017123,-0.9099310255332118,-0.0313101485588861
0.0201507468746274,-0.9626591405682096,-0.0108917195371587,-1.405917240802404,1.7886392465496128,4.503094508356417,0.0514875674124921,-0.9187584152454809,-0.042672316828702
0.019315919537242,-0.9631399174284068,-0.0132670088897813,-0.0247488790648956,2.143742543666664,4.8053800342765145,0.053856093893194,-0.9217981326133102,-0.039887831265103
0.0256042401802888,-0.963474640129331,-0.0212892455954173,1.5957858951827133,0.9592944152538504,5.022650770851842,0.0606971773057474,-0.9250370036385416,-0.0488068480742901
0.0215951936392909,-0.959077120083666,-0.0392880000227018,2.536288897620294,-1.3495028031984664,5.136565255990726,0.0543909623879452,-0.9194835788214176,-0.0668943304644668
0.0078459767318843,-0.9445342668448544,-0.0468601506979903,2.0063388982120145,-4.405018391860434,5.182915754518187,0.0459851117918919,-0.9053937579353444,-0.0720572833195498
0.001316495705858,-0.9432019244735546,-0.0307886327211898,0.0277732901657451,-7.576070810671971,5.500747843413853,0.0323288206626755,-0.901626260995432,-0.0657385285476952
-0.0259725671902885,-0.95925832807115,0.0116951381342133,-2.493115351053325,-10.017195824355522,6.322205801353772,0.0032894735647532,-0.9217565647173124,-0.0284069069549195
-0.0452565058218858,-0.9826694384271882,0.0475804942322273,-3.658927389327188,-11.346506842803697,7.677666824871107,-0.0179122806769855,-0.9604318106746232,0.0114343651827953
-0.0429394382897356,-1.02435808318711,0.0445805165390166,-3.1355103402538305,-10.961858778772374,9.55747227394064,-0.0211828938868686,-1.000643630062738,0.0130563140982927
-0.0306284018103154,-1.0700598116681257,0.0291529857147671,-2.105215861576179,-9.846323410119467,10.92654514704621,-0.0095969983810004,-1.0319740556229453,0.0007346179080892
-0.0024248471983397,-1.0880567647550232,0.0214494340296354,-1.3878167576707243,-9.930252617159567,10.583684357416866,0.0188888671628524,-1.0538852214273249,-0.0129042161142536
