ADXL_X,ADXL_Y,ADXL_Z,ITG_X,ITG_Y,ITG_Z,MMA_X,MMA_Y,MMA_Z
0.3705374824857599,-0.9156389747628748,-0.2814944340735252,-0.6488044556261693,1.5413170781940593,8.218786019890443,0.3966552221398247,-0.8656295872855533,-0.321297139010069
0.221157811653124,-0.9805656670921256,-0.2837997101729755,-8.56833149804276,3.352995422734225,-2.4671221810577544,0.2714417834743018,-0.9485481744036856,-0.3329435214283048
0.0522557739867755,-1.0742366687557383,-0.2979175999998756,-19.640812146550047,3.457042502880933,-11.6444171577534,0.0909551690730799,-1.0458700555337908,-0.3419868955437021
-0.1185695793052043,-1.1514261181469885,-0.2907046379733459,-28.551041669700968,3.365677893459843,-17.92179272763416,-0.0826569983906463,-1.1123549383837137,-0.3291905109272971
-0.2410785808930851,-1.1568104545591291,-0.2738348951171242,-31.628047550439028,3.6020717176428696,-20.438107630705996,-0.1983174730766484,-1.120944925163415,-0.3143712650944859
-0.2797319637960144,-1.124136047749876,-0.2459332449506463,-29.32359366666156,3.954025526375925,-21.191422608992134,-0.2437060824427083,-1.0929231393140808,-0.2849004913194326
-0.2616984980027722,-1.0446899765771165,-0.1933135155804601,-23.24189441988499,2.7771474925778934,-22.02910908327891,-0.2305941335470238,-1.020737941301615,-0.2472750862644238
-0.2328731118172924,-0.9459010520996716,-0.1507932363669827,-16.114995549565165,-0.423538754870824,-22.37658519599449,-0.2044919817166276,-0.9041653310275026,-0.2039022941054812
-0.1877045797671875,-0.8375221679869838,-0.130673630106683,-8.785484802486021,-4.3685217163188375,-22.365687100596965,-0.1491496873251154,-0.7934639329470992,-0.1723489339512817
-0.1088641958284376,-0.73642741817325,-0.1151896764115645,-3.339593985422353,-8.768995561756928,-22.521164253418068,-0.0721608165896501,-0.7154014951723924,-0.1576521526965689
-0.0272143184428085,-0.6973213479200581,-0.1040117833464592,-2.422130438677496,-12.410009322650724,-22.97160164745538,-0.0007276103615949,-0.6716846289126172,-0.1401992240455828
0.0351727143626315,-0.6848607465474434,-0.0986189458123187,-4.193075047358779,-13.92438568996076,-23.72243574511492,0.0608951323414224,-0.6526722036882231,-0.1413026676746211
0.0901516301605595,-0.6900097181683791,-0.0956147210464505,-6.120795683596249,-14.35657696772868,-24.296627290568253,0.1079170638230346,-0.6550913254574701,-0.1436643793504194
0.1479017925316733,-0.7116528212493423,-0.0901271539969455,-8.30306926064547,-14.267880210605094,-24.586694911070357,0.1640428146781575,-0.6807876395543249,-0.1348575833344799
0.1901586671843743,-0.744864399803354,-0.0873226248023666,-12.048363201066287,-12.628754153593192,-24.830777984001053,0.206634179579192,-0.7163803170328221,-0.1268745628372451
0.2186850876240554,-0.804601436722225,-0.0754615253710234,-16.922118584119495,-9.217292755976311,-24.960814653930964,0.2337543720942711,-0.7688771766557743,-0.1074459797664943
0.2414394728775514,-0.8569735563418834,-0.045163251129101,-20.996001297759605,-5.440008293910371,-24.60401368585148,0.2581128387373519,-0.8226742184900917,-0.0844171416449386
0.2357662925575885,-0.9068224009279152,-0.0200083273554209,-22.551992440744467,-3.1387696035327792,-24.26233332626311,0.2602908819111587,-0.8555045747400305,-0.0681738109898413
0.2155350191908718,-0.940302827258938,-0.0264475911839862,-21.210534444470344,-2.0137735616064862,-24.26591856463982,0.2487595085561092,-0.8819028744883385,-0.064696736866526
0.18009058954394,-0.9274907126729978,-0.0288601915016485,-18.996172566536917,-1.3809383486110425,-23.376926981891124,0.2081921401397789,-0.8909655064154716,-0.0551057544929351
0.1210718915795695,-0.912189406488578,-0.0013691108087149,-16.687229000482503,-2.0757554821023687,-21.201276582426683,0.1514970545407081,-0.8720353596033952,-0.0369919507193349
0.0471010960891969,-0.8784400364531941,-0.0148914168121032,-14.046582785404269,-3.57363656573138,-18.05131674231249,0.0844123927074971,-0.8397380116355411,-0.0474487664402163
-0.0221949107189405,-0.8189633469920471,-0.0391874106911853,-12.59372698633474,-4.680793122196986,-13.618423381398893,0.0095587596983336,-0.8058563286274242,-0.0633181468598136
-0.0502579581936045,-0.8078708248878409,-0.0237577812601354,-11.4845144053508,-4.84730455089862,-8.78309378880816,-0.0254071214867568,-0.7867919231071427,-0.0539562929443893
-0.0606045826535985,-0.8136049383219585,-0.0100684191890624,-9.795458085564038,-3.7774345708320713,-5.3732989901541135,-0.0377394090132041,-0.7833754415946784,-0.037768198377537
-0.0453246258963425,-0.8103187689343919,-0.0029352016346816,-10.936763088047584,-1.8880022199026116,-4.149322312165686,-0.0213147985695822,-0.7904993302601264,-0.0421167845571488
0.0050439343840482,-0.8507125730239943,-0.0371037356201612,-16.37231544428494,-0.025139925937324,-5.163466760531822,0.0315739800349961,-0.8227137398813926,-0.0747951243715909
0.0463973771594313,-0.9042728894835934,-0.0805018753586213,-23.28592449105745,0.4357170152661817,-8.068904663695923,0.0767605152181376,-0.8721345417289712,-0.1108804479461571
0.0679954978386628,-0.9509048944270116,-0.0893841831686474,-28.206474346515783,-0.4571450869988845,-11.659012457962358,0.1027981236236141,-0.918500250368356,-0.1366896223484025
0.0518321715950049,-0.9919421084098652,-0.1033071636078898,-29.15881964551088,-1.5868579454535885,-14.804818231050524,0.0884397065526446,-0.9591372249465102,-0.144847656225964
0.0061604427876731,-1.0182488952896565,-0.0925345521835099,-27.289055394810983,-3.589232548443741,-16.794709181755263,0.0358686900938198,-0.9843122756663084,-0.1274222995962218
-0.0558081604309079,-1.050674622243602,-0.069143964431649,-24.37888778097332,-6.474087312646862,-16.878279511695265,-0.030844341998363,-1.0085638335108271,-0.1145668926546302
-0.119099292573181,-1.069366398292276,-0.0716833844701981,-21.96721496961305,-8.656691214925388,-14.828941285788982,-0.0877378614456517,-1.0424733473270869,-0.1146373882133612
-0.1413289616815355,-1.0862063788775762,-0.0642091445989122,-20.800188422532965,-9.665403566648164,-11.988352409982284,-0.1037088197933564,-1.061243741419736,-0.0934070599084486
-0.1194513559280034,-1.1155257367810123,-0.0286668678136871,-19.466173509319557,-10.534827743123982,-10.030569366669445,-0.0838184912844199,-1.0753651788778034,-0.0630270995999451
-0.0513757354816655,-1.1214531836680997,-0.008695107605099,-18.04771624154717,-11.298364519801131,-9.548932307659296,-0.0230268330462103,-1.086605463721751,-0.0482903676597155
0.0284883048348443,-1.120994735960293,-0.0205603560643257,-16.90720447808461,-10.545640459590656,-11.682315648847991,0.0601050594279747,-1.0828231633034622,-0.0427622497178322
0.0857973586120232,-1.1343077344822246,-0.0145571892703517,-16.653552068008217,-8.366366592035535,-16.826009804306942,0.1205991556794883,-1.0968410297473326,-0.0460167641597055
0.1323440604928087,-1.179486985857537,-0.0124841995922027,-18.698861396915767,-6.082180041311608,-23.277759261409383,0.1612201270649906,-1.1361058534901416,-0.0518879033826389
0.1251228719268006,-1.2375231229805483,-0.0334563053689472,-19.672410652022645,-4.179841940888517,-29.68408194487132,0.1638768458173761,-1.1827398515632783,-0.0630063898704754
0.0713509422182744,-1.270059393909566,-0.0626950584656118,-16.8891629370605,-2.1515776806748503,-34.47815603823154,0.1221641411173741,-1.2301290307602892,-0.1009650876211395
0.0431886256476141,-1.3058464095741802,-0.123098463468416,-13.84187850280638,0.1034860103615042,-36.14956789633982,0.0893281325933919,-1.2664325712943616,-0.1657413001119063
0.0186696850847472,-1.3197584039648975,-0.1611788075839435,-12.885743888015073,1.58066698431174,-35.305393250053164,0.0577657243512484,-1.277780797559636,-0.2043655133718093
-0.0066336753172371,-1.2978487474746474,-0.1631875972821508,-11.369273706121406,1.6678664723223884,-32.50858204430994,0.0254028601897876,-1.2519473574514923,-0.2009671345995424
0.0152022603043625,-1.2407296453057357,-0.193543129887263,-6.343366365320837,0.9324948662658532,-27.526504548525565,0.0472680246531973,-1.194973343803987,-0.2262718183317005
0.0552843532926101,-1.1047708552195712,-0.2492330377906954,0.783473461033011,0.7507550073948,-21.31409129762186,0.0927067061175645,-1.0822177083152185,-0.2859937982349652
0.1177721555084956,-0.9317520139003346,-0.3068936513333386,5.801900213642444,0.3467381845565508,-15.140469795328976,0.1463662669062541,-0.902942095596714,-0.3471898869637878
0.2027310154660481,-0.7731175094756355,-0.3417606500440527,5.477198101236364,-2.029144752882285,-9.740347055414803,0.2221629357037076,-0.7356906209506786,-0.3890726623101046
0.2460040000870943,-0.6532177778401593,-0.3351833523396315,1.2297464033277643,-4.990761226391523,-5.94926249866643,0.2685903847514191,-0.623212614456789,-0.3690122148760298
0.2646439653250143,-0.6056488646436622,-0.2680498748553483,-2.893198093321719,-7.884077817233007,-3.7699087260466193,0.2917545016705632,-0.5745995880207023,-0.3122403599703893
0.2360060604646471,-0.6340127645191217,-0.1824517960526552,-7.045356379853204,-11.259679526457669,-1.727795763593969,0.2677133262765721,-0.6070469544515895,-0.2506597705802462
0.1460339043790929,-0.7056784926512172,-0.1509674669930878,-11.920446784085668,-13.761249512774588,1.8630795925627075,0.1785550165175695,-0.6806900441184123,-0.1943063604096265
0.0837330691599206,-0.7722908058883939,-0.143765815676018,-15.19780946768275,-14.02255669214035,6.971292007352381,0.1123595531941304,-0.7445961326340909,-0.1806503999179645
0.0359925240225536,-0.8097106422132034,-0.1789950063446945,-16.93740001471133,-11.867255184547997,12.55041607650101,0.0642324891663373,-0.7811282180859497,-0.2198136355512093
0.0040936189365704,-0.8130098182297407,-0.2442152724346429,-18.883296572773943,-7.915308920657728,18.259205449491954,0.0322333188467506,-0.7923546251787422,-0.2787950718284078
0.0019550484919372,-0.7865816174238136,-0.2776722792741389,-20.15969917922692,-3.766940578454302,22.78783290253162,0.0253570941694831,-0.7675131015069121,-0.3220120806326142
-0.0062363006283136,-0.7217040042096279,-0.3413593946376568,-20.78240768304951,-1.2172017608443622,25.458161909898127,0.0126770366235024,-0.7033533743161511,-0.3811087975251948
0.0232893020289791,-0.655302488029503,-0.412928781743577,-23.29527502249147,0.4059111293441738,27.16679923332965,0.0452573280825423,-0.6395834482720828,-0.4529303353517043
0.0519095851702293,-0.6293181904851517,-0.4311936770392018,-27.291093802603765,1.1161867601622744,27.340534177344715,0.082160641431687,-0.5979811487836126,-0.4768060612364186
0.0753114969650334,-0.6168901169654957,-0.4219499125666928,-31.163298919864463,0.2771169886366046,25.68689537753636,0.1013430211669437,-0.5794737132381916,-0.4688528931607164
0.111669899609391,-0.6301693241211925,-0.3749031906600918,-34.11020178145378,0.0129129391511113,23.177432420100185,0.1290359374986717,-0.5903471809849608,-0.429649845100551
0.0920245140612876,-0.6788511214774766,-0.3231984176332294,-35.47976891718313,-0.8141279417678076,20.859529731927253,0.1148885638212374,-0.6351519708931801,-0.3705882061553774
0.0804882316478454,-0.7546715887334323,-0.2953973838923748,-37.09837352734076,-3.155211827866152,18.61880702489547,0.106619691103361,-0.7149840096308719,-0.3347284397818141
0.0637722266724717,-0.83232158312968,-0.2643512501757725,-37.71667215060497,-4.143065125585697,16.319484943528007,0.0902210891382539,-0.7958154185999227,-0.3044827945675829
0.0137045180836263,-0.871252503915428,-0.2778327139153221,-34.47137303788502,-3.509558921617052,14.83005322551514,0.0387807110654144,-0.8407316469390278,-0.3136064080269486
-0.0159817578615274,-0.8973139959956022,-0.3096987015254203,-29.360696790249925,-1.1688935721251985,13.679702767386608,0.0023371614042152,-0.8469316635566292,-0.3404026413090221
-0.0468883730572398,-0.8969421612789701,-0.2817460499425949,-23.75692237651653,1.408197562534366,12.82224284756387,-0.0176797438615598,-0.8363427090225793,-0.3177351332289677
-0.0652837556767978,-0.8402949918432834,-0.2346171731586502,-16.348865261569085,0.6516870594738833,12.391020518069205,-0.034393826980212,-0.8050835609860616,-0.2835975115229207
-0.0801443265487354,-0.7495175368334819,-0.2074712786821798,-8.580155140401235,-0.5385857121521122,13.049217545254152,-0.068358258418599,-0.7241393993571851,-0.2538280505647829
-0.0881964294402375,-0.6428127103726239,-0.1912258043210025,-5.186591501523869,1.4601428456531504,13.716293619841204,-0.0698939115685373,-0.6234073666577312,-0.2349129236341167
-0.1013812571436315,-0.537088400793615,-0.1513627437763848,-5.190386542280508,5.286525972299023,12.898126782769356,-0.0816540119102373,-0.5192771795317657,-0.1965360930085609
-0.0874257992722056,-0.4737629743785467,-0.0384476488009053,-5.170727572358567,10.25574538138847,13.490519506251095,-0.0785481742105097,-0.4518797757359746,-0.0815680963193614
-0.0498450695764463,-0.5079593042705279,0.2108476510226238,-4.093848830837268,10.827285748410224,11.527467885226647,-0.0221753086348945,-0.4832714338860826,0.1607002924285491
-0.0747108887376883,-0.5513436501763553,0.3962088092271976,4.511041578032179,3.168641187609079,5.689236893117751,-0.0404452141819438,-0.5193020500395897,0.3566221029508161
-0.0193846147734068,-0.4940563140741416,0.2753629249558808,16.455389085261057,-0.2805040907946793,3.544654729367972,-0.002811855922741,-0.4726136113074949,0.2396644968965197
0.0802533129188929,-0.4035515106979642,0.0354130154208612,17.413810375571632,6.375059268997412,3.871778017869698,0.0895360414743252,-0.3890372512400025,0.000561879354927
0.1286147760363526,-0.3133676442345139,-0.1942102674404741,7.463656572244539,13.28375839545167,3.852525904575856,0.1381776191434138,-0.3090081623016734,-0.219734306864381
0.1743415122136591,-0.2204030911394258,-0.2846531337817314,-6.954471356658373,17.830866638917353,3.6130918609632863,0.1902103363709369,-0.2235647349376155,-0.3180261897508605
0.1521335143674643,-0.1762549047617231,-0.2776161630085438,-17.628889120854904,19.055771014726464,3.327286080885548,0.1729146011497323,-0.1533930904425,-0.3026596260167908
0.129663706459931,-0.1548286454034259,-0.4085573330539304,-21.03897155267117,17.634666265005926,3.797703696591905,0.1428506629672497,-0.1303262814256186,-0.439288904740961
0.098369770232292,-0.1681007524958236,-0.4730523930929651,-26.875273708011093,18.71873222160622,4.327246744108453,0.1082988073421729,-0.1494379134958257,-0.512154705178897
0.0335156027092447,-0.2293190431783034,-0.5117539819469121,-33.88986624724176,18.19460374345545,4.91254704097164,0.0564652919154915,-0.2060936987029735,-0.5535083407684938
-0.0256181706311042,-0.2055046363391769,-0.695008760714758,-39.82161097132033,15.331630090158754,4.989285281147826,-0.0011495590484331,-0.2043743271779544,-0.7422544388587049
-0.0608027080425282,-0.1317945087828339,-0.8135069594942322,-55.56016597229838,12.088556288226922,5.318556495345096,-0.055384364814043,-0.1253650909272866,-0.8645362392570902
-0.0517390399418881,-0.0553551778266518,-0.8020285692066709,-73.99319846528243,14.16298045445876,5.17580492664471,-0.0460756574024343,-0.0521000181385441,-0.8635220471234786
-0.0333927061089577,0.0069869478363202,-0.7628572420628645,-87.94845850673056,21.46692875073985,4.954925425618533,-0.0128089712496258,0.0047300523959368,-0.7941233991133735
0.0391225350269726,-0.0752850400314199,-0.6007488973550645,-98.73787492814174,21.555823694747303,6.209789899201217,0.0655313198227965,-0.0499664381447967,-0.6505424849371484
0.0537578692607696,-0.1141845332164717,-0.4873816681309295,-100.28376300013048,21.55813748806037,7.635162415197371,0.0759495429300265,-0.1032656496702412,-0.5341842074852703
0.0649045760978807,-0.1362608977630106,-0.5246861481568909,-102.10612695123471,24.92927547691958,10.850860649465062,0.0776018885696879,-0.1046517964069107,-0.5572582989109958
0.0488034669118705,-0.2630747299677387,-0.3088949646497499,-100.67534127242824,33.178592182870766,14.977729905878922,0.0636319360460419,-0.2198484622332868,-0.3956213303881344
0.04018692196365,-0.384786720086024,-0.0466211541626514,-95.02203720602412,44.02993139738041,20.938869056981467,0.0403926183383065,-0.3498537467039582,-0.0971839176165222
0.1988360501687672,-0.4670919111111721,0.1087960493580941,-93.49355722365668,50.06306541671784,25.27684186260545,0.2121232671664089,-0.4240003970304259,0.0774923968420179
0.1813149712800808,-0.3341982594619166,-0.0028024192815413,-90.62161635644284,53.76061524584909,23.083509215248604,0.2110608322957899,-0.3303846930193861,-0.0193553974406436
0.2199349847516758,-0.3627557149470535,-0.1661041600224807,-98.72218244418087,46.47273468440142,19.250293961956856,0.2151783581864741,-0.3231331567537822,-0.1894691377249926
0.2028792065254153,-0.4648215801325495,-0.0686858703177671,-102.85986144888084,48.851815496859686,14.945397687089317,0.2262403484275399,-0.4464663687530864,-0.1016214657219681
0.0777608820474815,-0.4766462842214505,-0.2213883978700464,-109.9670187305943,48.89379495574613,11.454842445464744,0.1074788066364218,-0.4598907829371979,-0.2340301702966168
0.0013844996537864,-0.6550439988239777,-0.2241534135984795,-124.04477988596209,41.59498377137585,1.617439163688298,0.0339756097527494,-0.627708181708997,-0.2779973135393832
-0.2274759274858312,-0.5400596600082552,-0.7286372290018392,-136.541860185672,42.64346905074282,-9.371559283816444,-0.2015225854883547,-0.580388307091293,-0.7654923226752428
-0.0155620967690155,-0.6720203058630956,-1.6477758426388356,-180.8543514519087,34.179979002131454,-16.626981045175032,-0.0391194899484358,-0.6275319880408937,-1.7357942788495992
-0.1041323591860756,-0.4388979190091254,-4.186079945367428,-216.75384188422936,63.211692197391685,-28.51052067006176,-0.0834620228905159,-0.5216950237987756,-3.966237389073139
0.6238530345218118,-0.5371017170819428,-8.297118328443709,-322.78793202310965,46.43542979189888,-49.11005319695853,0.5349585415444038,-0.4561950192703736,-8.059202252082242
1.822434753476441,-3.609170660277649,-6.011665077073523,-502.618317007838,-15.445050408598847,-122.83200529316512,1.818652786257735,-3.08774708547522,-6.492397801746683
-0.1537103747373275,-6.82240083934569,-0.5951535108430817,-517.0203122063499,11.16326787412677,-182.97512590059765,0.1833046920965141,-6.542436577508334,-0.885043740171085
-1.6796424040266849,-7.363543380656264,-0.5798668729892168,-401.1443556222437,-12.484764184881444,-118.90226217422833,-1.427965478089697,-7.239968487101459,-0.5278184773266877
-0.7543608344814874,-5.541929652236624,-1.2307197262951224,-282.1323712233135,-83.92117313055637,-25.14362363036391,-0.6258231383675148,-5.361521955515984,-1.4046791391479556
-0.3737818476406516,-2.414457114987946,-0.3046568624913257,-160.97384437214902,-104.8427511480456,30.70652803541703,-0.2646042487761937,-2.365079428236992,-0.4174870184346484
0.3691613640399863,-0.31442697345604,0.8316706168021702,-59.45243755891455,-125.47014509713472,65.9179900150774,0.3173950394721572,-0.2653178065030117,0.7261012795213414
1.0728541400416776,0.8903685627773494,1.5340847847165806,7.054242028116902,-106.65845800973632,64.53715210389657,0.9725473599469436,0.8278567278373301,1.4860096157924083
1.188847941736849,1.6919762195832808,0.881693593117334,-64.73803843317293,-55.94539524600216,53.82461430682096,1.086346780521584,1.4097728973312704,0.9052653179094766
1.4992346120418365,1.2385457556073762,0.959237086386212,-260.6624252355378,4.884555225379907,34.4664585635012,1.3989729202123715,1.090762582691374,0.9657298863492731
1.2964802658407075,0.1914679139841332,0.8903300923665006,-361.4062869636599,57.48585760106435,-4.822640033756,1.2872790128164358,0.336832040614459,0.9936269102049432
0.7263917430559779,-0.3217241072229976,-0.0640421576690855,-337.7417988345886,74.04698175931007,-27.051375506895084,0.7746783195680135,-0.2315833581776199,-0.0082686903810134
0.169757215965733,-0.3339302524255942,-0.2996002223976616,-330.12131291394746,93.6651231601966,-21.9402891081607,0.2100988396011948,-0.3255786432843767,-0.3266875727017506
-0.2156278999443633,-0.1695266257839873,-0.507356071148487,-335.5454157008345,99.88057605218432,-19.80070320381931,-0.1796657986236018,-0.0998479931065989,-0.5376419563362789
-0.4422597955552098,0.0355665516026626,-0.6493023490057358,-304.59376578599694,87.83112300545099,-24.297865966093227,-0.4178343945203159,0.1280535042074113,-0.6835232384799266
-0.5844660110324138,0.005659458169392,-0.7072857525009835,-235.9213749648062,76.55979012898588,-11.394677650632396,-0.5625490907763526,0.1500000490977075,-0.7487146083109828
-0.4514469409061203,0.0206955214294067,-1.1439331719603445,-144.6307768214904,62.23026709400711,1.349198464544248,-0.437610975428463,0.113013651076665,-1.2002034495006728
-0.3645716263184492,0.1507541990675144,-1.1952750720414933,-80.30566203420196,68.05126349476285,0.1327615449560505,-0.4010565323198279,0.2069760113328317,-1.2628356275836758
-0.2202800450652086,0.2412713844067712,-1.1469013808361057,-40.00707948785955,88.64292541486994,1.1915813524775178,-0.2389916205166498,0.3087625091191301,-1.222389545924799
0.2051914523969837,0.344335343966284,-1.020490999862666,-12.305436143557086,103.8243837267893,2.6934508706621645,0.2327202420372636,0.3796992171517215,-1.0731607759748187
0.6641555957786729,0.4554925848637319,-0.6682197499131854,3.42983178302938,99.70696015449732,3.115761595359798,0.6939945787422804,0.4933673450979243,-0.7185921728251836
0.810411501363526,0.7349961340696243,-0.6515905712066814,25.51338561721745,69.24958284888426,0.7577170442556769,0.8343566990247739,0.7272671452483767,-0.7037681168334464
0.5458202813351457,1.2024739103719502,-0.7790940065254228,38.23513455196503,42.44243871572317,-2.0405976544527333,0.5571845400158423,1.1337287153236053,-0.8081618777437912
0.3832983417907269,1.690440299597845,-0.8776812351141852,21.993381477624148,29.691455716316703,4.989693899453208,0.3734271738297459,1.6081269468046324,-0.9339514102719018
0.3030545308910375,1.4739219835407196,-0.6720260747680997,-4.7648375985943945,29.00600263920919,13.49846519227585,0.2509792839633847,1.4526114386271445,-0.7267445406691151
0.2338639937911501,0.9326310731916724,-0.6871007281425445,-14.326789773143387,45.1804282601364,15.494921093016975,0.2109055540099833,0.9221686592962788,-0.7212051351795119
0.1493153341303059,0.5729400816841569,-0.5000805532893904,-20.92136933795557,50.53817792050871,10.805178973094325,0.1473864435302806,0.5895764328902825,-0.5690216567138331
-0.1081632314921464,0.1971686845686062,-0.2267156054936631,-0.2725078229157658,46.22570449131356,7.6585797265080755,-0.0909529973755329,0.2646894539999572,-0.2640697239760659
-0.1818763754563331,0.1934294266889583,-0.7098469264746353,27.174150506051514,33.29472600745748,9.31762881130066,-0.1170109596388639,0.1930547293962432,-0.7604113787983791
-0.5521326373982033,-0.107431645841639,-0.3850197503230929,43.170300647888034,8.71799467059323,5.354778571117608,-0.5717200165089447,-0.0151428961140213,-0.4461814419062949
-0.4937882744758979,0.2067503862247598,-1.086846428447966,75.78342035968099,13.315442238192068,5.767934586781673,-0.4200195797494138,0.1686928620702181,-1.1321847691944835
0.1446802932018555,1.1381341322261975,-1.7436213096452493,40.5903659456344,-34.58306231303214,-18.78503605636144,0.3899102965170374,0.9357303205435984,-1.898271220521037
-0.497049610772551,1.122253682531038,-0.8933039290295781,35.389314798808506,-120.15147686834298,-59.95919909101928,-0.5329433998966896,1.1218776011772933,-0.8141278416677911
-0.6078592921602155,1.0802146724844297,-1.2212658496034845,70.02274268019089,-21.438619889435397,-24.826684132870668,-0.901856954506594,0.8832512967548922,-0.9714254594623544
0.672708526561301,1.4230075937718984,-0.8169982329389264,11.728202779921286,65.84142769505814,1.7085484364464143,0.6805176679573312,1.0418735747897945,-0.8345062412213313
1.1392461136809189,2.676312876879796,-1.5220309370270124,-27.92897809995268,-107.87561362450477,-55.30435296918653,1.165636723102094,2.5037501042266816,-1.505936438390981
0.985817077063578,3.15175857077472,-2.398046713387541,-68.298742866474,-178.41699298537807,-57.85771996055644,0.6641409952254347,3.1354606003020784,-2.393810180311524
0.5021718886863877,1.8330579379557257,-0.9035686706783316,-75.62802634779442,-42.32611938827894,-18.40705614536936,0.38339078110963,1.9256530522028417,-1.0438912396837954
0.1103395387682179,0.8310376647790327,-1.5925728545658175,-13.708542074206616,-8.75643443592084,-20.204085657002768,0.1440422109773332,0.9100390725534084,-1.631925524274663
0.4798004311684299,-0.1298613564786875,-3.2379670901086914,-25.493103306800897,-47.1145897543076,-22.752073223098986,0.4484939642375929,-0.0916046812555582,-3.3484220318915257
0.5457705727667221,-0.0743784002253805,-3.737901746185728,-52.04666962543255,-76.63711434825277,-25.732165704091063,0.5546281363957145,0.0254445698016031,-3.9446526586117545
0.3739095434122628,1.1850216841138792,-3.4880261611885035,-49.367871482665095,-97.78611153541526,-28.082759005812157,0.2313932611590291,1.3135147004544434,-3.638078423041637
0.3759334635026942,1.6367241535545831,-2.7136853395089906,-41.7002496172481,-66.9210793120997,-19.333388319780724,0.2524386361345607,1.7280472975808925,-2.8761344485632563
0.1564671186981691,1.275681559693001,-2.3130175033949407,-35.00381600577351,-26.510876850208646,-12.390610731585925,0.1224459965613545,1.3549151425146777,-2.483222088218689
0.1847248721086116,0.7816287311970558,-1.7694512216097005,-48.81396768888006,7.955306724141639,-1.431855122349125,0.0880936988335442,0.8685001029216637,-1.879665250413545
0.09546352832308,0.3394750045189074,-1.3764214241993835,-59.95442314340697,38.13452940400175,2.645680292787038,0.0728360882601764,0.4602826831882229,-1.4660747962875276
-0.2728020467245089,-0.1821566421184573,-0.9453214693357864,-59.50627306201672,47.70344739147858,4.291721356018994,-0.1913039178132189,-0.0387829131852945,-1.0773583565206355
-0.0431435469918413,-0.1812764345464801,-0.7304504908327616,-34.69798776275698,46.17100572144154,11.829260143852313,0.0298267198170134,-0.0943581714672111,-0.8308070116931603
0.1614497224510899,0.1196007713550259,-0.8909011504971587,-12.506427847019443,39.81095328625199,9.413367154250704,0.1962482126463424,0.1589357467315878,-0.945534837838589
0.0999474427713274,0.1212123829076263,-0.6646968065081351,-10.42217453695974,27.52007322192768,5.96557625464106,0.1317450786380575,0.1377671011983053,-0.7464635697411208
0.2736072070453536,0.1614777304737679,-0.6208152495842212,-7.880901511651994,5.830263055590994,2.2266246629481903,0.2904861973742929,0.2085219037969083,-0.6960699486902132
0.2624394260503828,0.3429623005376976,-0.8865107057364052,0.2354627812811166,-4.300244652673869,-8.130405037251531,0.2491310293124861,0.3944047544834159,-0.9323553815893686
0.1143215233008407,0.5745873731504557,-1.0485747383318516,15.897907500444791,8.199596903204979,-8.995803327367424,0.0797271107117272,0.5685023947052492,-1.1083386284926031
0.0691154005287625,0.4077714582599226,-0.8092566397078562,8.919732571814777,15.786004743076218,-7.269018549805543,0.0525980884223341,0.3875303148287011,-0.8815332585688205
0.0234118025636101,0.3573454897069521,-0.6140534598846827,-16.65410357351924,7.350222576874071,-12.951470272984384,0.0393397338313714,0.3217394389055954,-0.6700423074816384
0.0120915790273585,0.4722505771129952,-0.6644523573761816,-28.17405626023372,1.4082034526997578,-12.00259829265594,0.0063264176194155,0.503226254199602,-0.724032923024327
-0.0001576342562832,0.104849056700589,-0.5642920956253084,-18.62172284746944,4.269428369254948,-5.208418983333963,0.0057340411893072,0.1902571399068903,-0.6174993569102908
-0.0250960900211599,0.0078330162159825,-0.6585155753605885,-0.0449720479501672,5.496611086422324,-3.8097927240496015,-0.0050061773609367,0.0353601225753313,-0.7007997356660944
0.0436753724291764,0.0752043863110826,-0.728552428094446,7.728033339911714,6.6517996795764525,-4.685647740732677,0.0422069197179052,0.1073728995990966,-0.7847095791449734
0.1932371628823407,-0.0134921711482413,-0.7163617374588931,12.55557818939564,8.327872426682703,-2.9234395634718817,0.2039101701889431,0.0199649914374175,-0.763907310602256
0.2108166830409862,0.0895561592873689,-0.7675193414151896,15.872271540170528,5.5401039357546775,-1.1921053352282696,0.2224119446649454,0.1108754272843122,-0.8159854676069718
0.1385784404189854,0.1527658124153609,-0.7137972463587926,17.377213642141307,1.057525278661596,-0.2692824109451247,0.1428197156093812,0.1926817182596956,-0.7646552582860426
0.1175465913487508,0.182019356396908,-0.7868348440583907,23.674895898216988,-3.1252211224674578,0.7746785282620866,0.126337395095353,0.2135002288856215,-0.8396227289491238
0.0795249894510269,0.2305024346202796,-0.8371553558697397,26.49567941764142,-6.233815817066942,0.9993733707283928,0.0780707136477521,0.2649247887572633,-0.9088129316480128
0.0646552037825247,0.2237543295156587,-0.9125498298223764,27.95902274249981,-7.942313565655525,1.1662468959709602,0.0578117951947933,0.2554808623891846,-0.9621790618100096
0.0748435295706372,0.2430031505426416,-1.1063774483449995,29.500544019709807,-7.468134053816811,1.463864610662088,0.0739658542454696,0.2629479796199672,-1.151616145405674
0.0772644006405965,0.2353936113269613,-1.1729295613509871,28.03002933238606,-5.18665329799815,1.1990636028078927,0.0685509534771708,0.2652042946781142,-1.2461252377227372
0.0984043177693435,0.1885470054648725,-1.2137607544025273,24.22360664188063,-2.9544214008188074,0.9793102722649714,0.0844372865010976,0.2195374563775876,-1.2849622865246006
0.1060745019787768,0.190100144157385,-1.21741203165673,19.176491885198967,1.1993039912796717,1.0722963569915902,0.1035295159170019,0.2074470555918228,-1.2894607615209104
0.0998973587342057,0.1936174419332614,-1.1762307692713774,14.438046961229537,7.338892156382455,1.677398177670683,0.0973591407296854,0.2161724641057483,-1.2436236174275574
0.1156192910379054,0.1831667858657073,-1.1293992427584425,10.0810856252209,12.139629624983211,2.215773482352208,0.1061792664494545,0.2182781613081821,-1.1885420853351063
0.1396200511554977,0.1948106361133929,-1.0410886412941085,8.167777816215896,14.087810116153756,2.032657160132527,0.1285058636790259,0.2268807799943611,-1.105215641507232
0.1354580841809314,0.1682927497817775,-0.9983430747461411,7.034449171120328,14.77485557866495,1.636031554711581,0.1312154131955265,0.195098522638314,-1.055957498489206
0.1294363946418431,0.1481988883898508,-0.978551606460552,5.527756100994446,14.541717309850766,1.0495415479318673,0.1312552237381948,0.1740549791899892,-1.039569185435125
0.1230200393179347,0.1427608200034018,-0.972253680546962,3.989329473367437,12.993956637519403,0.5539726778852256,0.125080775459178,0.1704349975766058,-1.0331947533523749
0.1136136254387672,0.1518854133629106,-0.981842105241187,2.3165928816128845,11.697955949765786,0.3431527133429321,0.1200204527899563,0.1757001262953232,-1.0365230587528824
0.1188141883142047,0.1733891446357779,-0.9701144483127196,1.9498045354160751,10.928582658131289,0.2826358541214225,0.1187931166966245,0.2009878740588453,-1.036725324196937
0.1228666828668872,0.1511839716864717,-0.9567248020044532,0.3689725235049193,11.361358241916186,0.5853658419731744,0.1204430194369959,0.181897221449483,-1.020348476223111
0.120970987243496,0.1508966803417217,-0.9315900350894156,-1.3112824925701734,12.600457394920364,0.6714204483199956,0.124200218381322,0.1797921963364452,-0.9971734547574926
0.1098160755368935,0.1543684135990997,-0.9235688536989732,-0.5224324016287606,12.803614430316149,0.7029388964629415,0.1185566676114507,0.1879804709543285,-0.996796653852981
0.1142882842842929,0.1512179519832091,-0.9530612998539016,0.1476847555077201,12.717058513167016,0.993328908520206,0.1249281335021746,0.177094414434577,-1.010781522294411
0.1203955106284182,0.1570784055822223,-0.9514633890801284,0.2878435368011807,12.98362409971592,1.0179339104737182,0.1202663586063055,0.1821895373704555,-1.0080617135653682
0.1246683998875565,0.1471893728133263,-0.9195558600602532,0.6010009103187332,12.311809040496614,0.9592494398498618,0.1239134167120139,0.1798669172450502,-0.980204339869597
0.143881921938393,0.1490388094346895,-0.9159436136841086,0.2635909049447092,10.262773155773491,0.8296922522537161,0.1398655860667976,0.1860164347601896,-0.9757643462051836
0.1352868277081768,0.1592981845704805,-0.9298120430626464,-0.6299149837756455,8.584759981549226,0.6951347779680775,0.1303772017936488,0.1941184886158606,-0.9943891417124102
0.1335281348307365,0.1633082167343699,-0.9453443929951796,-0.562874355312258,8.196633968218109,0.6479325647274531,0.1359021680212468,0.1955679780347549,-1.006897478964928
0.1471341368710553,0.1539440507474628,-0.954723567828338,0.4849885004502817,8.227038034050228,0.5861949284202729,0.1417835384909043,0.1962640755881304,-1.014924367453775
0.1411664041169617,0.1650161156823765,-0.9517966067271536,1.006099662112831,7.951748774050152,0.6423484437182648,0.1377503757399215,0.1965019226161774,-1.0091434141098845
0.1434447379067752,0.1750753372609766,-0.9505152246823358,1.1718849581582191,7.115391401507087,0.5929025000260462,0.1438199584694352,0.2026101018264535,-1.009026680618234
0.144400538004644,0.1671860927413384,-0.9636564395514488,1.5351923298512675,5.983626091642488,0.5093852152167275,0.1443210771031943,0.2006807407419352,-1.0231395882591348
0.1413314827318163,0.1851586142396779,-0.9851896433278045,1.7510999045195397,4.91412146323048,0.3637987912952005,0.146618119855939,0.2024903920354374,-1.0435968395939494
0.1486682214068179,0.1790477438659242,-0.9881777417169,1.3916163294719477,4.175156359887397,0.0772567104398382,0.14512194641481,0.2075504433119481,-1.0567209148873338
0.1490386503126222,0.169123720871325,-1.0050778909437383,0.468540671426447,3.9286969956657294,-0.0111626609320517,0.1421755220799478,0.2077822096915534,-1.0614375887445455
0.1458088983422767,0.1777834587788841,-1.0145535120660012,-0.5463303720377103,4.077355287877683,-0.0322906240295599,0.146243152729268,0.2083412859853656,-1.066067936917512
0.1442967560751485,0.1741320374291731,-0.9806065431442594,-1.2123961072897078,4.217435107681284,-0.1570870439395951,0.1451363713271752,0.2074590826916168,-1.0482164255448465
0.1375326140268494,0.1820345665376306,-0.9625862441616512,-1.4457160900765729,3.9218743924312007,-0.2717372053720057,0.1416472173854887,0.2053278369461566,-1.0239006586385218
0.1360058268314618,0.1695905297327975,-0.940178556875318,-1.4407710239410627,3.3080837625923354,-0.3074012269178642,0.1400188771998456,0.1981750902967343,-1.009580990556203
0.1375095136794883,0.1610188748542728,-0.9257911493202352,-1.2141678444919433,2.625281866313306,-0.3481654566339572,0.1380269238638013,0.193906020264946,-1.0046399792769058
0.1400599506838113,0.1711151718916436,-0.940198417050808,-0.8456006186318455,2.1269364559710886,-0.3711751471908812,0.1373144878424627,0.195668395422985,-1.0069678876602772
0.1441717315114599,0.1591518183249417,-0.9348910122198876,-0.4930758484264051,1.659163178348802,-0.37169202402832,0.1400089958480225,0.1967435136594371,-1.0001120942152708
