ADXL_X,ADXL_Y,ADXL_Z,ITG_X,ITG_Y,ITG_Z,MMA_X,MMA_Y,MMA_Z
-4.719067605267277,0.6031539166698154,-2.59442073039224,-24.555350586951523,-160.62368185965892,94.46873374028468,-4.709117297782559,0.6208442663946248,-2.6928100859321065
-3.0420297862862147,0.3359206036273098,-2.432084756644285,26.775980862528623,-160.0268325207802,89.47457999269176,-3.24100099003704,0.3184352843732615,-2.625498651263284
-1.3186725361825269,0.3194488519977492,-1.2681692377319853,38.72554983370033,-148.15551147154582,73.74032638744082,-1.5153604836279948,0.3130181748762243,-1.4559934423381478
-0.5066477359619663,0.1673896318766444,-0.1913193241275879,26.33740224245509,-121.6481271777954,-0.0927549306802076,-0.5501911187949237,0.1893690668889986,-0.2438172710574315
0.1098351675588533,0.2280839841661587,0.2275370214590099,13.444196047280515,-104.86873872413288,-70.92633685129248,0.0708575723070056,0.1977484402873908,0.2027004610484993
0.3983957380441432,0.376174419232243,0.4574146336579742,-10.606475413098009,-70.77629110562948,-90.62500187972442,0.3405905220742092,0.3559559509896072,0.420251255054098
0.5113066558650986,0.5476135016024576,0.613679342907765,-23.002078588183917,-26.001622637741423,-81.14507850284986,0.4685857936898557,0.5239124567817379,0.583562972504371
0.6672492499490268,0.7021192366709095,0.6589037421935441,-26.98923273715563,-3.2848697835465077,-56.6918321261546,0.6481760150945404,0.6703928387436665,0.6359855242535729
0.6028217897709144,0.679956765676728,0.4882327981150516,-32.38321942379984,-0.3097890529266157,-34.47989032056029,0.5835360947473889,0.6697177100756058,0.4677696734870111
0.3658134797517607,0.5026087094415277,0.1646826112662839,-38.10697415722076,5.550310044759939,-15.86064085786338,0.3463752058052504,0.4919971069535538,0.1309850791689526
0.0762468732871317,0.2095971086121284,-0.0828434660479027,-53.10904238051827,14.20359086896191,-6.108504329086719,0.0823628415732448,0.2017753279341733,-0.1093965726258664
-0.2681589355813797,-0.079446868805894,-0.2008472387078902,-65.77208683432791,14.820552066749723,-7.869459002495454,-0.2413074475571085,-0.0509601727632583,-0.2294224566599682
-0.5464314348534738,-0.2718954228246906,-0.1632883160668094,-48.08090691822062,7.830542631469918,-7.228247309767249,-0.5140732475429959,-0.2053830810131978,-0.2055992191678312
-0.7420714392530237,-0.2855441363901431,-0.0417141866734638,-2.922879581701283,4.095584212268861,-4.879840569322832,-0.7273107840113813,-0.2394889876209157,-0.0787911413410916
-0.9942296835666072,-0.1537826367175604,0.1538062575190323,31.958100265458896,3.686018180765004,-7.567069826374058,-0.9809065516263432,-0.1434010482475176,0.1320353317582304
-1.2307574844660931,-0.0334709851274966,0.4419112791149759,47.20430906146483,-9.63313691817641,-15.39088790453221,-1.1917727554617072,-0.0402336723777223,0.4153460251003635
-1.3797767652875144,0.0845427104525533,0.5881452901857442,53.93854076088231,-32.457878353131385,-23.29009549965592,-1.3263320090607076,0.0462762181393161,0.5574685300152271
-1.4123841630951828,0.2118718406100634,0.5128982084294789,50.89296321447547,-54.68366841403245,-26.510712644363046,-1.3642092385097186,0.1631869540982532,0.5076325283279759
-1.3140332019951702,0.3270235688284849,0.3624815049141933,44.79656754637578,-79.06114700700469,-25.8138128689659,-1.2899342153109157,0.2823390309922839,0.3600193983344435
-1.0951705913145386,0.4341025058982268,0.150444124739562,35.12233990093865,-103.13702630641184,-22.16400998224387,-1.0758601440828182,0.3708221392091926,0.1289601495905153
-0.7867985368757606,0.4648572484064441,-0.0178972962149475,11.998369438044971,-119.01335888682866,-17.592637842610934,-0.7676246275138305,0.4027047725474059,-0.0424134256767087
-0.5909575575223398,0.3914729035319179,-0.0130364483286609,-14.750575702044872,-120.28715821492636,-15.969079613557916,-0.6038587615515811,0.3548475643570344,-0.0351381923277366
-0.5823851725713397,0.2312671882121329,0.1084859938919432,-31.33606897113271,-109.61837405618915,-17.77569324537408,-0.5926456601208733,0.2315766970744046,0.0710315015129947
-0.6943089473330106,0.0364201034186971,0.2833307119896898,-34.681719557360424,-97.636876567622,-21.092709160893797,-0.6776749629635166,0.0632684416066208,0.2355075451904641
-0.894812565608171,-0.0546404063801419,0.3927996859289518,-22.84616301182968,-87.91336282791113,-23.32560986878287,-0.8884758476912253,-0.0404812820192041,0.3590436090065501
-1.1078065255522285,-0.0176444395049512,0.3665320127296703,-1.995050817315023,-76.58890814221787,-21.371460749479667,-1.1110064236698969,-0.0126117395822131,0.3358560153122698
-1.2860414644135272,0.0615013641241315,0.2796344982958305,14.947087290615322,-62.40485352482339,-16.828105923848508,-1.2853879672726796,0.0538538703632215,0.2479407977836695
-1.4064855257400803,0.1338469835122326,0.190522052014625,22.14516154098096,-45.73724204457558,-11.731507969455786,-1.4108876788056026,0.1055452865434035,0.168402997251111
-1.4358999670411037,0.1495492058161489,0.1371693698447548,23.661985388009487,-26.60429356205142,-4.839913438496623,-1.4470324343124965,0.1281111787057919,0.1152829071316273
-1.4138763533223209,0.1231690513844314,0.1122313387123593,26.820087510770215,-5.961223103214983,1.1835027233000468,-1.4176386547466815,0.1077204971460912,0.0843763364821185
-1.3595538976629162,0.0943330100012829,0.0667524909039522,32.513752489497904,13.23386127317674,4.02624854826079,-1.3534118950516472,0.0832488805709495,0.0440068522830121
-1.2543654906159172,0.0651264163486926,0.0284265769362487,36.84581997516448,27.129670834129357,4.41703483257031,-1.2516094759639156,0.0560848192730662,0.0039790114710335
-1.1452402581365535,0.0347734041088773,0.0220060610588921,39.12260158748416,36.91193246565192,3.014692147989939,-1.142801500315174,0.0219338773861475,-0.0096671121573363
-1.0423810353931928,-0.0103328265625661,0.0132282116344361,40.892206327746464,44.424841481636,1.71227442649705,-1.042296939727383,-0.0151009322460358,-0.0052942848278231
-0.9269022502623258,-0.0391639066455947,0.0398395730137539,41.34595650453809,49.90832982483907,0.750116127713356,-0.9285725361157974,-0.0428815759654709,0.0168074725225794
-0.8232532993692403,-0.0284425388793774,0.0959648712732916,39.95262552468718,55.3157284360598,-0.9606077079611074,-0.8201556074880045,-0.0326951710919943,0.0597486707594738
-0.7677322930958999,0.0062323956464059,0.1152088258140441,37.39922161266836,59.95349106423625,-3.526494239520153,-0.7643950712397836,-0.0031792484651212,0.084232560330734
-0.7755982453176649,0.03935530706259,0.1109718145950914,33.39296981011647,62.24362641210826,-6.11960402049223,-0.7664188875453714,0.0296632977012091,0.0815736693825269
-0.8010386562942924,0.0510954843837267,0.0790669732097934,29.137873714280524,61.6720249717368,-7.606840241610253,-0.7869053066621177,0.0537973481025978,0.0595459403933151
-0.8081291532039772,0.0520974836880692,0.0151131253417346,25.19607931489317,59.0538569360822,-8.73114238936566,-0.794983209125496,0.0473012673915109,0.0038229802697633
-0.824656339281422,0.0319822495673994,-0.0442476034805467,20.76803540186108,56.233768814484286,-10.760493005151236,-0.8057216635660496,0.02644023486961,-0.0651194808797267
-0.8502119625553757,0.0115431837556379,-0.0834265506581999,16.361302869010373,53.20249075487119,-13.404953299319969,-0.8275796971409284,0.0119484955317287,-0.1191720834726635
-0.8633292801984893,0.0222396488031215,-0.1175770096784967,11.732261253041644,50.52434834308749,-15.485756301468884,-0.8476937958026309,0.0149576538136347,-0.1516065384981249
-0.8813484178867177,0.0379397551388758,-0.1414907182524894,7.586072872881927,48.55862199361291,-16.64201009043529,-0.8718641048528418,0.032390984159134,-0.1720502577285002
-0.9132434912140468,0.0468131640898498,-0.149155499796522,5.582174258413056,46.79723298921572,-17.57340312071436,-0.8986036208638362,0.0486135344185136,-0.1844402828288033
-0.95617971792442,0.067058879907387,-0.1669881705586552,4.586931214012194,44.85044280793285,-18.183672034585417,-0.9300202272757994,0.0656335442856953,-0.1902918321551359
-0.9980324197929672,0.089571096402314,-0.1755986298446538,3.490985758190693,42.6587164297954,-17.489683371198225,-0.9706098237408024,0.0781887953452455,-0.2054401466083927
-1.024700562457853,0.0918258047095315,-0.1951492290472568,3.1092220235934933,41.95572310467263,-15.3022210400496,-1.0079704424726543,0.0816698667979442,-0.2299461209551452
-1.0442859046270936,0.085439109587771,-0.2376294442053993,3.3474073453870687,43.67898739594731,-11.902760682520412,-1.034232685880925,0.0797027739521608,-0.2600448367565842
-1.0556680414989643,0.0669301269590306,-0.2488847249423769,2.92538973908939,47.63498258213568,-7.468011168389161,-1.04529627670713,0.0659125845945681,-0.2771907855900012
-1.046660244433996,0.041512516552492,-0.2421288757606253,1.6572636734474644,52.48482734415518,-3.185413640616508,-1.0379615910970206,0.0418690094944315,-0.2705522815839155
-1.021916475517543,0.0104858821450125,-0.2268912445060915,0.9375623408492146,56.65469265016643,0.3926882726561337,-1.0181295842535738,0.0021400009152316,-0.2599182092715446
-1.0058192890029023,-0.0365305092387331,-0.2173806425129472,2.2564977694335835,59.96351748842833,3.5103025392943503,-0.9968813873999663,-0.036792840704373,-0.251418150558423
-0.9985722641772182,-0.045503605594558,-0.2343942331154427,5.918909658272249,61.50843026393496,5.869826670459939,-0.9829222504072296,-0.044501424757636,-0.2617901356355626
-0.9870379424740192,-0.0311786531174092,-0.2657971483751409,10.561592254232975,61.83535474305064,8.205643042875664,-0.9748307732927068,-0.034311703875633,-0.2952626652321578
-0.96826357079209,-0.0277434506599943,-0.3131279031725473,13.917888941523026,61.72574298390612,9.472069721817704,-0.9465313495163206,-0.0275352412342662,-0.3365652414887163
-0.968261083082361,6.173486870579776e-05,-0.3439941306957379,14.922350431752996,60.99592841543244,8.511183638757709,-0.9413343978574576,-0.0142681754222777,-0.3749660632740567
-0.9926146172795138,0.0282419861461339,-0.3540915442325818,14.717184674086358,59.31752318710216,7.210004368365872,-0.975558748362266,0.0158712709388638,-0.397218692204042
-0.9943240994493788,0.0347563614546305,-0.3732553260415564,13.940881111780566,55.645497099434905,5.452038109441428,-0.9721796414769714,0.0286499796962167,-0.4131487148648201
-1.0088330442430478,0.0363390366087754,-0.3928558942637337,12.60204074593864,51.92941662434981,3.334603153205141,-0.9880923418825276,0.033161145653791,-0.4347366395947509
-1.023476388088144,0.0404026712862489,-0.419570851287447,11.546546016943468,49.34034349269448,1.4851302667439263,-1.0122184054076722,0.0449512883440225,-0.4624124701670923
-1.0102630396066945,0.042241978545563,-0.4365458511171267,10.478965021710613,47.5522815778309,-0.292054085027943,-1.0001867896312602,0.0337335330305341,-0.4699091699173603
-1.0285487659420045,0.0401490943761601,-0.4266399103443499,9.705037420241071,45.27710303711933,-1.9630677742756488,-1.0239948265667758,0.0345409517807134,-0.4613150450846379
-1.0149192104007645,0.033300874048456,-0.4240302164003041,9.242304596671124,40.54923984313437,-5.236027574070512,-1.0059618507122725,0.038226124795888,-0.4606289993109255
-0.9609818612474356,0.0129467441378755,-0.4159954204996057,8.026500663188411,37.17656797166061,-7.187306142221989,-0.944213131251391,0.0139601504875439,-0.4438157418958205
-0.9513501523872064,0.0029653192087369,-0.3918279058784394,7.450525920780637,35.917436248037006,-6.235911763653848,-0.9266548802611314,-0.0012055672555614,-0.4304136726947567
-0.9711077128311254,0.0029764269977079,-0.3801121165307171,7.929033338928488,33.3032041369665,-6.204155226436874,-0.9328197943189512,-0.0071272840841829,-0.4239680350456084
-0.9577512284602444,-0.0051405697507581,-0.3797504720547635,8.483428525330664,28.802318162139905,-6.600308420337864,-0.9290174957459938,-0.014128488052501,-0.417867394440049
-0.9328673715995452,-0.0094454617983626,-0.3876806438436854,8.569939961512555,24.25927163463684,-6.613454397733459,-0.9163441613893696,-0.0157868018233145,-0.4286095783129179
-0.9564423098103322,-0.0117762886186924,-0.3892151522612637,7.740497264690584,21.180168986828743,-6.427509398759286,-0.9320662274757188,-0.0131627917629195,-0.4222471380774795
-0.9586028508987878,-0.0145861700910616,-0.3809786214398893,6.540301709584952,16.874005196206213,-6.234250867763821,-0.9325253093011782,-0.011250474860355,-0.4192134435425159
-0.9409459905073884,-0.0140317564907056,-0.3851015213831736,5.00056059745195,12.925013974897896,-6.0042783900993975,-0.9199076434667108,-0.00860681003023,-0.4302826131788445
-0.9480269936987522,-0.0072344789683902,-0.3896243694479763,3.548868211446985,10.995148792435272,-4.52415914368238,-0.9275461295451428,-0.0103614323916045,-0.4260155143316612
-0.9370339449767224,-0.0089180644915506,-0.3913185560211464,2.3788094751756104,8.655658469238391,-2.887343895485478,-0.9134219072717692,-0.0205637096472003,-0.4240015114538603
-0.9266274291310684,-0.0284694995841865,-0.3830919414905365,0.919628427843912,7.412250316231944,-1.241889867074069,-0.9024479918839788,-0.0276584485804853,-0.4214750839148532
-0.9288848699898264,-0.0360392317002032,-0.368889548062899,-0.1297217028031969,6.63287937335728,0.6847841577439021,-0.9061901847606388,-0.0343975433251365,-0.4174581597498382
-0.928998210969494,-0.0404396231917493,-0.3764849119810577,-0.3000825424681616,5.21113914132326,2.005326642883898,-0.9061619608950487,-0.0418806709220834,-0.4150930859980699
-0.9187238468980728,-0.0489709269840774,-0.3766490204120453,0.201421485125683,4.375130437526785,3.2295757515854744,-0.904025219025416,-0.0433070605676982,-0.4086649653152173
-0.9169550643850668,-0.0384170772490943,-0.3655039965018554,0.9321229266353872,4.267448435903373,4.2834158696139335,-0.903193488885864,-0.0366995627605149,-0.4071558535084299
-0.9334587400910584,-0.0250605520681021,-0.3608125355705794,1.4485555833061858,4.609239215745536,4.970083598198523,-0.9091320462341592,-0.0303795441495076,-0.4053204425074509
-0.9333672677911083,-0.0166041074045604,-0.3551277308328197,1.8730210465907733,4.563181070153192,5.728896723868065,-0.9098560968791582,-0.0232075067386222,-0.4007729784963555
-0.933780401674802,-0.0108733656336035,-0.3559238614970705,2.374662123003662,4.362767153416011,6.5095478038824535,-0.9107917446688344,-0.0116740705118182,-0.4010842275112789
-0.9404242135338676,0.0028327264226198,-0.3580629547808804,2.893782119908525,4.045116114902773,7.019217018749721,-0.9157743728285284,-0.004208709522618,-0.407402932607475
-0.9431351844310332,0.0195410851487904,-0.3697515713446093,3.240487886132265,3.4561353475804943,7.0019692068407045,-0.9234049280326792,0.0088445370610097,-0.4149505451874712
-0.955056912282011,0.0203923403764083,-0.3834143692749299,3.2146463714707583,2.5114639968656465,6.620087384407229,-0.9353970892276108,0.0200881143084512,-0.4206809525755233
-0.9687299210977508,0.0291727771625226,-0.3769791719082999,2.408119618681343,1.054242372897069,5.99204098881042,-0.9441728035659502,0.0263255756191389,-0.4245387797668127
-0.9800497559950844,0.040939609735735,-0.3736129012155442,1.0513564434259632,-0.2704429068807391,5.260472755763925,-0.9538881117672444,0.0395480446187705,-0.4244944891475335
-0.9822147114521526,0.0481644887136399,-0.376434906339277,-0.214392146839193,-1.7316943653240937,4.527636761396422,-0.962073929093428,0.0494535359772421,-0.4249515572258324
-0.9815402758252846,0.0537551295013207,-0.3741088073804323,-1.5050468001524118,-2.849795213661627,3.587610119631303,-0.9621865545685868,0.0548020669205273,-0.4238664858574129
-0.981916852493105,0.0517764782863823,-0.3801497926016323,-2.6123606425942,-3.4094479819302186,2.4837152914409004,-0.9578778992356716,0.050310819563306,-0.4175901634105641
-0.975118392750048,0.0478272326864207,-0.3841771617858262,-3.025358323599705,-3.9715623305995655,1.3799062070935348,-0.954279251221294,0.0414485531468985,-0.4135648272059679
-0.9752359647486288,0.0360843643315309,-0.3726027308853232,-2.8806392635998903,-4.408231219447063,0.6119826732138053,-0.9534290413152232,0.0360242535302441,-0.4130209356942315
-0.9751014728349244,0.0303849288516756,-0.3630509036051987,-2.5518548923229623,-5.588623225826253,0.2392929461521246,-0.9507963573032364,0.0234909875102094,-0.4100923725396167
-0.9659870519010244,0.0277243734912015,-0.3575452409572504,-1.8609871016612545,-7.22764081662294,0.1730380409053513,-0.9465132393803848,0.0182514346602889,-0.3991802993110328
-0.9629196481703172,0.0240998952151594,-0.3477199150026515,-0.7296824427322167,-8.622985737867058,0.4455089451466936,-0.9421217353521264,0.0222385810246495,-0.3863508477246388
-0.9597722242811008,0.0287157443622336,-0.3358496658209672,0.1950532635100335,-9.76537645653692,0.6223028751787699,-0.934899291155096,0.0257004130035231,-0.3772075048619957
-0.947326193063416,0.027357580407792,-0.3281263044366089,1.0496140299968213,-10.19987809438848,0.6553575015836257,-0.9298886826503986,0.0314341046520768,-0.3710782653909694
-0.944363955766631,0.0326329931385377,-0.328899347584689,1.8817455998417008,-10.27214221248361,0.6247458551081077,-0.927289046951361,0.0367723847372855,-0.3681618251186803
-0.9456237651121412,0.0407852347333253,-0.3215760087371145,2.197624305489287,-9.99438370613783,0.34060304527969,-0.9225846281502292,0.0390825802270485,-0.3620652551224622
-0.9359371155911678,0.0389418893497323,-0.314715711026466,2.4470768305655324,-9.5886476452241,-0.1531943159660874,-0.9227163924219428,0.0364725176129164,-0.3550036334029747
-0.9383543223611304,0.0394881866929603,-0.3148014140632627,2.5465458436482,-9.303534457591285,-0.7736634621843687,-0.9214417282860295,0.0360538267735765,-0.3465484538677413
-0.9412843369449676,0.0354425395361407,-0.3026886913495635,2.5206396454619044,-8.631852843703491,-1.324608724952958,-0.9148810439654984,0.0361944892026965,-0.3376101401455839
-0.9339018510010786,0.0287994908446522,-0.3013561832165335,2.9849697416880594,-7.734782977619417,-1.8165799968918288,-0.9163035586699622,0.0315033105700363,-0.3341100717788356
-0.9363473271241431,0.0225145957059601,-0.3090003016973307,3.2986324152870674,-6.892773669281974,-2.1707548849312275,-0.9196293871079576,0.0250986680118083,-0.3281900217178465
-0.9439320903619368,0.0196931122733413,-0.2986663747886251,3.459847789726603,-6.421438186520353,-2.291750087715711,-0.9215738322604738,0.0150513524634955,-0.3247248194489549
-0.9493049555786368,0.0176274681678105,-0.2949667732629275,3.89915455209183,-6.030182709766305,-2.30047842338387,-0.9262096076391064,0.007588199044503,-0.3273879573486078
-0.9454475972402068,0.010153174639979,-0.3037431824664329,4.127934863985187,-5.424657347433521,-2.1431994798201397,-0.9301770532750582,0.0059116958850058,-0.3296367686660159
-0.9487495779836124,0.0141828709528758,-0.2996888954282113,4.446315725002263,-5.11789839592595,-1.977770259555168,-0.9361731228357312,0.0063197584337527,-0.3325838342938764
-0.958553242614404,0.0137346569090173,-0.3011755042600614,4.799778447316737,-5.084512044909433,-1.813061152905281,-0.940513095672134,0.0067575645034026,-0.3328836287214172
-0.9645648128240878,0.0128891955498532,-0.3154758152043221,4.602278053908559,-4.981986242728451,-1.6551178170349572,-0.9460888200480878,0.0065628291964547,-0.3353741334251873
-0.9789113252740512,0.0243689697621591,-0.3096713592680513,3.923312181831265,-4.422598319713479,-1.5060132640940047,-0.9526503322191048,0.0103355153975406,-0.3397737117095192
-0.9720376988473562,0.0218162683130009,-0.292912935790908,3.029024537191632,-3.472995370544154,-1.2989670079148057,-0.953655415037412,0.0101305339695125,-0.3361993566067441
-0.9669045832518728,0.0184739956853687,-0.2953191690852619,2.536260496666846,-2.2566747615715914,-1.4510582183591096,-0.9576335190297712,0.0047010925299246,-0.3340497226036662
-0.9815985176851948,0.0199353026761512,-0.3009036650180953,2.1397171147099945,-0.8317627349655635,-1.7919069402419388,-0.956768355707836,0.0034678942778365,-0.3342054827604779
-0.9703900405975218,0.0100607337893524,-0.295775053286289,1.4042745423949372,0.1945768597284977,-1.9408783965085832,-0.9504907309130686,0.0001644028430254,-0.3295664778784293
-0.9634657493070268,0.0026743373521304,-0.3077718533718585,0.8665318991074179,1.063525075321362,-2.028690695856198,-0.9500190542445078,-0.0012607084110141,-0.328790089073155
-0.9631238991335856,0.0094305690803703,-0.3040376878323555,0.5106629448804053,2.0209192734255885,-1.9810449519789044,-0.9443812596880404,-0.0013042459624514,-0.3297750378472347
-0.9510600970661118,0.0104946218032016,-0.2816577474852436,0.2308040679268767,2.818838251732997,-1.7779300883282103,-0.937569505430285,-0.0062965724846566,-0.3259606692628628
-0.9525858343457718,0.0033145403058612,-0.2962136872465671,0.0376394825972628,3.561079110281108,-1.5617978224729892,-0.9360482032616316,-0.0058857191609658,-0.3233813011134379
-0.9530801614221338,-0.0042268278692693,-0.2945143020164168,-0.0906996843722352,3.88673334639343,-1.3564120175092522,-0.9316835566819406,-0.0056174964516211,-0.3238591122088631
-0.9551079367715898,-0.0125017922328343,-0.2843609368640879,-0.1222291814825425,3.907581842406296,-1.1279142466047056,-0.9292940182478636,-0.0069313385183308,-0.3216161754065957
-0.9521157173344024,0.0014613537558924,-0.2938983313741186,-0.111639147942629,4.014491884099037,-1.016649238627734,-0.931668056494542,-0.0039846848365525,-0.3185084433582717
-0.9414007675557732,0.0079435868535928,-0.2931996258665471,-0.0033125785885538,3.981632752988797,-0.9216003921387974,-0.9343383476243312,-0.0043926750280451,-0.3215703860469426
-0.9519607215237,0.0053275132099386,-0.301331997367967,-0.0973447886332979,4.050039209518417,-0.6096559441983443,-0.935063889730755,-0.0045900731987728,-0.325213163870164
-0.962598020382782,0.0184063305662587,-0.2918665961104514,-0.3475025089768255,4.379685541692633,-0.4516091718193773,-0.938338832960662,-0.0009269507681954,-0.3293154597210012
-0.9616384301215656,0.010504876638986,-0.2892842497338979,-0.5579287353321315,4.642513795400957,-0.5109933930606909,-0.9412888724263128,0.0028470928793386,-0.3315094303282631
-0.9590515555803548,0.0061982317317758,-0.3073961754749185,-0.8619528916843414,4.918199091047141,-0.5046052646672295,-0.938437486265169,0.0054646647950528,-0.3263526554369535
-0.958639339174785,0.0158610827995911,-0.3061614018654045,-1.0227315052310413,5.378164606689265,-0.5121529436820091,-0.9419581702975154,0.0064902758538769,-0.3292619562002682
-0.965900391783366,0.015725586023207,-0.3054068203154806,-1.186486348971445,5.794642068359377,-0.5175800746877661,-0.9445961715129224,0.0074720522885399,-0.3330560891147766
-0.964649091358919,0.0159030839744926,-0.2989870604725287,-1.2008038436737176,6.153358497003369,-0.6156066937061624,-0.9415920053440868,0.0078088573553251,-0.3297443587715283
-0.9585041569707876,0.0081965781407801,-0.3029775580681162,-0.8872024319544655,6.4359939942374185,-0.8189747303342497,-0.942344269060844,0.0047297277503072,-0.3324193577280914
-0.9631515292218664,0.0084259179354496,-0.3115396131450223,-1.0111419043750631,6.550123753873304,-0.8127814510735926,-0.9396739717681966,0.0010483802503956,-0.3356592355219802
-0.9630661531953358,0.014367370079429,-0.3045285430348363,-1.4041158746245948,6.763300706540485,-0.6607562618462306,-0.9410137622624876,0.0018235701032713,-0.3373201792115622
-0.959586055157917,0.0046408177825413,-0.3089270150266651,-1.5963855680973809,6.843839744121949,-0.4856472255080543,-0.9434170491260552,0.0014802326064385,-0.3370973592708739
-0.9657069944611796,0.009281176006424,-0.30435088234514,-1.5409579739989765,6.623451478749566,-0.3585440190364432,-0.9411046647423508,-0.0016262641904637,-0.3368992640157719
-0.9650290194683222,0.0120767114537979,-0.2999162895355391,-1.239051965005744,6.330978589892849,-0.2830213423785712,-0.9434811735744106,-0.0021174003416244,-0.3417265731313678
-0.9640332196867916,-7.417854371937968e-05,-0.3177936362402387,-1.119401765880773,5.819808998030461,-0.1290684441116753,-0.9415218452962516,-0.0027871686417411,-0.3433180616458473
-0.9707506249760168,0.0067869263292005,-0.3249193664891545,-0.9209628189582711,5.350837981826076,-0.0543297097398135,-0.9417583420357514,-0.0016000431868584,-0.3442294641734891
-0.9658941562698378,0.0067067052860701,-0.3175933055123115,-0.658410185233076,5.111593384790025,0.0057921059054646,-0.9445475392584122,0.0003037939910398,-0.3469325223857886
-0.9596201032121204,0.0037143232735715,-0.3143199743383993,-0.699488848419547,4.752053562092561,0.0713300533251738,-0.9395929040117204,-0.0011359544671385,-0.342572353972251
-0.9595926243754508,0.0110668521804569,-0.3099771371768521,-0.6479384373272237,4.52566602620672,0.156666303986463,-0.94062567022986,-0.002184800487641,-0.3372119808131917
-0.9567794356096442,0.0066914730285443,-0.3118892061808497,-0.6476278737049864,4.44474536567699,0.4429260118928499,-0.943081835845152,-0.0028781701816195,-0.3374906516405631
-0.9567007898157442,0.0127957736898394,-0.3184022528335085,-0.637346694845182,4.164839607683756,0.7491274558677743,-0.9381804997546384,0.0035810450672225,-0.339046266426607
-0.9620834693318858,0.0209450363736701,-0.3075045681056566,-0.4130914198886397,3.937083769257216,0.8781184697313311,-0.9343083107232868,0.0119793615059245,-0.3436361626016984
-0.9626840470213104,0.0236803505200663,-0.3040502670847429,-0.3201961467797537,3.6746888484188767,0.6883962884326766,-0.9355156676954796,0.012428647586135,-0.34435581389385
-0.958000156689068,0.0257239243059157,-0.3141671563534661,-0.4059992447757973,3.318252912221451,0.4516356382875458,-0.939479037069935,0.0141633350048599,-0.3413500803393988
-0.9620033282746844,0.018896364965863,-0.3170067179111069,-0.5824188800492945,2.85387986847076,0.1372497447804848,-0.9422582616389794,0.0121517834288362,-0.3425885370148004
-0.9641057323977936,0.019853419543712,-0.3134726313869237,-0.5397079308509677,2.3363336770665835,-0.3283562327141864,-0.9421041995957038,0.0069397590163796,-0.3424399888444375
-0.9617357310970412,0.0104379175220043,-0.3049464983049496,-0.6012174493554409,2.409802984002953,-0.3928048334468839,-0.940121265733737,0.0054492165654161,-0.3433769702841447
-0.969881416457182,0.0018798805225593,-0.3144576409283167,-0.7930724191997731,2.6954793861518542,-0.392877446987877,-0.9427848622245196,0.0043596576686502,-0.3421658909290371
-0.9678583171323532,0.012187602431224,-0.323021352993984,-0.5185762142221706,3.011487442433685,-0.3450428454130286,-0.9445371055032104,0.0064860992006972,-0.3371967433570438
-0.9562178239951435,0.0142890593613754,-0.3117722075136117,-0.1880578294501031,3.638091652194965,-0.1865555994559049,-0.9398633774274124,0.004861720965266,-0.3353737440264501
-0.9594484437296932,0.0154447245430742,-0.3073731827839306,0.116050287762841,3.803581678828145,-0.272471300567859,-0.937934977131432,0.0016129015416217,-0.3347101433409993
-0.9659652277577354,0.0152842062854006,-0.305815032354379,0.153765196061812,3.3643548188005696,-0.1423079687630513,-0.9401884395557638,0.0007813775223959,-0.3366820955162214
-0.961737760351193,0.0067177929699133,-0.3052115669058793,-0.0055740704701527,2.6354248320344533,-0.1121305988994415,-0.9420931091633998,-0.0004789783709182,-0.336398432082409
-0.9568945006118976,-0.0004542934228841,-0.3073520217573514,0.2952348063179358,1.8402222321203263,-0.1004176204440111,-0.9403729107724652,0.0019938468215566,-0.3349196919276749
-0.9621786751287876,0.0052576127971325,-0.311680519196315,0.3564315471712611,1.5142517945941176,0.2571358615152385,-0.9411908898379514,0.0005311067021318,-0.3387923821115265
-0.9653189923610946,0.0186336054892217,-0.310776246793282,0.2787985874116309,1.65675366873049,0.2456700882235102,-0.9454193836338411,0.0028682660980646,-0.3365595422670888
-0.9672451256487024,0.0120232661849887,-0.3013309438872938,0.44587033359558,1.6403034655393949,0.1468861395274986,-0.9445998138109274,0.0063642581302537,-0.3336215515672602
-0.9688585948767386,0.0086916628671978,-0.3003993777687729,0.3151126423807794,1.4767598296355158,0.1680778628342745,-0.9452137757093368,0.0004714256525402,-0.3359990103880992
-0.9606289806829416,0.0202251641840013,-0.3048164663684835,0.1777237558883507,1.747399933010415,0.0245913998146922,-0.9476659266021448,0.0028596362329713,-0.3299089727968198
-0.9671116659384372,0.018149827854464,-0.3047954231312163,0.1177643705405722,2.1168209743154747,0.0315449721962868,-0.9439775571761304,0.0046875637035252,-0.3270327442058907
-0.9690125836102412,0.01775939218565,-0.3025204289383122,-0.0925143374896966,2.273397228853351,0.111152075668591,-0.9424939607842394,0.0044611299860798,-0.3317601718976423
-0.961070630040268,0.0171804784305891,-0.307550580624916,-0.2829568520223277,2.422034787302941,0.0543561800499588,-0.946395714854762,0.0082118306185222,-0.3302180599451363
-0.9706564834392865,0.01190325946409,-0.3051308123976278,-0.4928528522241998,2.5958376760802087,0.0627160132493637,-0.944174449910112,0.0025569015834213,-0.3298674782736351
-0.9669195596614304,0.0106389499564801,-0.293668610462619,-0.7397874984327208,2.805953148302662,0.1403534208386535,-0.9429833676751788,0.0014650369476577,-0.3291878995532606
-0.9620982454347612,0.0021111802258241,-0.2948669971342653,-0.8623557182094891,2.8700255657930764,0.1324778910187092,-0.943806995267595,0.0027934265703932,-0.3264854475214739
-0.9633383504478396,0.0031486207899908,-0.2945859603308218,-0.6793856288737298,2.888783403157856,0.2178831341633632,-0.9397419913141296,-0.0010549078659526,-0.3278417317806038
-0.9582318617593558,0.0112487820040674,-0.2941117432223364,-0.3070658093389511,3.032293912093373,0.3152539220637523,-0.9415219095225402,0.0015159101110827,-0.3288897672997927
-0.962480112854508,0.0096197764418342,-0.2914277390591998,-0.0914901993585842,3.1134836519951614,0.2999053668028495,-0.94061170798905,0.0035720365012903,-0.3320510918957834
-0.9626081310410582,0.0112003393081262,-0.2895785287910594,-0.0244746656003549,3.1502521925743525,0.3777345935079371,-0.9396875698075408,0.0044256964273279,-0.3282751862074015
-0.9660291018159692,0.0169863619530225,-0.3018877008615243,0.0242421862012468,3.34498502219885,0.4344460859796947,-0.9418291365756268,0.0054511438747109,-0.3233460997129906
-0.9695850789432936,0.0183905307652769,-0.3014657257150273,-0.0255552289518062,3.662905213592933,0.4650359059104434,-0.9375068257506272,0.0082181312773698,-0.3289667844392102
-0.9601650733817508,0.0145469343458164,-0.2996053220080965,-0.2506459745773602,3.887701385960615,0.4584692285525696,-0.9427050993712696,0.0119332782474646,-0.3293169913886662
-0.9613641264428242,0.0121876137899429,-0.3012976094408239,-0.5625187658359597,4.064970914318002,0.2569860236041932,-0.9466211580794672,0.0060813278649914,-0.3311375404698966
-0.967514698332908,0.0179271554374226,-0.2960013957188632,-0.8255258462855246,4.269857017920317,0.1313076542794862,-0.9415821343005912,0.002477964952284,-0.3317217422170735
-0.9617682169221506,0.0185145552674477,-0.2989893144679658,-0.9833052352826392,4.451416811847532,0.1698537773405865,-0.9428868379843296,0.0023661904069647,-0.3262962289707595
-0.9570179868540616,0.0081763493420611,-0.2989162651792497,-0.919300212701808,4.565007113421959,0.1467516244493857,-0.94360004443152,0.000889815427479,-0.3281506781771994
-0.9619201152964244,0.0118644511747527,-0.2946654863238756,-0.7170638885977794,4.516132243947938,0.1191447000500887,-0.9421999408410467,0.0055090966358011,-0.3282634110058237
-0.9656168795461404,0.0133979033586559,-0.2981615294508308,-0.5983681790587492,4.522431862645742,0.1653286867270705,-0.9399726983515326,0.0060307517788599,-0.3293485780370652
-0.9595006111489768,0.0074715209542436,-0.3085219973450542,-0.5657953973439555,4.623202519386287,0.1469458985179646,-0.9385522106714282,0.0056979933431006,-0.3311646227910236
-0.9600385037018666,0.0184220628359828,-0.3031289232502117,-0.615577965425063,4.575145939326916,0.1090423352582128,-0.9402149953513468,0.0088445733155238,-0.3287388661560328
-0.9694468278337652,0.016741399569984,-0.2970289037483176,-0.5738795309345023,4.535597539981858,0.0862094671170954,-0.9428734734160226,0.0071880562541695,-0.3304950775956618
-0.9627071691366216,0.0159146972121345,-0.306200059208824,-0.5265420876157455,4.591645172479223,-0.0641825058052705,-0.9473619839944786,0.0055406767766665,-0.3319346742766644
-0.9577741638589592,0.0160201216749293,-0.2965315231405989,-0.6986470267623672,4.716727517755764,-0.1902089763455214,-0.9469255326164876,0.0040100446635809,-0.3329462006121466
-0.9650025942116808,0.0020473198300101,-0.2955232729832341,-0.8170140365414114,4.899565280545473,-0.2523312601246289,-0.9435492930543276,0.005655197985613,-0.3344661850897581
-0.9655931123667636,0.0109504715523697,-0.3029996463203976,-0.8549370034393723,5.025828298785128,-0.2785286949677058,-0.9427112524822864,0.0070143679587051,-0.3316062211586909
-0.9684243647701288,0.0123829112071265,-0.2966756233258827,-0.832229624985944,5.237541223859485,-0.2341114602011983,-0.9430852326827948,0.0056090014819895,-0.3296056423815831
-0.9623758478865112,0.0047730467186966,-0.3044870260615508,-0.7531045063115559,5.542181408588011,-0.3010506975221182,-0.942847124243776,0.0084991133954313,-0.3314186817058972
-0.9577221066172376,0.011947862300304,-0.3085308223107925,-0.7314906313800386,5.674556798396536,-0.3675281350979651,-0.940818910973293,0.0068151132624116,-0.3300162327278592
-0.9645607407544832,0.0091292520473176,-0.3018495121093715,-0.6757754454545724,5.655541353227507,-0.4421831943621925,-0.9415388707733764,0.0069146105995181,-0.3283177075074015
-0.9602477802268252,0.0120720623047994,-0.3018155113143207,-0.6997764046760936,5.638069054922312,-0.5307186381526182,-0.942123927469152,0.0079206949634401,-0.329998492299188
-0.9630578964076658,0.0181139008004378,-0.3017809707163226,-0.7703445040879436,5.62855124193513,-0.4961097430628335,-0.940809832322616,0.0050978031836984,-0.3315832688308398
-0.9612092638324028,0.0119826314613292,-0.3022525850368752,-0.8430231437500655,5.627953040219303,-0.5803519264486828,-0.9410958251027436,0.0055971933457963,-0.3343383637120057
-0.9578459057088816,0.015267694099371,-0.3015690318754338,-0.8631339655867235,5.6448235578600725,-0.6348191473160086,-0.9435186514269606,0.0032977525158743,-0.3326608232075455
-0.9652805205109534,0.0163882235112654,-0.2997129683190695,-0.7547471334248282,5.736568818567368,-0.6249670570740712,-0.944818109347827,0.0066735357803129,-0.3315633088348654
-0.9589380234073568,0.012262844450543,-0.2996350365761252,-0.9055628814286936,5.936793480349774,-0.755189753088036,-0.9424499818795682,0.0067259649391294,-0.3341231829701184
-0.9649249512131666,0.016622550273316,-0.3008223479243808,-1.088805726190854,6.101657400093931,-0.7662637037617126,-0.9431683739245128,0.0023433998439788,-0.3334458951609986
-0.971550382698502,0.0138101436657239,-0.3063903298468305,-1.100001003888983,6.261285381165719,-0.7264899933190132,-0.9432745353544758,0.0062895947514535,-0.3375486124911971
-0.964267743595702,0.0114870092259411,-0.3009174120954841,-1.2277774388093354,6.380457557640203,-0.749719274288859,-0.9421530714842172,0.0053214923950547,-0.3395549302243304
