ADXL_X,ADXL_Y,ADXL_Z,ITG_X,ITG_Y,ITG_Z,MMA_X,MMA_Y,MMA_Z
0.007654702028361,-0.884600407513993,-0.4085487422154795,-8.89848437968811,-4.210050918646854,0.38729654764676,0.0127447729159349,-0.8535076126935105,-0.2818707707565914
0.006948038917256,-0.8979194137003141,-0.4101216534108132,-9.841171410600683,-4.187446370965442,1.0627517827164767,0.0141788724309913,-0.8610566856909074,-0.2846687494814549
0.0107565206290808,-0.9075123488147036,-0.4079067055180223,-10.892052689986894,-3.848613527287084,1.200111545409809,0.0110522140202019,-0.8641442931507144,-0.2914717275670669
0.0058183595814491,-0.9060969932760964,-0.4190160527927173,-12.227730736783734,-3.4529603229437047,1.205807669848395,0.0064261468072745,-0.8701805882026634,-0.2963045513575317
0.0142516837615328,-0.9243634083246952,-0.412147155203806,-12.978332596731311,-2.9193740216372204,1.136733089121012,0.0082992093640378,-0.8910542565763172,-0.2962107819362432
0.0273395013662687,-0.9373785814378648,-0.4113728297320924,-12.42876974592177,-1.7493847362869757,1.158141600241537,0.0150302665607878,-0.9022092478452384,-0.305358572361888
0.0247941020185557,-0.9323204193615682,-0.4246548157559277,-11.972315305004717,-0.5025218940393689,1.2548341245656565,0.0194829029893001,-0.9117804255689212,-0.3133214982711472
0.0314624613455849,-0.9420714593458236,-0.4366525956398772,-11.670262178611427,0.5588644462051652,1.391593052328777,0.0265816072986277,-0.914925579417371,-0.3188269924235828
0.0382376399219262,-0.9625707587196328,-0.4388082874429955,-11.461447783999734,1.4724988948111914,1.4822342097589527,0.0306190887459805,-0.918083793144503,-0.3241490001420951
0.0322694039446996,-0.9646771368050236,-0.4369103826978708,-11.668487671510285,1.686820234077797,1.1391993993086955,0.0288251579714743,-0.9263227598338636,-0.3265020551315573
0.0363376732624166,-0.965919489281432,-0.4323006651085866,-11.828839968584251,1.7096204964590933,0.4511917938456318,0.0247205571038845,-0.9266688914998468,-0.3224277650311115
0.0215962508504027,-0.9731564894403596,-0.4278121627311587,-11.505820112044832,2.0994941005806966,-0.1214215692849908,0.0135583852705799,-0.930607642705544,-0.313188340676695
0.0095466231483168,-0.9680595716185678,-0.4265094134451583,-10.506101496511794,2.949220778541973,-0.3863654372240877,0.0106824793172456,-0.93418623195119,-0.3072752641606852
0.0212039642078577,-0.9719891348818508,-0.4221894611438014,-9.40357617858548,4.44023679691833,-0.6677180944464597,0.0169550342977388,-0.9351824583107092,-0.3013170361836024
0.01444103516071,-0.9759929514123868,-0.4262835945572737,-8.196943344635502,5.748057218540234,-0.7440370040328373,0.0172656014682781,-0.934067273994247,-0.2984617825557346
0.0116325289228136,-0.9657994025551851,-0.4222144357831176,-7.078324735008124,6.098862109155324,-0.5115974468759747,0.0117406003618884,-0.9303540927388804,-0.3045003075109243
0.0007030984462679,-0.9627950783548324,-0.4254415590142424,-6.743406001280221,6.032301880951262,-0.3487232191224679,0.0016678508875743,-0.93036373812332,-0.3116887668491666
-0.0161470022454284,-0.9662781894495328,-0.4415933519158053,-6.5617686371144,6.00235238678576,0.2116088988076171,-0.0089719100188721,-0.9306917951499056,-0.3117712459437263
-0.0113364763875734,-0.9760295086895472,-0.4287990899148068,-6.1297423093699575,5.679629443250361,0.7802854159159298,-0.0139070030382667,-0.9356727086780352,-0.3080861558345008
-0.0206700255506672,-0.9739040947558636,-0.410484922768953,-5.095073146542058,5.319682448944272,0.8940175843250304,-0.0151949895407237,-0.9360061930637026,-0.3009016440217352
-0.0242705736128351,-0.9646819173825624,-0.4083357486451947,-3.800391663728381,5.181843390018003,1.0126743438336785,-0.0190514327691846,-0.9296521833535006,-0.2923315465751368
-0.0094824090167703,-0.9771490285062564,-0.4061120836801902,-3.3830423790300377,5.052512250714703,0.8954497592756148,-0.0146814957321865,-0.9316960166830016,-0.2886619437223483
0.0055780637236756,-0.9756671340279198,-0.3956585914559556,-3.1170574269063995,5.059099863209909,0.4406708602888314,-0.0026324236344311,-0.9367429995333602,-0.2838827301674697
0.0083282148300883,-0.9667009176641108,-0.3925710214230288,-2.634007707292935,5.108800054605329,-0.2306487652872534,0.0025182302108101,-0.9387547736237642,-0.2792867684872265
0.0059000882820871,-0.9788979550762296,-0.3966157916543041,-2.173139421623884,4.667447600875576,-0.8889733099752253,0.0116830757914112,-0.9431432364219178,-0.2796428915143797
0.0253340491485941,-0.9824651720641596,-0.4004982702932748,-1.1395199616459424,3.998573671855529,-1.3060929010672886,0.025861734488743,-0.9502211769063368,-0.2883563461934705
0.0287004011155531,-0.9838897433907972,-0.419462043745939,-0.1439494445483084,4.166326091299818,-1.5286270824740722,0.029561276402705,-0.9450106168789694,-0.2965627801276654
0.0237278464645482,-0.9889179160891574,-0.4083431651049725,0.284307919561982,4.695335339437289,-1.4294511272138013,0.0255566596651488,-0.9379726135152652,-0.2923799841039366
0.0250501238439141,-0.9859910408498512,-0.3861773414818551,0.7682622971596614,4.951422884541389,-1.568242579538463,0.0168719243559057,-0.9451090447016988,-0.2874940650667579
8.08950630724883e-05,-0.9900406595002568,-0.4071070684985586,1.7271608460518593,4.9355852708713766,-2.190986433872723,-0.0026879816954203,-0.9491982635817124,-0.2874243838171537
-0.0213367341289192,-0.9960875574673144,-0.408064957220359,2.988302092285542,4.282045393989676,-2.6049871919786143,-0.0197264289680142,-0.9550589409664088,-0.2891146976376022
-0.0381999890602592,-0.9992856617203398,-0.4060426088212152,3.8808553515409256,3.600211712869168,-2.878574456456393,-0.029965629365653,-0.964961396291128,-0.2887696938032206
-0.0577916135646721,-1.005549052946907,-0.4137410699000529,4.8206602185988725,2.399894180392243,-3.2753563723286594,-0.0453596343463531,-0.966886244270915,-0.2828052106095119
-0.054922053890675,-1.0073784043043834,-0.3877880385414712,6.626347398810493,0.2065884550419167,-3.641884471766217,-0.0486664279997091,-0.9718945857439186,-0.2740642724926582
-0.0434449491297041,-1.0076898955796665,-0.3854371024012782,8.974947186105013,-1.9678541820996172,-3.941713754955344,-0.0407728206040856,-0.9751300794361796,-0.2699945016389117
-0.0207568903948229,-1.004707280736453,-0.3985293727868577,11.342926010566895,-4.081028210137007,-4.185967783470166,-0.0249644927275027,-0.9684283646942028,-0.2767681970622737
0.0171447679076646,-0.9967488169443453,-0.3988299584201134,12.8767446406817,-5.261629323312284,-4.45701727371663,0.0074338431975825,-0.9659140726050336,-0.2822047453187233
0.0403212114720658,-0.9962250985270515,-0.4052812986430688,13.528250383922558,-5.242628883423379,-4.450104376596134,0.0296266848821953,-0.9622580036010776,-0.281753715381559
0.0461963463649642,-0.992893687557116,-0.3952481268970544,13.803703089381306,-5.278214956081595,-4.15830629074482,0.0410700462968563,-0.955591099991566,-0.283063799247475
0.0474903230921874,-0.9926797575290968,-0.3927829646297938,13.450206538304004,-4.9643358200767445,-4.115764239938252,0.0467516675625988,-0.9635057556611154,-0.2829464712406598
0.0490182035714828,-1.0085565872413265,-0.4031568312381139,13.481411011292805,-3.989182291817218,-4.154716573382438,0.0433685696878468,-0.9737211096219882,-0.2824702157590446
0.0507551744928044,-1.0145295005836024,-0.3909323210210513,14.628614533823168,-2.808505177326756,-4.340588765369858,0.0452143301212202,-0.977885235184794,-0.2777053115683391
0.0472794354855526,-1.0136469329102362,-0.3827010897528854,16.484728858679173,-1.672707161072689,-4.787569678824054,0.043221770106231,-0.978905522397736,-0.2706321620117237
0.042992288999462,-1.0108330739636595,-0.3881214264213669,18.70186313013273,-0.7957533561368169,-5.021400665914783,0.0408566641585225,-0.9699216360210792,-0.2714881856592476
0.0482082158795932,-0.994345856286736,-0.3916896715579064,20.192027620351283,0.0082617684414861,-5.100405107036647,0.0464420184021648,-0.9590810123108152,-0.2721551188009927
0.0591671437189455,-0.9826428434921194,-0.3944075758375515,20.6139589442862,0.8313317995562582,-5.145603410173533,0.0514175761260881,-0.9503571590611646,-0.2749824603226352
0.0541711003231412,-0.9800191617679956,-0.3924640021672539,20.02911727386365,1.2836920050959584,-5.291965538607477,0.0497364592779451,-0.9458802619765122,-0.2774075757795391
0.0452228593318324,-0.9826254981114672,-0.3962722329808218,18.931107905785552,0.8869092564821979,-5.670928227208154,0.0400228473080003,-0.9456981492113344,-0.2703849831542799
0.0402435346539352,-0.9897689892422776,-0.3883596272291949,18.872516938007493,0.2788202442751976,-5.951813539912815,0.0318545390497473,-0.9522792592828128,-0.2632488245937595
0.0222654277533453,-1.0013733661115796,-0.3576704860021739,20.058686613752663,-0.1254462323133852,-5.987696999479176,0.0250939807441081,-0.9672012936519958,-0.2490553080661358
0.0109653085681926,-1.0153284311068314,-0.3505806958776619,22.12414867550047,-0.5997455638107879,-5.769589296524873,0.0192596507532749,-0.9759508476346612,-0.2407422471347013
0.0044750849759209,-1.0185121071865817,-0.3677020982332489,24.9277220578158,-0.6063650140618398,-5.371110145383565,0.0096793776343273,-0.9804960116714172,-0.2501952688613164
0.0014990466599465,-1.0171736718279476,-0.3729890561560434,27.371042897328653,-0.3507637170299301,-5.042330933525465,0.0009553189890558,-0.9804773844563716,-0.2539115270824294
0.0142800822830959,-1.017990141621926,-0.3751743937142558,29.04306524188131,-0.2781933259035912,-4.949916032556718,0.0133926313717797,-0.9807468667127894,-0.26026466292783
0.0288796835246946,-1.0171060364023647,-0.3848511360528235,30.888635074275637,-0.5001466192166093,-5.058123284932702,0.0254038156228909,-0.981299113671062,-0.2673596589942879
0.0417755214137269,-1.0057154849748915,-0.3854773783596974,32.5482704194682,-1.016175260105519,-5.264080648871074,0.03077788447473,-0.9617033968007416,-0.2592101683472036
0.0439863511901151,-0.9890070972367556,-0.3749367578363588,33.25551683964487,-1.052204733558859,-5.553945134448452,0.0390686282738394,-0.9464714582655938,-0.2504460151109537
0.0399966907115299,-0.9867895131213302,-0.3657913946531637,33.90788379698965,-0.4738802807896479,-5.847778900581881,0.0347821399107119,-0.9439994181468356,-0.246797584260931
0.0362058570701343,-0.9819998461855058,-0.3596387413808831,34.293498067206905,0.4237044174402396,-6.016706885984411,0.0301419451165603,-0.937751579036645,-0.2447231987253978
0.0295907424212972,-0.9702187506274168,-0.3548986787893896,33.757887127434344,1.2297767074158406,-5.981107434258087,0.0270506040173996,-0.9410184757964674,-0.2398232739160097
0.0293156484413548,-0.9800506684529298,-0.3558592692952358,33.363091711333965,1.599872052885868,-5.942616218550229,0.0220413109709483,-0.9459682116906256,-0.2354679308896502
0.025488353322787,-0.9973477397396112,-0.3523754843990888,33.68949608646653,1.981229355377805,-5.953371241137104,0.0192908926608112,-0.9528751251775396,-0.2306575733745165
0.0165886021696591,-0.9973811366894978,-0.3295061629500825,34.28217695735591,2.694178667033719,-5.767643016516536,0.0124087608885156,-0.96428450774102,-0.2118987646435427
0.0190862682551452,-0.9878264891284472,-0.3126911276962023,34.587095162600455,3.4504237158525624,-5.448204904551834,0.0148103055319401,-0.956504057992141,-0.1922993450893928
0.0275669754340475,-0.977953127956616,-0.3172209828101396,34.31877372494256,3.969168711796268,-5.043442813928491,0.0233198162988488,-0.93856010271964,-0.1890260511360443
0.0292149480509492,-0.969406440340056,-0.3128957794649861,32.830680428292204,4.287428213868372,-4.614872471256967,0.0281134145074956,-0.9297283597617784,-0.1954345181130015
0.0285635505066229,-0.9676802007501788,-0.3134890486817491,29.97149143296539,4.175147117490097,-4.163665661814271,0.0300355348882695,-0.9303145498756789,-0.1998746247554317
0.0304654136074635,-0.983256219154141,-0.3261880101540979,27.56162860788055,4.191366605141716,-3.5321283221421726,0.0248928597266353,-0.9450791771441625,-0.1980286995578075
0.0314709272524838,-0.9992408341391774,-0.3009534591461347,26.72667563249825,5.033212048794492,-2.777748158834692,0.0255075371725558,-0.9650917949495992,-0.1863671265966307
0.0375629466881505,-1.004553022086637,-0.2754926778906165,26.66384688485133,5.835376797778419,-2.0595170358335047,0.0333814772900342,-0.9750302633750708,-0.1676234962467644
0.0457235579111735,-1.01519905724794,-0.2783414593174303,26.990248044163117,6.1157857565232,-1.4599239739856864,0.0432582071146172,-0.9827482114302096,-0.1554105460407786
0.0525628671364886,-1.01325694804652,-0.2639606629650788,27.470272211111183,6.313397952909631,-0.8563567358068329,0.0573450515771883,-0.985375206693259,-0.1488113655623202
0.058829825664471,-1.002629824968074,-0.2526535082386485,27.20368118903941,6.663021716675811,-0.5249958833710838,0.0548957390672348,-0.9779088536733912,-0.1428339241020712
0.036919145463567,-1.0068069571048377,-0.2541089370842156,26.36650368538148,6.570254829102766,-0.7158643037817546,0.0352547277346565,-0.9764068946117168,-0.1413001298654662
0.0140763384379993,-1.0124787973952754,-0.2606849694161673,25.32001456083026,5.713246957082991,-1.141732568169474,0.0217465522186019,-0.9792845203714337,-0.1376040383265616
0.0141997215261891,-1.015877965636176,-0.2462060917302149,24.372482438649858,5.088332957353377,-1.4558814582260913,0.0146132942242751,-0.9808961046949732,-0.1209598852691934
0.0008431568959321,-1.021209686722589,-0.2077130044911354,24.49199591466289,4.863513566117111,-1.2075665381986602,0.0093990547000207,-0.9804706046271218,-0.0984787338415073
0.0061467379289978,-1.026853945482495,-0.2073257292307868,25.56528527113342,4.336473713991011,-0.8000279620045428,0.0098337679170811,-0.9852477393943032,-0.0883727148363983
0.0225006187475321,-1.024502375842828,-0.2131944359247354,26.75218584123218,3.469286216533484,-0.7265129020919985,0.0218915142639064,-0.9958524257862504,-0.0930350788462058
0.0256888593568741,-1.0271877604063056,-0.2021331034662573,27.246260666409302,2.555165478928077,-0.800957350839578,0.0378272272868825,-0.9976668177024404,-0.0907485576064859
0.0426698815375995,-1.0432443939873794,-0.2016397092096302,27.98967562693211,1.5869309847010329,-1.2804198207943585,0.0434519130916944,-1.0057917106576295,-0.0777353316539253
0.0420873060317746,-1.0505622508298806,-0.1931714585539924,29.729789631363808,0.6804154616082392,-1.812246771079658,0.0404955467245377,-1.0109917897066776,-0.0740532542832903
0.036276250228716,-1.0494296894826256,-0.1824647474090642,31.30847935662817,0.2985822553971218,-1.9249548829843564,0.0370418066894918,-1.0063921448812896,-0.0691269284233274
0.0436793417870805,-1.0502526432115464,-0.1848227911181442,32.97905359887712,0.4750495021651526,-1.9838023389847428,0.0391422328365705,-1.012022395781988,-0.0603456842969236
0.0472083818690168,-1.0536057558513214,-0.1781593159389474,34.495620881669296,1.0486843407447548,-2.076049032426036,0.0434953512562599,-1.017493141987907,-0.0506360964706916
0.056907356571983,-1.0530619402238548,-0.1574903836750706,35.95773199239391,1.4997777608070562,-2.1326151994264086,0.0490145225858015,-1.0252602253787044,-0.035800234002557
0.0524472197446897,-1.0673638947118238,-0.1473833739464339,37.57267103649768,1.5695545839899592,-2.0031166213674783,0.0542018496035755,-1.0352762810248008,-0.0338008286217847
0.0417788673895019,-1.079769886035025,-0.1461121331263586,38.87820157122645,1.4932313556808472,-1.7779818679539114,0.0504096540619756,-1.0411605371308674,-0.0309591158820588
0.0508994142849009,-1.068640999562526,-0.148244211754181,40.72126554154521,1.199319446228247,-1.5536598024060235,0.0437875223379615,-1.0399056616789548,-0.0234555532868813
0.0477248494959325,-1.0768041226749123,-0.1301623738209766,42.41691477960646,1.0434048241945295,-1.3500565486310732,0.0392381925822054,-1.0424256863486512,-0.0105304456233712
0.0317680586622303,-1.0835508768424642,-0.1078946035761531,44.29658240572308,0.9137479711050408,-1.3204271960333478,0.0350911063156217,-1.051331807608806,0.0063875755739648
0.0391845667836648,-1.0746875668074751,-0.1069724017979348,45.96098212892903,0.6510291979004346,-1.2311755933041768,0.038298780086277,-1.0452458875208668,0.0203587508888675
0.0390989299083745,-1.0666032243552466,-0.1057367898647623,47.37437950526263,0.5604428140271609,-1.253441298163093,0.0420915305295005,-1.0424942560436905,0.0317435549278025
0.0426624923256475,-1.058646639139833,-0.1108866572235273,49.0413672677199,0.4428116601466834,-1.2731450307871135,0.0460742586360067,-1.0294301062233462,0.0202483776328754
0.0666149879423578,-1.0574633931429058,-0.0747682595923231,50.30937195674933,0.5867242738957091,-1.2396448313315087,0.0561006471874881,-1.007761249169982,0.0417765492454768
0.0544162266515543,-1.0302314758706173,-0.0636761279177067,53.75265042977344,0.6898317841641235,-1.09610763415706,0.0533016633568517,-0.9960610929884356,0.0508945941100304
0.0524400187846133,-1.011207451742704,-0.0517209165202143,55.96876772146648,0.3619491340723078,-0.7964722017998721,0.0489367656128164,-0.9756850945629996,0.0621903172237241
0.0364496327878757,-1.0100925895597532,0.0601968004078691,59.86184417531116,0.2050378370039591,-0.7345301497106937,0.0269945968707095,-0.9692905824711612,0.1571429959088013
-0.0136606590267899,-1.1102249628697396,0.1442245057050236,67.62176278627425,-0.660466913913986,0.0487924397943894,-0.0097092108501137,-1.072497734800987,0.2375943054476578
0.0189932423744612,-1.4505464699144013,0.2718124379714951,73.2430987443383,-3.3641744119154358,0.2968103852825362,0.0230764028235922,-1.3821444837495784,0.37988960276576
0.0738775406397275,-1.7648413602762807,0.2838476968965931,84.75138276627409,-6.4289040034703415,-0.0257187382349218,0.0699716793890445,-1.6969240563990833,0.4006797428789769
0.0987549120949574,-1.9460022708124296,0.0864101116027819,87.37772121012749,-7.131752656715458,1.5218232022467189,0.0852851764189782,-1.9013089975316109,0.2017670383776827
0.1346079782062886,-2.0847147827761763,0.0423804399085343,67.19920735183378,-4.716562748931518,2.8354006281221795,0.1291277339516896,-2.054046897938652,0.1489178945938204
0.1602073458535928,-1.931202842013897,-0.0031659494471726,48.71467257895405,-1.9635233264343497,3.734859050597341,0.1622750667025039,-1.8903268184978248,0.0978324817620194
0.1722377938789195,-1.5048557318634317,-0.1850596495177782,40.23141235014613,-3.147746768005482,5.100011070738579,0.1685431755625714,-1.4356295689486975,-0.0802767865562061
0.1717266346073759,-1.0226624747369777,-0.289669809489201,36.28529578091073,-5.9807412130043724,4.224295043180113,0.1600877402004042,-0.9628337655274644,-0.1786915458298756
0.1471409070397571,-0.6097576121562078,-0.2488019400362034,35.40527162515124,-3.7062273468858336,1.04136738467559,0.1279175500422179,-0.5704692114255446,-0.1212435118478356
0.0993655653229834,-0.4141897148665802,-0.0732810052216322,34.98465394438277,1.4178287290045852,-1.8650227801445365,0.0908850981697458,-0.3931114405270854,0.0575582096840015
0.0700564891684697,-0.3957477602657719,0.0741806031722101,34.72446168258222,4.066231528363174,-2.434029390427672,0.0500222090413794,-0.3870616547506704,0.187641225074236
0.0540708528264688,-0.4855349878509953,0.1244554252381796,30.68117229327562,4.209252103582712,-0.9055050227350075,0.032557085240225,-0.4777286337074835,0.2431587107620219
0.0419708437887434,-0.6506696084962618,0.1510916735085746,23.877377812644813,2.2945914047936884,1.4378554711990397,0.0459960814126573,-0.6430629851589976,0.2708837225657085
0.0512380356835979,-0.8216185961290008,0.1973984251782336,18.721945823908072,0.1176335158265088,3.720556889708845,0.051701723783659,-0.8009038008784106,0.3067508566660658
0.0424525356085544,-0.9423737761105756,0.297270900004024,19.19130327993338,-0.3474305676236965,5.037121669854993,0.0499334088357269,-0.9157375332500628,0.4100382495229419
0.0358168135017987,-0.9948723538042532,0.4056461320804719,27.699839838958347,0.6983507759447819,5.48879292354494,0.0451775374143268,-0.9669377041134,0.5160944738263755
0.0371095190896535,-1.0345812359447817,0.4665471069943067,38.75720896262687,1.9429542060108964,5.5039749581275625,0.0349160729391168,-1.0075274122864353,0.5798543585506658
0.0133122984678717,-1.0663494503159567,0.4589266003864093,45.88309511962186,1.6816436054719377,5.541659552051382,0.0224067316344363,-1.0488983138752517,0.5749260721027616
-0.0047253088394532,-1.078183648349703,0.3839916415177101,44.71220497106928,-0.0288400453363094,5.947008323595321,0.0051088306889648,-1.065502787291153,0.4941672218581981
-0.0034100443306575,-1.0923903885294592,0.2750902902519856,35.867208953511614,-1.8825501225757448,6.517999036815915,-0.0015160138362431,-1.076579331366784,0.3869947249173546
0.0156477324189182,-1.0957784745772754,0.1799682126306729,26.29989753355047,-2.8776842713271864,6.775541181662498,0.0143005994046087,-1.0690480338049262,0.2922826772461431
0.0343781237925102,-1.0781484215680026,0.1192744036486061,21.136848304757915,-3.3054205679588,6.147704158739513,0.0346562369536657,-1.053547294729321,0.2304903532513021
0.0435134848786703,-1.0394026623064172,0.0748602167396935,20.32325247471449,-3.6261848642515777,4.812606241805428,0.0455811571004458,-1.0196526673701949,0.1893329699036426
0.0555972270045334,-0.9987423196844252,0.0543093543843666,21.395535688589664,-3.1503039740025858,3.029810372306456,0.051603438069463,-0.9692705544666124,0.1706628622901982
0.0547277650078975,-0.9528604443205356,0.05761674254082,23.009076877793472,-2.030618573205746,0.8314460418507584,0.056209368981086,-0.9213416612768164,0.1679850854371197
0.0531299622107833,-0.8888092435841907,0.0550200358058737,23.85931776382804,-0.9381612950088132,-1.0477708754753203,0.0576020543244412,-0.8654216902326295,0.1670516253452453
0.0552397378333745,-0.8612545667088018,0.0538854955718731,22.348036585387188,-0.1500040565747233,-2.212602964666899,0.0536284008072748,-0.8355602947747409,0.1762359957814671
0.0484550866553288,-0.8810077938770565,0.0747051889882867,19.24073518037184,0.2157020744858347,-2.9670431089863927,0.0483365642802821,-0.8517520995268859,0.1948246882777849
0.043292685770154,-0.9255049918396324,0.1124369264688694,16.775521008065382,0.5640227742224294,-3.372576026136449,0.0446423724251675,-0.9010878512614688,0.2211572705653893
0.0325107742072477,-0.9837694784916116,0.1492355595203932,16.488587814221727,1.4022727506764383,-3.437003927552383,0.0401478039738467,-0.95275438844656,0.2512816482821427
0.0272239065625123,-1.014186094345962,0.1813946568706619,18.057542414884583,3.0145526670354377,-3.148008245353304,0.0346902809330113,-0.9826327452467144,0.2912186973441304
0.0337027201761049,-1.0249626047553262,0.2177747001309136,20.24013516892161,4.729908718910495,-2.720586798506518,0.0295938415694761,-0.9990542109645756,0.3302969661203379
0.029047596402574,-1.0227681455213264,0.2408087938632204,21.846219710236323,5.546053357250119,-2.342470240210919,0.0262916401665611,-0.9957640233048486,0.3501335979099803
0.0195685244771515,-0.9936743323093876,0.2560363323245962,22.016049610159044,5.800438394771557,-1.8688316698563363,0.0254779525057134,-0.9755529246793464,0.3639022868164522
0.0217671862572352,-0.9654096491036884,0.2769657433355967,21.15596471691894,5.864035403483648,-1.8010381665545796,0.031033652906886,-0.950285225484976,0.3773379585510282
0.0261919902534244,-0.9387932084741196,0.2758813129111395,19.90268048744693,5.496228420983636,-2.1767055589572704,0.0367446018272318,-0.9225355923069816,0.3845237820477117
0.0304591285056371,-0.9143040077302044,0.2748322918589727,18.1683671324828,5.182613586144884,-2.4499849453354607,0.0362975192606902,-0.8960275764334324,0.3854220379465816
0.0456406300769062,-0.8982471631551769,0.2816851248459991,15.740300123100196,5.1301424582112025,-2.7364401932879225,0.0391071866199138,-0.8709202699164613,0.3878924389741928
0.0489494453831531,-0.8738991294529013,0.2760906668313376,12.971018125036904,4.897330015729685,-2.828600979920504,0.0443013795901501,-0.8521343412667778,0.3843648812955124
0.0459082171943549,-0.8672595563016101,0.279423254752798,10.496038136960657,4.82287170939257,-2.693036445403461,0.0467298082041763,-0.846963269004134,0.3765056805920879
0.0516873665886529,-0.885365635046629,0.2772510845697264,8.629977944428518,5.294502082632897,-2.5423724908920486,0.0479831130995863,-0.8520253271422129,0.3824090389550312
0.0509244309192688,-0.8950666498323999,0.2802647749945647,7.899865912806604,6.033543493520664,-2.171694092176008,0.0476020790404816,-0.8660936735724629,0.3923591971490681
0.0518322707503871,-0.8988060100404343,0.2997995420823889,7.888145040792452,6.60329381450667,-1.8215825761929003,0.047210467098523,-0.8825685234836409,0.3981175849185501
0.0502991422263839,-0.9075923083215712,0.2981265438528008,7.4014411795464925,6.753352538180366,-1.5744806352875471,0.0481940344172514,-0.885455129725133,0.3975785627107192
0.0522864349783824,-0.9189053303984558,0.284829860322152,6.66677833905192,6.553275864020546,-1.3180283784154216,0.0486174637979362,-0.8897407010371238,0.3985277460252867
0.0433236806525659,-0.9202140590710464,0.28229862102118,6.0708655674570124,5.993402042173278,-1.066454883596348,0.0458860537032723,-0.8986141118608697,0.3989404175067995
0.0319866939182816,-0.92295309914155,0.2880634077996888,5.563373770739762,5.173548252689126,-0.6605519950023679,0.0412553527078608,-0.899371506044393,0.3911944078314189
0.0370087074800722,-0.9308525085058904,0.2787922972256066,5.335839261699554,4.141457216465631,-0.3006544186789348,0.0362500581163095,-0.9036517328227552,0.3924170189836272
0.0137664057718776,-0.9246363740908576,0.2635591779976254,5.017006505786731,2.7720911245997617,-0.0201660095815016,0.0316134402976106,-0.9070084694820908,0.3894736520404566
0.0115621536032565,-0.9224191902217256,0.2701238658728845,4.573384373117221,1.355037829347549,0.3136942995892989,0.0309456607058561,-0.9064443231699048,0.3830761057909603
0.0344643174885403,-0.9246980032905384,0.274548166511928,4.454336534657405,0.0902482483826743,0.6861486473386043,0.0300987992747368,-0.9059554979871636,0.3838498283819893
0.0338842758056093,-0.931923187913594,0.2723342710746818,4.572016003184619,-0.8497866783914859,1.102178967797859,0.0302822319179921,-0.906108520797872,0.3807473137198128
0.0383350063079222,-0.9393558940758284,0.2644220395746938,4.918988823856403,-1.4060113143668094,1.4630632547515554,0.0384141033953486,-0.9099867713734576,0.3820192978908991
0.0358745406187631,-0.927218968865864,0.2607716503213013,5.258088701828518,-1.9553777092516191,1.847448861547466,0.0441081761925429,-0.9098946275617188,0.3783446750062225
0.038910865021792,-0.93117883406095,0.2703349861663006,5.293781884237016,-2.436210420179989,1.972571506516992,0.0459822634559598,-0.9116910489159904,0.3729893267475073
0.0455944067177528,-0.9407843361655618,0.2593003950171035,5.130556881189625,-2.697419285989407,1.753546842075862,0.0456888221148896,-0.9152229490391576,0.3745487289685156
0.037418239957691,-0.9382753796204146,0.2612438394654236,4.7150566459890895,-2.887653186085949,1.4191890841292203,0.0373277394345568,-0.9138188031924364,0.3749321966240792
0.0323719430583007,-0.9471129122784252,0.2768311789187301,4.358171557626634,-2.9273099146921915,0.8492971285671788,0.0307014734075854,-0.9184909160968496,0.3769215465908688
0.0234441195623551,-0.947483460461516,0.2611788112774715,4.165668996999765,-2.470435415489697,0.2560766158815865,0.0248821826219852,-0.9243149127352744,0.3739189697977958
0.0120314202831824,-0.9460104123290544,0.2607788362868246,3.968521986462307,-1.362131929159618,-0.3450147799730906,0.0176112144766532,-0.9247352640268502,0.3771798502878682
-0.0011729130850418,-0.9507014332056823,0.2776737663594277,3.9892799026624433,-0.0578046253906565,-0.9308079768450788,0.0110644602627159,-0.9260753738055773,0.3853190185116467
-0.0010066017778998,-0.9511962535622132,0.2804602208843432,4.031296291753701,1.2738531841788103,-1.557801687241421,0.0039801727732223,-0.9239720471201552,0.386648370309389
0.0096441833638275,-0.945995611797794,0.2853045633305912,3.946227214278202,2.708041250223319,-2.345116040981705,0.0049593585565849,-0.9171622612273728,0.3937130615775431
0.0081398015131094,-0.9281303536667452,0.2937193685729823,3.794412949444091,3.7984967164100207,-2.8554194072747374,0.0078567883178914,-0.9105135350488996,0.4006565129894475
0.0100766362365675,-0.9222506852716654,0.3017932741755961,3.391035816244239,4.555397669082916,-3.328596494111634,0.0117226918186856,-0.9020786350968176,0.4081326843230944
0.018430279352499,-0.9203724968473104,0.3078679587371907,2.713276761939827,5.18069924498559,-3.7794431550703353,0.0220909882662113,-0.8947801456616341,0.4168053286762219
0.0327730714784953,-0.9088428072607466,0.306602557062995,1.7602958825756916,5.621899315133548,-3.8839926815267063,0.0356404144388176,-0.8903577899497629,0.4165586528430696
0.0538406576262994,-0.908997160506226,0.296283952221647,0.5489917771464928,5.997764266384363,-3.886783867555528,0.052777251769244,-0.889947322178624,0.4123599499346927
0.0702746597008216,-0.909986881830998,0.2958150033958035,-0.8085221231532229,6.106440767798645,-3.7016404657922553,0.0667717622006886,-0.8936767315168804,0.408859715117543
0.085382333482844,-0.9094496051852718,0.2972356826304476,-1.9957446894365385,5.911505456958559,-3.3949502781492704,0.0792342045764619,-0.8897814853982817,0.4074521042345408
0.0956189094125399,-0.9064994775620784,0.2860175271306605,-2.715634727251352,5.634930162972,-3.0729095660967847,0.0903522325944154,-0.886672071375653,0.4073135904719931
0.0920877857174932,-0.9024878561868024,0.29825871106067,-3.083018282748948,5.268169011068266,-2.613461569329861,0.095694355650842,-0.8859379881946619,0.4108577340338123
0.0927839329856921,-0.9058931893190676,0.3063974714521169,-3.0953571530420696,4.744612001509927,-2.032599695822202,0.0993392167710444,-0.8779413823388941,0.4178466381662223
0.1028147300994882,-0.902794895014692,0.3022749296523557,-3.035253566314407,3.966960875465532,-1.3604832605012789,0.1000626599477012,-0.8789264720383403,0.4232505638030209
0.1006911193635675,-0.9063200492245372,0.3137769867402619,-3.2502864803148435,3.07718213696792,-0.8268228848064132,0.1001855038854834,-0.885098770811035,0.4261819826166408
0.0892732970823192,-0.9189214532736232,0.2979788858363745,-3.4821515000966428,2.0345957428632104,-0.4609298902682776,0.0932634269196366,-0.8883602683405751,0.4251227798269531
0.0803431089105529,-0.9219327535018615,0.2886026253704336,-3.909076203593898,0.8457651495700131,-0.0866976209989502,0.0775606632972631,-0.8941399889923407,0.4190460434594805
0.0652974762208684,-0.9204018361601592,0.2940602385479706,-4.553459785596021,-0.1366238529832186,0.1608418008252845,0.0656342324074305,-0.901396250886368,0.4112109311906806
0.0457479334207232,-0.9307446202841412,0.2724987371403907,-5.00008053648317,-0.8890413791946481,0.2397807764282205,0.0492304062694896,-0.907830629578937,0.4026909937130131
0.0335428736764832,-0.9435173816546476,0.2691162486229908,-5.270091149012669,-1.3146529451953322,0.4038429748550914,0.0312491579238513,-0.910574904169246,0.3915454030810242
0.0165939899867189,-0.9433161162063244,0.2798545435673188,-5.274575199145317,-1.4240808847957889,0.6353680088445116,0.0221699578839901,-0.9172858658973057,0.383706055766795
0.0014106980551698,-0.9547644089573208,0.2770357193060911,-5.050213505629418,-1.4920915052642083,0.7879623642313971,0.0110854352158756,-0.9224719081705222,0.3790799647150072
-0.0001446542934592,-0.951744840323373,0.2662178009953216,-4.891953765715898,-1.570808815253346,0.9978584405133204,0.000138987894332,-0.9212283527685748,0.3743275332564604
-0.0020693138264992,-0.9403012449380284,0.2615994657520848,-4.79308473300958,-1.584445305736643,1.277667381316207,-0.0035431705047472,-0.923812583680812,0.3719581811957891
-0.0023859878826791,-0.957397838730365,0.2668383814240954,-4.568845411423748,-1.4047642525687511,1.510989125851966,-0.0037507032787626,-0.924729616150481,0.3709628781088301
0.0003080130352309,-0.9518724406338832,0.257665582173286,-4.326797780021936,-1.248776782854765,1.6981580771196805,-0.0009492447551043,-0.9227399774928452,0.3718421027925326
0.0101379595401545,-0.9426448063805036,0.2487890760910568,-4.322055014171432,-1.4180077028828055,1.7777094574997585,0.0081286909650519,-0.9211747129064664,0.3678581737589188
0.0145363908738986,-0.9428341149671372,0.2501917198977193,-4.540106594849571,-1.8314751654203567,1.7778086050381283,0.0166956314766995,-0.9167809427780784,0.3650516876433404
0.0100181375971333,-0.9313903617182424,0.2597018371786027,-5.016615826547981,-2.2308944670426114,1.8632590613474709,0.018061033631231,-0.9151293248716956,0.372142188590745
0.022451396725095,-0.940633487804492,0.2667329510902072,-5.267671415498011,-2.320501445264276,1.9259459866984765,0.0222637189633541,-0.915222828024046,0.3747780185849379
0.0334117631424115,-0.9396907415964696,0.2637013053952847,-4.879020113112571,-2.2009495866024373,1.848283298217522,0.0302323640758775,-0.9123701425209116,0.3768035409873326
0.0411755363413021,-0.9346573087856282,0.2698905077262512,-4.435897397413697,-2.0164700271760654,1.670950232612772,0.0369256844412984,-0.9115598478674004,0.3819649399332808
0.0529097100500821,-0.9431608525270028,0.2758428130064524,-4.066125576090151,-1.6271853278995534,1.2801827809864266,0.0440665490150593,-0.9111651807764128,0.3867445413676372
0.0537232025508615,-0.9359319955950604,0.2888866588637026,-3.562897951672352,-1.1864244962204251,0.7633134623462711,0.0505762237083022,-0.909781793009298,0.3957572945951447
0.0550973693428295,-0.941209728747706,0.2948214416460512,-2.88256181361196,-0.8105439269012255,0.25800218986539,0.0529847045115355,-0.9102392549315051,0.4001165699786384
0.0498974873077139,-0.9363613216487412,0.2860140792309424,-2.255751121359918,-0.5258432260874544,-0.2376627007487881,0.051882315761936,-0.9083021852269048,0.3998169670700681
0.0454295185922758,-0.9229094772051902,0.2901195473266553,-2.144443511477851,-0.3593067401879449,-0.5716181911473677,0.0522143251212139,-0.904573854264233,0.3994587070092926
0.0526683329604147,-0.9346399165504038,0.2909798599794596,-2.1862671062553773,-0.1994867047990744,-0.7110500647319322,0.0499805936364387,-0.9079624639099044,0.4001140434993196
0.0475337562940222,-0.9312030725826332,0.286841808102932,-2.2790109304013573,-0.1081718899229802,-0.7527694389059288,0.0466209525942188,-0.9116782117593124,0.3974305906823433
0.0468637070632985,-0.9320470247179128,0.2824909331094463,-2.56097252317222,-0.0170651696833985,-0.7210493642275372,0.0464971483457065,-0.9070044664476988,0.386781743534679
0.0501759249962285,-0.9403576243832502,0.2825488303089293,-2.7014370941979786,0.0084135303865275,-0.6849527397183989,0.0467834014872007,-0.9085135266105744,0.3835964656641789
0.0402725243910147,-0.9365052379993524,0.2745045860369863,-2.878422759579528,-0.0990808981539499,-0.6941477054960117,0.0455579580522133,-0.913549590334118,0.3844759753662023
