ADXL_X,ADXL_Y,ADXL_Z,ITG_X,ITG_Y,ITG_Z,MMA_X,MMA_Y,MMA_Z
0.039804994757299,-0.9224013383004664,-0.7499247355719624,-38.606205661529295,-7.353733413458744,0.937618269604967,-0.0384071137522564,-0.8789672290409767,-0.6025966170809832
0.0335458425637551,-0.9325892891488734,-0.7532828224477385,-38.229808478831785,-6.779829455353775,-0.2961699133273513,-0.0460639865087372,-0.8795185619402347,-0.60993967001095
0.0215537212786857,-0.931243592730706,-0.7537052297364345,-39.06105657982756,-6.173843767294533,-1.2893451243379568,-0.0515159806606797,-0.8779671427932124,-0.6083026550823081
0.0496637593774394,-0.931058151219926,-0.764023091110582,-39.49378804454845,-6.829503797993256,-2.340484287948106,-0.0343784016862914,-0.8806603663451256,-0.6066383374334399
0.0491964854430817,-0.94330198641336,-0.7616835798884254,-38.60627176789619,-8.1602852763716,-3.099791666758402,-0.0307679969008102,-0.8859245810710825,-0.6156741634587481
0.049357219955344,-0.9290894306968142,-0.7761906034631922,-36.99419954581818,-10.81609279413787,-3.4154231147056744,-0.0288043555165828,-0.8762774192487262,-0.635122984768061
0.0629667471263896,-0.9086753334586098,-0.8074203037191174,-34.875430585178826,-14.549858264271531,-2.8227758412728887,-0.0222397748748162,-0.854574323631103,-0.6619838105446786
0.0633018790444296,-0.891319751059102,-0.8217732992750618,-33.093792283726145,-17.859134075966246,-2.2599818636010007,-0.0242010417807473,-0.8311290164271706,-0.6781426507692585
0.0689213250746085,-0.8785954966112397,-0.8337335165566677,-32.040224923494776,-20.21024846649308,-1.22344664018832,-0.0199662184932439,-0.824601460182102,-0.6873027781397412
0.0370861674017825,-0.8859656495283235,-0.8290973684420936,-31.051730899305312,-20.99862040491197,0.3362703370722071,-0.0517510963584014,-0.8335056318236643,-0.6888870485420173
0.0419571938868456,-0.8742941429813398,-0.8392313367730813,-31.40197639707043,-21.73135797504105,1.115447478059699,-0.0497571498972231,-0.8219716376134613,-0.6821942906997398
0.0129931931209618,-0.8757685399103581,-0.8500447625944748,-32.69974220195678,-20.73703573223875,0.837962051102729,-0.0674587061244804,-0.8250529804212792,-0.6826569533424746
-0.00287460001412,-0.8687344248810722,-0.8195297187508512,-38.221693628053615,-20.972537058970467,-3.807690552376197,-0.0917057147437995,-0.8216711191878726,-0.6770725177567887
0.1010312659166193,-0.8250426948333742,-0.8253465242553795,-44.60069241321998,-22.46528729390586,-5.535787357753863,0.0018155759192549,-0.7739486225144755,-0.6891801112518101
0.0719708928886886,-0.8322892665653266,-0.8530553816616755,-42.3830192513546,-15.822132394149447,0.5904064662809972,-0.0098224451972992,-0.7782827746571017,-0.7081698136018506
0.0061632625077534,-0.86235926308606,-0.8544740326081488,-38.463467728969945,-9.831842726369532,3.5085215946538444,-0.0763339266744883,-0.8083086757278266,-0.7090958338105671
0.0206124266646235,-0.8605847539231491,-0.8777729691231966,-37.45768701322999,-11.033839246841818,2.666822274271148,-0.0645778963134771,-0.7954207451185388,-0.7315179677685945
0.0205499740467639,-0.844871608471561,-0.9057304706544697,-36.25235869527156,-11.900200922716628,1.621046548012948,-0.0619058732057057,-0.787901983677276,-0.7573034935720299
0.0344343000214915,-0.8463738960954783,-0.9173019081685644,-35.33129722341399,-12.414526734411988,-1.2362821774326695,-0.0520260776696393,-0.7941403981873574,-0.772875091138529
0.0336336213640531,-0.8417916691349759,-0.9303172545514148,-33.525662848447034,-12.2432138922656,-4.389118180988967,-0.0561585944303197,-0.7815399228680273,-0.7898227822608939
0.055216252270051,-0.8091479308011487,-0.9407365147458224,-31.3710564031312,-10.854647240698108,-5.278615419496167,-0.0366310795416746,-0.758381651981697,-0.7950776413073937
0.0231059864269088,-0.805240972478624,-0.9427952963802684,-29.800585929112327,-8.411195479028258,-6.39304267654881,-0.0592780800359773,-0.7541234551577531,-0.7813333516315069
0.0168817654806268,-0.7864647538014486,-0.922481602647608,-31.402864180395,-7.691572864207022,-11.279945807233974,-0.0596118669284823,-0.7314105941196687,-0.7622712459683272
0.0543958745681496,-0.7622825422990103,-0.896536626831191,-34.70474952923485,-7.689212874790138,-12.4196069406632,-0.0328559564497314,-0.7105564406453664,-0.7518920103559339
-0.0127977317285997,-0.7590117001718497,-0.873510741468541,-37.3780076819513,-5.907127903593899,-12.09279997395951,-0.1006863009520055,-0.7106292456238934,-0.7288705296744469
0.0279010587248043,-0.7073023230488081,-0.8598685743369074,-43.17255813706469,-9.36498568944385,-14.686226471232445,-0.0571631300921877,-0.6612551112220162,-0.7205636266172732
0.0650443634605233,-0.6995871390544016,-0.863661313615746,-45.56561943473034,-11.40125489687303,-10.409127378466216,-0.0324512121283438,-0.6353211060259147,-0.7286136820989794
0.0069874373053433,-0.719188043470993,-0.8645923647150477,-41.19182093985309,-8.749878694840016,-5.948993602241973,-0.0807368095776147,-0.6522709987206711,-0.7323532383139586
0.0187247202525238,-0.6909334088747968,-0.8914486406728993,-37.44777248216374,-10.379708500941966,-7.201631473733382,-0.0606479373567412,-0.6373254020373119,-0.7506333281240699
0.0616568718102922,-0.6817961304377009,-0.9362636044624372,-35.45134158250685,-12.743966350668217,-6.8512602718867885,-0.0288761290296594,-0.6214573221569786,-0.7764100053998795
0.0478985878874027,-0.6644967778032957,-0.9486368798813326,-35.30194604329552,-12.646416630702642,-5.789541517250334,-0.0347786516527101,-0.6141397198452057,-0.8055670875905436
0.0241945145676981,-0.657818714957337,-0.9441416672012636,-37.860844079546055,-12.185572913307425,-7.365134920111727,-0.0646377425851161,-0.6155816653067365,-0.7966013024539593
0.1351652522114324,-0.6535745055593362,-0.9697546272781596,-41.42169715204036,-12.690700099541337,-8.83214461735944,0.0416809426192912,-0.6015832233023178,-0.80818292086859
0.019609259044819,-0.6493189713563715,-0.972260901219126,-44.1476703548883,-9.56348593254618,-5.392040294566981,-0.0608279453087596,-0.6028474307009533,-0.8253524833237067
-0.0156534552442045,-0.6513029722611563,-0.9392931009964224,-47.48734870540101,-6.487036952350788,-5.473102041252049,-0.1057766425431911,-0.6082565894699052,-0.7863661644603919
0.0615399089582883,-0.6304028005623583,-0.9631038141494636,-49.672038362445726,-6.144318940221588,-5.330793585218469,-0.0117329704696159,-0.5836937365869544,-0.8145748024154149
-0.3177216427655048,-0.7138013822259474,-0.9344638287738738,-50.139199256105314,-3.768841921971769,-3.864194603977304,-0.3696409766308215,-0.6717958324876769,-0.79427098191411
-0.0440944473455449,-0.6659252437125462,-0.9307259180787404,-60.69807569860348,-12.522772532665728,-19.542183338733405,-0.1452284245121663,-0.6377812473983631,-0.7835848890467352
0.3255421422948599,-0.4904475099922978,-1.060992628454278,-72.87981588174232,-16.369381224059143,-20.96160671013584,0.2133226093383849,-0.4563138368503767,-0.913541407610524
-0.1106946228975234,-0.5557803709083906,-1.092875936283883,-71.94659466123863,-3.917877620330856,-3.5829740148357243,-0.1820827584997229,-0.5074059611557349,-0.945478017057761
-0.0344037522927252,-0.5710936243247183,-1.106707499011194,-70.9963045153031,-3.5565499205510323,-6.7361666383573375,-0.1260742389458231,-0.5225031259418709,-0.9562929569169129
0.064067468266144,-0.5651189239623846,-1.1312067720840058,-71.4318925415464,-6.310867343116546,-7.027947168196239,-0.0203623697563321,-0.504946155734853,-0.984318166721556
-0.1654397046322946,-0.6463655843693115,-1.0689798417874343,-74.71870264861651,-6.7939533760723325,-8.933685521010247,-0.2367821037805919,-0.6116384873118648,-0.9382705186612388
0.053716644878083,-0.527272413832313,-1.0809236263334832,-91.29385524562625,-13.222182123247576,-24.230851659252533,-0.0633850935495236,-0.5077750429781098,-0.9398485629449916
0.2285287250499263,-0.4652742764956764,-1.1010130668725582,-101.02149761920984,-8.77765949903417,-13.486455207996816,0.1254829732290383,-0.4013966933307731,-0.950628359512797
0.0711359845213887,-0.5335767585367053,-1.0950835247451585,-92.57372210654913,2.3021259575286432,6.040761102243655,-0.0152290421549201,-0.4765951316904196,-0.9551172977904272
-0.1591055123398116,-0.6020795907240335,-1.1246810564248706,-87.03737322360185,4.309682802595515,6.175381865439783,-0.2387494941150923,-0.5645345003849813,-0.9729342517189892
-0.1823872575472993,-0.637079123727549,-1.0985271836706094,-98.89161095230736,-3.436924933683537,-6.648507344222749,-0.2520494788424195,-0.6054271557168363,-0.9470940645146132
0.0746775387205194,-0.4959018064685533,-1.0848405547424624,-116.31725790838124,-9.409133381286775,-15.753709329305078,-0.0527165602652349,-0.4704415969514685,-0.9329986220121836
0.1152196777440799,-0.4285683417568155,-1.1359246148268691,-111.74695558351075,-3.046286226248967,-0.5904713514423873,0.0097705917284753,-0.3531122013840692,-0.9742771341867223
-0.1956117919537199,-0.5289686875079977,-1.1568521606633213,-94.94842495255224,2.8427760804364035,6.546213394989427,-0.2426094466268731,-0.4737838049238986,-1.004360768465035
-0.1498392347353626,-0.4535372768413002,-1.180900457817434,-107.881183127976,-6.50989863825525,-13.68876975697747,-0.2500637903057458,-0.4618509908732893,-1.0330208310137632
0.1278903952800696,-0.3014951802233689,-1.231290813218616,-123.93032237599824,-10.503456481862813,-15.409231126380966,0.011308375868228,-0.244282787349192,-1.0881739215524813
0.0306077439306917,-0.3444646942926942,-1.2674099150989262,-99.6405559693082,-0.6949589337772197,0.9758152077597736,-0.0598547552434723,-0.2417102187314094,-1.1252905987426038
-0.0381108484814394,-0.3982155577824188,-1.314670720886271,-70.21801726851906,-1.9676043248935264,4.536831263426435,-0.1375152411950596,-0.3398491474610507,-1.1659646300810549
-0.046014244420527,-0.4355851095566226,-1.3162761239034757,-57.28411940384589,-7.151869617760739,3.569914162172786,-0.1317238740960517,-0.3745036522634134,-1.1720462967577034
-0.0404765964507908,-0.4315498440148557,-1.2859778469108896,-48.85820798864585,-7.5410020159231985,1.6274567036106224,-0.1348104181687486,-0.3600428831672848,-1.1423640589455444
-0.0264771597546743,-0.3765413592170964,-1.2592938628138637,-41.04003810703667,-8.644729390886337,0.9325044941883198,-0.1297035578977358,-0.3277988860700738,-1.117170446553008
-0.12287349176784,-0.4291304060170658,-1.2072821765317712,-38.42784324189629,-9.0512183059466,-5.398742531812909,-0.1945806544366984,-0.3787370118775998,-1.0722615767793302
0.0195686351223142,-0.3521557891192284,-1.218481474923638,-47.36987307084112,-11.252834898917497,-16.710074790428678,-0.0697432843726355,-0.2898474584891465,-1.0756851052661491
0.0382241538519847,-0.266104441816524,-1.245042385689093,-42.64384890622059,-7.246277905611754,-9.965520050143024,-0.0717016149587167,-0.2014362637610892,-1.1015022187965564
-0.0900589782570076,-0.3281864237510926,-1.247085158559544,-25.123548914573725,-5.439119702607638,-4.221957295972519,-0.1796607631030591,-0.2648250865713145,-1.1087453028802607
-0.0448903422224646,-0.3229854635038818,-1.2702870086798346,-18.262348274076743,-10.611839535490155,-8.907491871806899,-0.1303136315454061,-0.2685484499768864,-1.126477250674633
-0.0664392127653803,-0.3257576126746709,-1.2829568008162406,-13.299975733912804,-10.17786452134956,-9.091857296085337,-0.1538226310608348,-0.2718456328109091,-1.1446950189977487
-0.0459473856188126,-0.3189042858908393,-1.3076579041647054,-9.518740098215202,-9.12344862666978,-9.62470642694096,-0.136521090044117,-0.2699056535577311,-1.169408361844974
-0.0133005178591261,-0.3025993925436937,-1.2974519476056725,-8.32068697112677,-8.292890170135534,-9.223455041280374,-0.1069832462330378,-0.2619394562986268,-1.1554186118471343
-0.0158676426972802,-0.3176208117392116,-1.2573578161262515,-5.568228572788164,-7.51661608946461,-8.941500771512185,-0.1090808097137178,-0.2683968999617698,-1.1230815887400905
0.00502878252843,-0.2987663671143066,-1.2375360574260768,-3.4875749083593024,-8.175361854915332,-9.502259633839158,-0.08685534026419,-0.2459422540196931,-1.1023664980655112
-0.0146494757195885,-0.3105897757088236,-1.2159299566855888,-1.064050106670204,-7.457145560636205,-8.782227290662709,-0.1059002501597329,-0.2560313390456484,-1.075186220996463
0.0007690234915759,-0.3304523752050081,-1.209502408719905,1.2693650478544785,-7.52604517856173,-9.370229180495322,-0.0986804815483693,-0.279593459726249,-1.0627777135287553
0.0084033406200813,-0.3190664179563525,-1.1946681910128936,3.88343037969194,-6.401638977104577,-10.117834258951108,-0.0847733311555405,-0.2784946906319064,-1.0398165702645277
0.0135121422054377,-0.2981118991803521,-1.189629996043544,5.581098868880622,-4.45905479447869,-11.043594539776189,-0.0722758592753503,-0.2509383997335052,-1.0326252331581718
0.0387145159348423,-0.2764620132078113,-1.1944969282583686,6.01511190200498,-3.8951454575852633,-10.661784554818736,-0.0517853145351544,-0.2272800981044773,-1.0542335968547176
0.0446762660641694,-0.274411266421404,-1.1869573827353856,6.219298294012945,-3.5968315766780394,-9.096639038078909,-0.0428282964353768,-0.2292714046143423,-1.04938493239478
0.0434430185060542,-0.2839793099898797,-1.2027219206931363,4.356319265597335,-3.396455712654927,-7.717579362049345,-0.0421566081518407,-0.232590275320797,-1.046224124185729
0.020124293884395,-0.2950445692509684,-1.2035436281448535,3.832489691061872,-2.4521982990992317,-6.21222137195181,-0.0690423360236038,-0.2442991976155439,-1.0573554241793297
0.0085463344969439,-0.2913087076427723,-1.192917451763258,6.483145701663698,-1.120341628217304,-5.861649785377392,-0.0839105856752322,-0.2457269027053794,-1.047371486465554
0.0105297121104786,-0.2821646433336237,-1.174529551274224,9.11308242611616,0.7954510233625581,-5.713627102052905,-0.0840416743234915,-0.2352242399049173,-1.021437855989312
0.0158097344793791,-0.2832044820597359,-1.135742189057458,10.6559701344523,3.2051205928290862,-5.23187120809734,-0.0802646655414648,-0.2358293090616516,-0.9955056654683192
0.0266570019179416,-0.2769399438888236,-1.1246211457262445,11.307609729973684,4.276000133821548,-5.103125215692328,-0.0620719103912485,-0.2340125721838727,-0.9761633663613232
0.028921810271857,-0.2620509611151413,-1.1211708561643676,11.611335522161015,4.139389908832312,-5.408198426101598,-0.0534935700912109,-0.2246471434770058,-0.9665263567177292
0.0336473561132045,-0.2540564146802668,-1.1124705117724212,11.920653603758298,3.5179433662270503,-6.025664147190986,-0.0535598259363406,-0.2166256155529085,-0.961137074195878
0.0240237883981244,-0.2609243462500009,-1.1032312242980329,11.993533924776214,2.7123543225700417,-6.5042799876151856,-0.0571863595999705,-0.2166585282025078,-0.9552344177396368
0.0134075577467975,-0.2668266697031136,-1.0887404388553952,11.087848745493574,2.301102742860432,-7.010008653357426,-0.0643359136022384,-0.2181769298841345,-0.9430617948972247
0.0242450549858481,-0.262064181555936,-1.0723863652557724,9.55558312021549,2.892896349016425,-7.03389876583972,-0.0598858283126293,-0.219180724279944,-0.920971853876311
0.0331497401266119,-0.2554602120650734,-1.0478937663739851,8.158058975627524,3.8732945721342,-6.510633804734949,-0.0484179299395765,-0.2203163434637272,-0.908406551164776
0.0327387631848288,-0.2467075645670448,-1.056083354643893,6.032112055215607,3.712771294869812,-6.230453140859789,-0.0491017565842983,-0.2126427507923776,-0.9149907573171312
0.0286009297442119,-0.2441837514396704,-1.071270990118517,3.063052826793096,3.0006715753093043,-6.212736870906975,-0.054707472481203,-0.2056857329092891,-0.9204897706951956
0.0265516336712089,-0.2516036568987335,-1.0492635407674435,-0.2722549588422319,2.698014604405501,-6.05614154197303,-0.0571492720675644,-0.2049744764208108,-0.9101719945224728
0.0184095382280077,-0.2475120235029184,-1.0355697931330163,-3.87904194255477,2.5361265090363,-5.574917400736984,-0.060670100006706,-0.2051246748829857,-0.8986078130669309
0.0110933355673746,-0.2427290209929757,-1.050685927198198,-7.160329049191375,2.439820548534158,-5.642658169137259,-0.0607916159950943,-0.2088469841579225,-0.903839441929808
0.0206803386608325,-0.2567747581490253,-1.062707876988228,-9.941368697851914,1.8485702086037348,-6.630246107091485,-0.0639558160089973,-0.2153815656336114,-0.9058581227309472
0.0126759964803292,-0.2641379999437194,-1.0476317657934522,-12.490732037898397,1.2295268927747656,-7.510773872856371,-0.0701708718489098,-0.222292892317737,-0.9006612900720657
0.0043617261488702,-0.2579867221529532,-1.0501638387701215,-14.072703850827612,0.8144100681234754,-8.138626596469555,-0.0672786848975914,-0.2224187611065756,-0.9085060022185394
0.0193078344199136,-0.2536601301601311,-1.0604754396619898,-14.20698365549556,-0.4568006024182936,-8.94898549857384,-0.0634786528402229,-0.2161603920529907,-0.9165240287141642
0.0158318611103194,-0.2551834769743466,-1.051559140653851,-13.84627342246677,-1.2722871650703262,-9.293045326066714,-0.066676054498311,-0.2118002095091286,-0.9205570647125252
0.0119561058142249,-0.2563535583417685,-1.0670231577854907,-12.599033863378576,-1.227104685855344,-8.69714505134217,-0.0669248738515892,-0.2092731347596722,-0.9291758163314868
0.014097770369334,-0.2554842524131195,-1.0687109700421846,-10.159397735482097,-1.42826102595278,-7.74659542067236,-0.0701109505593862,-0.2122984264658174,-0.9259719030893452
0.0067346069980902,-0.2609440249886305,-1.0478384432110417,-8.600812036546277,-1.420552272431241,-7.086513461107474,-0.0778312506524299,-0.2158738470520775,-0.9082755589092476
0.0033872301865219,-0.2673289491762121,-1.041884193759096,-8.832299272041976,-1.476479886223102,-6.846056352677037,-0.0794608388010371,-0.2188569464953246,-0.8988719845436624
-0.001858361331694,-0.2762642222887712,-1.0317382138616182,-9.813300382088451,-1.4808096157661772,-6.4880404921256565,-0.0828414229613824,-0.232343421623789,-0.8952806543891347
0.0040434627052974,-0.2686418574021074,-1.037744761164197,-10.64339359843984,-1.343691784515562,-5.7639520876733314,-0.0777899198427325,-0.2371773122441935,-0.8983747438323333
0.008217499855269,-0.2575665345434058,-1.0667526251344888,-11.43489718023848,-2.26456999165244,-5.329783769799958,-0.0714423019690594,-0.2254055027692425,-0.9204333917993288
0.0027113169254353,-0.2766109979793311,-1.0769801168611908,-11.887556771607205,-3.6715132298085935,-5.273701892204302,-0.0841335235682085,-0.2281129490071352,-0.9370180496865044
0.0035202501817637,-0.2831095743970445,-1.0788322497135776,-11.535758254722724,-4.212013606747186,-4.940640762354112,-0.0931732670941602,-0.2379498847824936,-0.9419015059686598
-0.0082049244680578,-0.2813825913450228,-1.0893624275519205,-11.366762892619947,-3.753475375798068,-4.415867045338582,-0.0975531751871983,-0.2345554729653598,-0.9444337454272984
-0.0122185135925514,-0.2864727579671714,-1.0875678127757231,-10.985283961499102,-2.860509340442679,-4.289140074570175,-0.1043341739107339,-0.2352711727073662,-0.943643260421462
-0.0069177038973378,-0.2831828063610556,-1.080600128032421,-9.794850080408873,-2.41839324630179,-4.61258629576063,-0.1074859301154564,-0.2348956237312852,-0.9406837582865
-0.015038517072744,-0.2797194232082903,-1.0760094590190306,-8.623398242885122,-2.3913384593754694,-4.854955925035369,-0.1089047191783006,-0.228980868464878,-0.9230762805555726
-0.0146849702142398,-0.2733707539209457,-1.0694372821514886,-7.714359038316026,-2.085296920287892,-4.770586281241312,-0.1078874844332394,-0.2359942835969001,-0.9119840871787712
-0.0092142471046635,-0.2814343182407809,-1.0672131275191223,-7.849926141541949,-1.7249493621503178,-4.6667335333037,-0.1065207604727235,-0.2427495341302731,-0.9183329644878448
-0.0082999276454093,-0.2853428501007079,-1.061486707137238,-8.758766099916507,-1.7583294813856178,-4.334526146119579,-0.0967320393681338,-0.2427347197740972,-0.91483040947996
-0.0020807292509521,-0.2807914197889896,-1.0551754236629594,-9.436473966152024,-2.242741500181879,-3.626886652338724,-0.0871488678881448,-0.2429259471655819,-0.9170784085560504
-0.0017391977417846,-0.2810164244986775,-1.081602145549364,-10.305128302852598,-3.1479707990745123,-2.9772872241457025,-0.0916515327805886,-0.234260809545898,-0.9389621257297472
-0.0074598952942109,-0.272642937071163,-1.1145211257357253,-10.038425511040368,-4.061605498465921,-2.3034714079282965,-0.1008701811801714,-0.2281676422242484,-0.9570921827451236
-0.0093883181924199,-0.2824190370844952,-1.101262260621514,-7.149909936642448,-4.247037470877583,-1.7400178039263845,-0.1069001380389345,-0.2317519808105532,-0.95585309845348
-0.0175388614420219,-0.2890009579437273,-1.1021784928490086,-3.841141376422836,-3.297411879269736,-1.4715857076948065,-0.1100182979333851,-0.236047887511323,-0.9528432057343856
-0.0100655472672856,-0.2907425415536355,-1.1110575346139795,-2.021273997592501,-1.61659362803457,-1.0266758449351143,-0.1113289357006384,-0.2469162984762362,-0.9616536472151528
-0.0010251572537849,-0.3026031258039494,-1.0875996139176998,-0.7131935275418939,-0.1413730064469438,-0.7627336843296724,-0.10763602953871,-0.2546949715615925,-0.9604435943774894
-0.0127877871771241,-0.2934252664907497,-1.094312247646638,0.1311301793767793,0.2672035931024788,-0.7998105099386925,-0.1022991974895944,-0.2520765869577721,-0.9525326927065264
-0.0020602115120856,-0.2848960054947012,-1.10231967278069,-0.0817127402845655,-0.4698314335468503,-0.8370445856953853,-0.0993068492790571,-0.2453948539160306,-0.9523203873225377
-0.0064283853806716,-0.2841352648935884,-1.0966658646036154,0.2289439080932053,-1.2582823716991949,-1.178397481880375,-0.1095866498524683,-0.2375199579988034,-0.9520966099746492
-0.0306439673302979,-0.2874290893285513,-1.0997358429331736,2.0457705380811984,-0.9847359358351756,-1.1713188199031366,-0.1222739246202735,-0.2423858709722325,-0.9520918237344268
-0.0242742238829783,-0.2920889417590445,-1.090001059583767,3.5377628177965765,0.3739815195176788,-0.7388605749657102,-0.1186617992916392,-0.2485035569856576,-0.9459220406835632
-0.0235383777201651,-0.2898540183762222,-1.0821686973247595,3.3867561834198106,1.8868069654664053,-0.269485078976672,-0.1169004389134379,-0.2477121820953978,-0.9370459517511528
-0.026491855755277,-0.2956481752936267,-1.0873872937767597,2.8846707862093206,2.447778564449122,0.3496093959305145,-0.1127915016791791,-0.2511110934581135,-0.9408444761857782
-0.0191487179652288,-0.2979637933511354,-1.1026404806102694,2.966935659597851,2.183114895646725,0.5433922013203805,-0.108296097542416,-0.2480914811565165,-0.9461438641046584
-0.0129167303583193,-0.2968746188384629,-1.090328092475732,3.21733208240838,1.8026912245851616,0.6678547880165833,-0.1101178970382458,-0.2451814505795085,-0.9443085016586878
-0.007104998318673,-0.2950328082137498,-1.081984712795355,3.653572371211448,1.560902214100535,0.962144031480132,-0.1063299091235258,-0.2460620636242753,-0.9376689242880788
-0.0074770799806423,-0.2938069331665719,-1.0943422436202936,4.322205825027927,1.6046511494874645,1.2509967566134037,-0.1049769215248271,-0.241464613624224,-0.9290843900686744
-0.0071542701448944,-0.2942026420245868,-1.0671970649401277,4.825132634876593,2.051519645973534,1.596864000849897,-0.1064444053787428,-0.2421386422530275,-0.9219977153971626
-0.0116431414850836,-0.2900244595567703,-1.0574549535976452,4.927776681486499,3.0298350926453765,1.5805809259162409,-0.1100096696184691,-0.2541311501517604,-0.910795005102898
-0.0209588011113568,-0.2982792444276535,-1.0682192696816668,4.852188697416194,3.6239814037971487,1.5173786162068723,-0.1134989990625397,-0.2622989895523098,-0.911662479288458
-0.0311418236207491,-0.2982896921506848,-1.0645097528188632,5.068151801112196,3.474312106632184,1.4410587792457423,-0.1200615828939952,-0.2569916387882763,-0.9288786004732402
-0.0354244565576991,-0.2898120590023527,-1.071009314877348,6.260192116753204,3.493347727545418,1.431346451521667,-0.12372313319395,-0.2534320609636428,-0.9325553145837008
-0.0335977111146448,-0.2840347681099098,-1.077287207227834,7.47826176220907,3.734965724228059,1.8663780432759085,-0.1162848647708647,-0.2422335845236305,-0.929775400405995
-0.0328375597763483,-0.2727302560458776,-1.084085179124873,6.956217075674125,4.425430408051811,2.6230238105815427,-0.1164835900630329,-0.2285600324022889,-0.9365053459890916
-0.0236775943180156,-0.2799520200781997,-1.077727935253065,6.099605487969433,4.939912936439772,3.5269631938776107,-0.1145510005399462,-0.2366989683644467,-0.9373380057977208
-0.0234695367353051,-0.2846974770182528,-1.0709456454081716,6.04244085214117,4.142143212848585,4.060788309402357,-0.1081731248091275,-0.2409164448764896,-0.926127429876343
-0.0235262872819605,-0.2782201433815685,-1.0666213238911355,5.317703032727184,3.200821318107628,4.254876818060275,-0.1109529054215863,-0.2387849260340465,-0.9162636630436002
-0.0242625199204451,-0.2812229726527545,-1.0448922316838556,3.0311420637600306,2.957046883462874,4.485817970618149,-0.1137578717259174,-0.243756788882418,-0.909874573067028
-0.015469670834995,-0.2971176719662169,-1.0438215370505723,0.355523284093981,2.6840416834186565,5.007732409577528,-0.1052309411809329,-0.2548294889414977,-0.9017687685461144
0.0027830829907448,-0.3122859600480593,-1.0524559460810037,-1.2891685639748514,3.013762207482978,5.295137861921439,-0.1027979711938634,-0.2629676418191002,-0.9068229240674744
-0.0237514908918315,-0.3015493233347167,-1.0533283782857377,-3.316679272804826,4.387295475004794,5.393483961199184,-0.1193128235430454,-0.2551484901008929,-0.9155737216718384
-0.017979200854655,-0.3020338962255657,-1.0586175952201913,-5.3319010826470565,5.776448085563507,6.130045976833816,-0.1110943436928971,-0.2577442877368986,-0.9154319644401532
-0.0043880991933699,-0.3158314432614542,-1.061224661151073,-4.873789167337722,7.143725054465011,6.527904058338759,-0.1066042930711457,-0.2649658266298203,-0.9240038860372272
-0.0319026522428663,-0.3086647813130022,-1.0720678056073891,-2.585164771587896,7.27247404322368,6.53247133210383,-0.1210218511356846,-0.2597333570441555,-0.9325325927296306
-0.0187414333881316,-0.2964904944210264,-1.0755182439766633,0.1533419948967635,5.824668704472612,6.369970197593592,-0.107880349902682,-0.2551044993394495,-0.9314436972345628
-0.024327424364838,-0.2909904344992343,-1.0694601073616967,1.7998973507741864,4.807919280062042,6.143638724170557,-0.11307151916221,-0.2538124983667956,-0.9252446025617967
-0.0270271101918972,-0.2987030602453616,-1.074811240976676,1.9215226542800352,3.9793887459361823,6.786999066916625,-0.1153457306862811,-0.2607549640650557,-0.921818737209954
-0.0071966889357527,-0.3111786422329096,-1.0697470339248767,1.7182819189853582,3.789673587959089,7.605912374265664,-0.099669030820755,-0.2609615427856586,-0.9277194295196723
-0.0101991310019574,-0.3164013075466607,-1.0682159197059309,1.6844762199394738,4.343538320803392,8.606821823242802,-0.1013374958636397,-0.2578107777030603,-0.9334336162500628
-0.0001727156754406,-0.3086221188326353,-1.0865227192513216,2.536468707498551,4.540960181006607,9.16804560049474,-0.0879877146838915,-0.2591849637689009,-0.9388941621518831
-0.0024618413299098,-0.292579241730327,-1.0916519956359296,3.724169461660757,5.325191719947783,8.610863127807244,-0.0915014960175152,-0.2517931261171773,-0.9386954888935848
-0.0080521277386802,-0.2872901484719038,-1.077567283283196,3.96926458726891,6.45457724479775,8.452286336377524,-0.1038085580835339,-0.2482332197276972,-0.9279181742013204
-0.0107199041528998,-0.2932777215500687,-1.0640521165095984,3.4700524614939905,7.245764736412012,8.577847667080286,-0.0998444930458448,-0.2495035257365466,-0.918733231895196
-0.008847929022448,-0.3004378051505755,-1.05945753907018,2.924980545976319,7.506059599886065,8.53469505342447,-0.1015435063874278,-0.2500883107918993,-0.9169097058157328
0.0032640265613565,-0.3039928454013975,-1.053733559684995,2.6495006147294875,7.140851499804437,8.217135286659946,-0.0920230758420784,-0.2531678497917193,-0.9173364027943472
-0.0003636881387246,-0.3045823433326606,-1.061138107393384,2.3820940801904813,6.512526960577253,7.55000218861702,-0.0951115599529345,-0.2548878316620897,-0.9186500876299324
-0.0041503252346356,-0.2952840978996204,-1.081002069925327,2.4819764269357334,5.766101182555626,7.063469827885793,-0.1014051170337262,-0.2536483833658612,-0.930070452299109
-0.001540163453063,-0.2935910194273633,-1.0837575107860422,3.302663027587544,5.583072166333741,6.744121614819402,-0.0927914303483418,-0.2516259068281627,-0.9417767224850456
0.0064125163343632,-0.3023921359626255,-1.0956860319202155,3.947608474181689,5.8453572376836345,6.879519902923989,-0.095685105516646,-0.2532016850324016,-0.9460973874659944
-0.0063157151471923,-0.3025133713099056,-1.111160286599699,3.8497266392018337,6.61076412421328,7.203342450094659,-0.1005690387151565,-0.2554672360136354,-0.9513687611313104
-0.0177514534721153,-0.304056475385266,-1.100075999457378,4.12045813106356,7.500240688118706,7.438674318153967,-0.1025906354898907,-0.2551426216889238,-0.951971064466353
-0.0034932568808823,-0.3002588003543747,-1.103009790817028,5.309981320789808,7.354622081537468,7.607727449039571,-0.1008720086014768,-0.2528120532575064,-0.9517052814617124
-0.0049866525022443,-0.2923651639710132,-1.1046922218847146,5.9374218585027405,7.021517412071959,7.325313330923026,-0.0997696023963063,-0.2488538635512057,-0.9514916772334544
-0.0022093634938555,-0.2899098874837819,-1.0873372496285,5.615801189883339,6.71113316656043,7.159470601606883,-0.0992305961063457,-0.2479963719405452,-0.9422755545840178
0.0041679194966232,-0.2933410609173659,-1.0972576713556388,5.036843514395277,6.271184441410466,7.196945402507025,-0.0940679602803209,-0.2516409101384265,-0.935470127405152
-0.0025965822244274,-0.2928563779284731,-1.0942372685704898,4.216144593983443,6.218146918093332,7.089779385033999,-0.0932717868675672,-0.2495455373574579,-0.9390993437406764
-0.003752092475882,-0.2849879182410532,-1.0749998559864913,3.418821856578762,6.034364398061941,6.94715906868824,-0.0945366281537204,-0.2424672174677358,-0.9420204896425378
-0.0046215775243086,-0.2825780769149981,-1.0763255455942125,3.0616163813429766,5.440757188709913,6.5931606548223325,-0.0957698378663515,-0.2417865913977817,-0.937959122647311
0.0006738307467586,-0.2865396389412341,-1.0751427014250274,2.978070161780677,4.453302477085787,5.86018588523516,-0.0907320810969465,-0.2446738470223921,-0.9357673828770692
0.0039189753382309,-0.3082710120534312,-1.081810708647673,2.605824898294242,3.591626412299388,4.7756736239425015,-0.0915438227477785,-0.250736648522369,-0.9401542243914528
-0.0046280871551449,-0.3195920815899588,-1.0880399112590269,2.083654390688085,3.048967796559432,3.9789029576949697,-0.099106772690256,-0.2577849571871977,-0.9418544782866736
-0.0018867201585675,-0.3077364714171249,-1.0910846539814871,1.4869483668560048,2.127947684023163,3.523801184092514,-0.0953613229398916,-0.2560420792719136,-0.9419758968141796
-0.0083274222872758,-0.301752345457108,-1.099219074852803,0.2944203767826424,1.5653396137395816,2.957499257919831,-0.0980953198239125,-0.2519555820509145,-0.9511236040245884
-0.0217078215960934,-0.3043253245710945,-1.114635280433576,-1.2160596384919282,2.196763406023922,2.791404784911113,-0.1049620923543233,-0.2566978940680415,-0.9612902888070398
-0.0061094144607116,-0.3121257076374546,-1.1160493541638703,-2.004923501105247,3.3993191523452677,2.918808065367321,-0.0980367184881234,-0.2672894432422497,-0.963559128788463
0.0049673810651549,-0.3163447227246795,-1.098848949870654,-1.2560871284021426,4.360665266229028,2.709572923979206,-0.0881133852172619,-0.2782033001327543,-0.9620020481684916
0.0019682029549376,-0.3273530030407701,-1.1178109908467324,0.1831187580623785,4.523949175908132,2.210289710583305,-0.0876071219124045,-0.2851883178713902,-0.9610882065358456
-0.0018216152235019,-0.3337007222739269,-1.1146506626826376,1.3041457591919512,4.06833999996027,1.5217723769219014,-0.0930587023786454,-0.2857937619376043,-0.9619920160817236
-0.0047501015938013,-0.329461459837983,-1.0871935859357715,2.516409511989234,3.919863473854491,0.9380716192486476,-0.0983452686555498,-0.2867362614383394,-0.9537798985213166
0.0021070466336502,-0.3318996324369456,-1.0820812945010172,3.4484689135972086,4.2109951516902,0.7313377875038232,-0.0989783684004756,-0.2835937996136387,-0.93778985990632
-0.0015487124577093,-0.3270051176346624,-1.0662480854810914,3.68309430449434,4.444789410112865,0.7346623654314319,-0.091446250030714,-0.2802448831135175,-0.9266018294202198
-0.0031809686582447,-0.3264897983024182,-1.069712622303019,3.7898236305418473,4.523342338240892,0.7150052697823428,-0.0880910314805,-0.2849623054930434,-0.9242820531908074
0.0022048594499013,-0.324896787742978,-1.0845233155176714,3.621538639284364,3.8716628156420128,0.4656235498531059,-0.0899606495408773,-0.2777948588568221,-0.9340295133467388
-0.0012725474198562,-0.313051400624716,-1.0859987439708152,3.2480674848436104,2.727089322417677,-0.0631083689973434,-0.0875892673816226,-0.2655407948769406,-0.941982650948504
0.0022409674927708,-0.3123961921338054,-1.0859660520895145,3.3621028663699,2.256464089826673,-0.6616089655106394,-0.0881914127318562,-0.2672292096364197,-0.943585959559478
0.0039511364864206,-0.3135819187310955,-1.0910404278848869,3.4217440702427524,2.30595992606435,-1.0919922667270174,-0.0920905353622273,-0.2682209990770454,-0.9421045728961388
0.0020467355755373,-0.3164005646327299,-1.0836942675258567,2.4982558111202886,2.6655601537632485,-1.2351468329607869,-0.0883940727803004,-0.2674812103439796,-0.933738357657821
0.0056598314354935,-0.3213967534386305,-1.0650780697945366,0.7168188177951174,3.1027372097705226,-1.0897706352098695,-0.0826514432564564,-0.2722201086510967,-0.9308653639983562
0.008446668568647,-0.3167429917635546,-1.0710121409211923,-1.004550463254738,3.1381497122065607,-0.8949989115811865,-0.0835168777098094,-0.2728277415721087,-0.928918869909782
0.0086347797144199,-0.3075553428086793,-1.0727610763532218,-1.8506788255769773,2.836958629411382,-0.8467977137092848,-0.0826200164116405,-0.270807284495136,-0.9253403995603732
0.001479679331026,-0.3046319782977553,-1.073142408087287,-2.228529181245477,2.078005656416733,-0.9839718618340404,-0.0838548769053675,-0.2695925181077543,-0.9278931588292912
0.0008170646730594,-0.3194799670334743,-1.0698962665606315,-2.7278119436475587,1.2813870587923797,-1.3285613505689085,-0.0893636487042725,-0.2698522943859145,-0.9251566512640232
0.0071979038911905,-0.3299093111042687,-1.049612005012683,-3.171661856705588,0.9337213769231112,-1.605260759864763,-0.0887817674286585,-0.2764800349201725,-0.9207095894344166
0.0038972406070424,-0.3261803911593847,-1.061164724283262,-3.728230830214983,0.9469047404686054,-1.7663722206108643,-0.0864442359071448,-0.2817117095983525,-0.9201185818724616
0.0034229803560163,-0.3307557550478801,-1.0784796335193696,-4.65263832575551,0.9993136519650336,-1.8251614399688696,-0.0813827706550402,-0.2832728967823206,-0.9218530592811158
0.0119271992899357,-0.3328131771183234,-1.08028622189458,-5.489212734770059,0.8674285683856486,-1.5446212551360163,-0.0705098488310664,-0.2860780792272586,-0.9325475602938884
0.0165000786927974,-0.3322938616632829,-1.093951140334517,-5.561975258143495,0.8359263372234311,-1.1906120596958532,-0.0645140421377504,-0.2867733381097911,-0.9464864512880784
