ADXL_X,ADXL_Y,ADXL_Z,ITG_X,ITG_Y,ITG_Z,MMA_X,MMA_Y,MMA_Z
-0.1165097154765623,-2.035196726910764,-0.262813375192257,-190.50699195331265,-39.55833923663622,-29.167680325751707,-0.1442812364741352,-1.8788840829762847,-0.1974619713660996
-0.0361022844655321,-2.1364793130863378,-0.2885691153465833,-99.07483091732844,-46.56854553603728,-40.659110403292495,-0.0651297568737069,-1.952522394338088,-0.2199371885468481
-0.0081105189898599,-1.9896535481113216,-0.247468436534415,5.38931380754526,-54.85152904743516,-40.88355101433622,-0.0333532422894459,-1.8206331762711625,-0.1867237111732399
-0.0060359903346398,-1.6800164849495236,-0.2063133986130716,102.3844719441157,-63.33690483705747,-32.213682265157644,-0.0336814128152893,-1.5316015267581262,-0.1380010932667274
0.000652099205357,-1.3035833463276572,-0.1933425849826736,176.7114214165475,-67.53752332425012,-17.964667832740208,-0.0266030701465474,-1.2290730462227095,-0.1050166645514548
-0.0013059688449459,-0.9540592409048452,-0.1795551647756946,209.83360587206909,-65.91939350844878,-2.02853165037242,-0.0302753911729273,-0.9661834629858151,-0.0926571327807736
0.0263469264878538,-0.6681832860804231,-0.1620362496327602,199.41692792752383,-56.9384954450909,13.056216434913113,-0.0099305134753278,-0.7039834072427185,-0.0834477435215157
0.0592627912640982,-0.4524739051691516,-0.1388164674791916,160.51091320724504,-46.17862749409949,22.171130331825182,0.0301905654969834,-0.4968748883855202,-0.0530799871859467
0.086605115901932,-0.2588053645438632,-0.0720737026646851,107.5597530606343,-37.45382265876536,23.99579050934636,0.0619980510667741,-0.3061702309112085,-0.0005794679323959
0.0671230127801954,-0.0848264419687417,-0.0435988401301651,55.95409755174584,-32.36820134904543,20.04199768220531,0.0534314033750699,-0.1390117554366159,0.0298199243481047
-0.0476508815442854,-0.0099858995608974,-0.0382076493338054,13.594488762649142,-34.68628920340692,12.800388640852113,-0.0429743723790847,-0.0550978125340803,0.044146317279628
-0.1852797386109637,-0.0361359638760182,-0.0389694790306956,-16.53360589525694,-45.15372192635683,7.505023883414832,-0.1684750746539483,-0.0497249507314725,0.0256330289343428
-0.3209891012346571,-0.1173226932293773,-0.1135525819168515,-33.336905190817724,-61.70981873247764,5.480756949077001,-0.3001714834452553,-0.1251702051087934,-0.0400166609738628
-0.3941193795200575,-0.2773414630489363,-0.1700294190584879,-45.17828304970509,-78.62343209101047,8.807170567532657,-0.3887562609364086,-0.2794770191594923,-0.092326802611458
-0.3559640107921607,-0.5031090544927481,-0.1886529554230118,-58.752931233663695,-89.69054255525691,16.001023745724602,-0.3635117515479088,-0.4992202835124364,-0.1065451235501657
-0.3102227857015589,-0.7224165821286677,-0.1471020038968267,-71.98065761704747,-91.41417852046617,19.99404110779404,-0.3307388670542203,-0.7091445354747951,-0.0654929503676906
-0.2881446525403974,-0.9284899187685328,-0.0644137700777959,-76.75691032134438,-85.54752747168823,23.387304126997712,-0.3218366739740614,-0.8776265289665495,-0.0010645755063481
-0.2648998599100377,-1.100732341114952,-0.0429383936816266,-68.08557730570766,-78.01738063225653,29.3172215897452,-0.2950271372625008,-1.0274211556738138,0.0401945448663803
-0.2216517873077599,-1.1943182841230755,-0.0144739200748083,-48.43594166207166,-73.0595292795553,32.587137021437044,-0.2490874534957513,-1.112087185511628,0.0593166742293402
-0.1236570704496089,-1.1899443403143513,-0.0224551670500063,-20.33810961936824,-72.12437775333503,30.29048829295178,-0.1483087936704981,-1.1014088219940212,0.0301772843329096
-0.0027037135583058,-1.081561153778178,-0.1220316251776934,11.036584441075297,-72.57702861962133,24.50213472742893,-0.0307076723233522,-1.0121211477986012,-0.0433137039316166
0.1196363993886116,-0.9352908311760324,-0.2154471528473189,35.27801839696757,-72.32412375025417,18.80621639868106,0.0795689381958911,-0.8995614226894094,-0.1314530582477693
0.2326412244038429,-0.8158033996396087,-0.2832274035257109,42.80148443668789,-71.3087879703992,13.338447803088002,0.1958618425366022,-0.8057175214358746,-0.2064436538300114
0.3250677762563059,-0.7198654732442329,-0.3056542018177051,33.82817882813979,-68.03794736958096,6.918908448701186,0.2854301647355028,-0.7262199530720979,-0.2364521471366833
0.4171061900271997,-0.6628671892895142,-0.270368663426125,16.257457873373333,-62.66135615054011,1.1916755490691062,0.3537860871337991,-0.6782405209231017,-0.212372069872393
0.466071267561407,-0.6742905698369812,-0.2132775285004003,-5.359631579902348,-54.35781052401112,-2.5884324472947298,0.404004102320962,-0.6807678058351264,-0.1391153433855145
0.4702551887788379,-0.7348154338446728,-0.1281430806019805,-26.841759714190676,-43.38277249130031,-3.6552824016430825,0.4119593380034805,-0.7351659595848608,-0.0440291915300967
0.4428260287095532,-0.8286436519486353,-0.0243650851821333,-41.28263151048645,-32.23720218487062,-1.6275502222534497,0.3765283047674337,-0.8219360250082726,0.0486270600491297
0.326915148314044,-0.9552951228803808,0.0518560269003494,-45.10250215350284,-20.80854148989067,2.699384203183334,0.2901816568440552,-0.9226355291529904,0.1192725267152291
0.1784928141193678,-1.0697451455682854,0.0780738207333308,-40.13820211359412,-11.339680646565622,7.813509272477885,0.155266041466999,-1.0236327125684506,0.1501189444655323
0.0327955350613219,-1.1438015333861928,0.0637351201481657,-29.06000384915456,-6.659055824036408,12.614689276281306,0.0086899384612841,-1.0922479888781742,0.1444829019391075
-0.1164366066219475,-1.1845013076946844,0.0216763483100827,-13.515776783716664,-6.502754551929872,17.20110778247925,-0.1248262397840226,-1.1220997133704342,0.0904517040788428
-0.2140282188141457,-1.1820104407718774,-0.0597364449068682,1.6077021802135945,-9.493867762356436,20.62134398910827,-0.226944361200407,-1.1265601591971148,0.001960704307275
-0.2688277210490765,-1.1566900705760212,-0.1517392169261961,11.990365751705014,-13.112740038062352,21.58579932401785,-0.2793390406121021,-1.1076838284777135,-0.0702168162878039
-0.263002976154305,-1.125004062825765,-0.1851137076744985,17.039989977478104,-15.252517083881012,18.96207140557674,-0.2846690005584257,-1.0752221697544937,-0.1014785357399262
-0.224011022424959,-1.0684866116373437,-0.1486570475816565,16.79908923487146,-14.41519477834182,12.80112602786332,-0.2564023561323022,-1.0387226525142532,-0.0816672363196541
-0.2002720924444212,-1.0247355122706576,-0.0816051379642617,14.047581018165292,-12.10564940959853,6.356706064629231,-0.2202294110666642,-1.0053419321874737,-0.0223216372461014
-0.1544651806456422,-1.013675317768203,-0.0123812850231019,11.86111402562114,-11.076327608685787,1.1126858113952518,-0.1801645344483095,-0.9879656065505628,0.0508741143929148
-0.1090630433643304,-0.990849214521854,0.060695495458245,10.603356923195648,-11.24010623864532,-3.8103251199323545,-0.1324152901274204,-0.9610469654139124,0.1187703192902357
-0.0625878816196241,-0.9486000026323768,0.1033342045763163,11.002541565842272,-12.641278723956278,-7.468877847548275,-0.0876738199841684,-0.9075982390847018,0.163768202576558
-0.0161590071001266,-0.8961183863495321,0.1014086645748363,13.901460098875043,-14.445348085209517,-8.580543276950628,-0.0415232687217702,-0.862349936194518,0.1796353377573432
0.0147912469871515,-0.8504390794732596,0.0937762863617524,17.911073741784147,-14.967098473292513,-7.459914333669783,-0.0042641211221747,-0.8292304402587249,0.1678372745209975
0.046451659712058,-0.8153021984857389,0.0756938857143213,19.095106024488825,-14.373537145872248,-5.072402783368636,0.0172269309607826,-0.7963097554177042,0.1477546620162437
0.0491653130912796,-0.7832283957696111,0.0451224889269903,15.020284197225909,-13.196053442942771,-2.008255942695175,0.0232375768681886,-0.7765773951658839,0.121156464999352
0.0382984837253371,-0.793751783470737,0.0009176359322454,4.810492496288537,-11.98151905262659,1.0013438488603972,0.0119448883627882,-0.7911081855795906,0.080849758215746
0.0187488417544269,-0.8441669063629367,-0.0336443551801442,-12.32962488948337,-10.712533730278055,3.3094354809655733,-0.0066893748354925,-0.8402599818374545,0.05480897178578
-0.0149295697301417,-0.9167793475823476,-0.0242836556060609,-30.446012966178294,-9.200478861718825,4.938389693944386,-0.0390704110201869,-0.9007509565663422,0.0489694117342261
-0.03202934499746,-1.0036662823908578,-0.0121280037716627,-41.31802095217636,-8.011789848240767,6.069881995865337,-0.0676952496985022,-0.9681838817241316,0.0543828605843199
-0.0472928344557078,-1.071763337512071,-0.0120847370705986,-43.73350142659831,-7.088791727574985,6.79503736427638,-0.0754700950215592,-1.0354789835374651,0.064745500100868
-0.0472848997730528,-1.1369635248152956,-0.002879769634343,-39.11640388539691,-6.068351431726103,6.766265128834073,-0.0728326607521508,-1.0878410487873376,0.0677187763361854
-0.0298550332567767,-1.1806826021183994,0.0051678848376811,-28.41585438962093,-4.963174228848765,5.501555575177489,-0.0594578063932275,-1.1164430396087863,0.0693727438358695
-0.0206366392125989,-1.1590003812970826,-0.0029111001307669,-14.985303056000433,-4.241684325396386,3.384114963753321,-0.0409695875198057,-1.1049836828890351,0.0659672114698049
0.0005848350439659,-1.1000294748135475,-0.0125686905996206,-3.950591361630264,-4.169239552731475,1.304188002181493,-0.0189278204107347,-1.0592596965330627,0.0556402597748818
0.0267468429834585,-1.0358072923047823,-0.0231350918504218,2.346677520717169,-4.5623655301635,-0.539614570037258,0.0009565493830633,-1.0035025230292702,0.0469844524928239
0.0421815906184833,-0.9755248067967844,-0.0392461165738242,3.5388980984394056,-5.499441540519699,-2.3868359066451896,0.0196216088526397,-0.9503503363829816,0.041920187429612
0.0593115516477573,-0.9349346836503658,-0.0280344450587029,-0.8882300294598944,-5.96010701762513,-4.046714045388877,0.0396153965864844,-0.9117723242635782,0.0472015687971828
0.0752203405667944,-0.9280367758687408,-0.0140071581987813,-8.30974440579168,-4.829000401669105,-5.1165685591404255,0.0478368180591099,-0.8989882849084947,0.0571860693393586
0.0804318235235079,-0.9429886722484528,-0.0010577482811281,-14.0801889134886,-2.350066798441236,-5.30490184352375,0.0495826244814909,-0.9083347633887268,0.0713753800610015
0.071013865880804,-0.9709057406021632,0.0287096568622763,-15.819490069195847,1.1093071077508994,-4.719201861354853,0.0402221389343133,-0.9318462423068072,0.0920348279520955
0.0539285935758502,-0.9972335164251612,0.032658355527626,-13.215331347213391,4.489083853204271,-3.864095637358148,0.0229916650205065,-0.9581707036417983,0.1048067032003273
0.0394406725623141,-1.005155422238679,0.0335919227914411,-7.151900704038623,7.082411824216215,-3.0861060768545894,0.0098602693035086,-0.9710864934693736,0.10484278639853
0.0228416004614286,-1.00734018369828,0.0337483693788773,-0.4595540104501703,9.29773553821478,-2.596426457090468,-0.0057629631751637,-0.9720443057916448,0.0952262189082125
0.002187308690487,-1.0009397870825616,0.0131802988208634,4.065652745579037,10.93686017051721,-2.3754038333169043,-0.0218656286119452,-0.9713859957498876,0.0839068140786227
-0.01653182086478,-0.9955236518930026,0.0085814836833317,6.085539300827655,11.931151872742715,-2.2028249164001665,-0.0414075657717442,-0.9707358695107212,0.0799575762348142
-0.0296675803827279,-1.0038569122783978,0.0166793752391235,6.396432983800201,12.521430374323396,-2.0725781453026912,-0.0542427729384458,-0.9723166883304248,0.0836764082468467
-0.0398025636007823,-1.0079443708911089,0.0227295012509251,5.8086214441402335,12.722711702707487,-1.8189186661183785,-0.0585652875062687,-0.9740362662312978,0.0896120349626296
-0.0490234550758561,-1.0038102541386535,0.0270388422933973,5.348583682547995,12.394012357504089,-1.464616237475208,-0.0681999599785332,-0.9725932627020076,0.0977087648268793
-0.048460357117383,-1.0001522750396217,0.0322114471513294,5.758770567023678,11.264339473969413,-1.2063367428989862,-0.0718105454754283,-0.9698117862184208,0.1047998553122074
-0.0463649454721595,-1.0015646668101486,0.0285694347251951,6.912008812140846,9.67495602807357,-0.5834383892425962,-0.0720656587235934,-0.9596442852746636,0.1008213493098544
-0.0470354662413081,-0.9900187933206976,0.0255650750770687,7.981471094203093,8.149581647201556,0.2636834429728581,-0.0710613898905477,-0.943748678239502,0.0921956322280248
-0.0372784591212247,-0.968884486358702,0.0278991177780481,7.979171193413827,7.482570645489824,0.8312355399926988,-0.0619432977907105,-0.9318654138996724,0.0802891932788475
-0.0279842244582391,-0.9591060633790564,0.0060734546081018,6.622397662401032,8.092418787926995,1.2566012175564156,-0.0537118712859563,-0.9239828797131584,0.0735670264631479
-0.0231629139014276,-0.956570661895887,0.0012990951012987,4.615915657515285,9.44001639548316,1.3212556294379203,-0.0439708499501275,-0.9218562518195412,0.0800257641937645
-0.0073837400032539,-0.9610845908964676,0.018234436420587,2.6936953991916317,11.406073608006208,1.1952580117400382,-0.0314215298929336,-0.9218837717677456,0.0849432266833005
0.0117690773718789,-0.96238739926219,0.0201201287452642,1.085638260904642,13.444485203153176,1.1236116221122892,-0.0203731911788572,-0.9225754258823208,0.0928810941305199
0.0134331480916435,-0.9626831776927074,0.029993209678321,-0.2488432210866178,14.705491097604988,0.8421614587256897,-0.0120312901033191,-0.9287380046343848,0.0984830625340223
0.0093682395286828,-0.97069550672479,0.0305926823496988,-1.2625798703149127,15.00424855929509,0.5841743384813353,-0.0126306662123249,-0.9358049255532824,0.0987871871520484
0.0056441332577524,-0.979965399351118,0.0285660616760651,-1.8957786353502355,14.837300455672851,0.3259559546503855,-0.0180115813852292,-0.939264518304728,0.1005676198750445
-0.005733906166362,-0.9825102701558512,0.037278475553581,-2.245392803899448,15.228752441436036,-0.0154361148277553,-0.0302141640759391,-0.9379980730076448,0.0954042191330853
-0.0173162556861457,-0.9706674582958242,0.0194140189882467,-2.5956535813754726,16.338883139298897,-0.2571257053594477,-0.0509385630411178,-0.9345458498558674,0.0884593163832815
-0.0404986969242528,-0.964029791943266,0.0001106345054596,-3.375319786688139,17.922604498455787,-0.2960582700634364,-0.0630289076004508,-0.9293109811572052,0.0777998950248879
-0.048236436254528,-0.9679438008236704,-0.0079231784162524,-4.897611257343794,19.599169567193314,-0.0738816855809112,-0.0676997331356712,-0.9283818631717474,0.067724632034149
-0.0403800562913615,-0.9773118919460382,-0.0251158528257934,-7.238524244971472,20.82893485412041,0.0650207612713029,-0.0707830527984722,-0.9347784806911854,0.0586072501579447
-0.0560032531883095,-0.9901709365433587,-0.0311914814278201,-9.795674524577418,21.68955336854351,0.0557722254504516,-0.0691607531757618,-0.9440688469045592,0.0493659724106712
-0.0510575596560154,-0.9922552291668432,-0.0189190602330478,-11.449853099237297,22.142424416351247,-0.1046142996657235,-0.0654910728888123,-0.9609590102858624,0.0535849773246106
-0.0310330158499723,-1.0004467934918262,-0.0168170489064897,-11.3658397312858,21.96257393785238,-0.4863243679713528,-0.0571989355417348,-0.970718416278228,0.0559295531223654
-0.0266389799918524,-1.0074453045438383,-0.0262825348978307,-9.39484241687007,21.10520960470362,-0.9157254985963216,-0.0471687055567926,-0.9701336746030044,0.0558383954722336
-0.0201114359716235,-1.002166407024781,-0.012527176291027,-6.360087178486717,19.94012323444492,-1.5948005274068118,-0.039957465789343,-0.973125134036736,0.0538348262424476
-0.0146837734703145,-1.007387020888895,-0.0157963181480023,-3.375330894369568,18.977424129835786,-2.392691035865951,-0.0327391102882783,-0.9698657766206936,0.0426845284655835
-0.0035661761712275,-0.9993263818511924,-0.0360508786935752,-0.973036082975532,18.42707221067753,-2.9709611548760315,-0.0254283794817782,-0.9669897328006628,0.0379478217857901
0.0031381706599683,-0.9843665803159716,-0.0269896195950222,0.5273674382108093,18.42582194753392,-3.1629673346873663,-0.0212525346771718,-0.962521931709642,0.0338389178732809
0.0017863894145962,-0.9881520666303534,-0.0339957349888903,0.9683025294182376,18.43892275788349,-2.777999829483978,-0.0214807017690229,-0.9466117753182416,0.0331925088313165
-0.003110166601698,-0.9815711999406992,-0.0328916778647468,0.7054547913345024,17.94817742913093,-2.10145040694184,-0.0242557630381713,-0.9383462573316288,0.0392461438101841
-0.0196477673512367,-0.9771153391968302,-0.0202276614038584,0.1832602720396645,17.263929009391475,-1.2952118039253222,-0.0367595092190461,-0.937967442042109,0.0443292024405483
-0.0345777614620461,-0.9866239182825784,-0.024128374022596,-0.4721006363483651,16.552235789038342,-0.5457175234058806,-0.0596329597438295,-0.9406491967126096,0.0532495277991138
-0.0504630182849029,-0.987112644626673,-0.0088975845229652,-1.1092555407517772,15.96379394002409,-0.1365748669366872,-0.0794703100650006,-0.9429820010100772,0.0593732594087388
-0.0672248468504493,-0.988357646647027,-0.0056983313623208,-1.1794878334797674,15.807628011323326,0.0649945282538373,-0.0934758221740856,-0.9452149522784772,0.0676222254292218
-0.0781626284885604,-0.990811356683333,0.0011454691774692,-0.6201236349733344,15.925490520821782,-0.0268769353820044,-0.1041187582671879,-0.9487946172402792,0.0759657650086968
-0.0840114824861893,-0.9814397439302458,0.0239483585514653,0.1047235085188351,15.915447646283823,-0.333836529657528,-0.1106233702630814,-0.9397941624195134,0.0771495971936949
-0.0798798180786722,-0.9751223914795424,0.0242900324343713,0.6578257807580614,15.37296072017148,-0.597054824104768,-0.1105252217713703,-0.9320769508205292,0.0829090284614125
-0.077220865639071,-0.9724746208966104,0.0284614070011841,0.3627683941717318,13.945894191615,-0.7632726140227981,-0.1057363489209205,-0.9288260578483868,0.0913047845494609
-0.075595042836953,-0.9573063185367902,0.027903864774222,-0.8835240587593333,11.817065826815783,-0.5722255221974111,-0.0984478944363918,-0.9215094386363276,0.0955459961872358
-0.0595859887161864,-0.952148299912767,0.0220010100052214,-2.534214293944456,9.47438376676512,-0.1027471403839162,-0.0870714723301017,-0.9186968113764536,0.0933912230000437
-0.0470252742785538,-0.9567070038765167,0.0280200219077382,-4.483783732329947,7.229318109773496,0.3309904536040927,-0.0762920839915032,-0.916054594739906,0.090901603945349
-0.048819057239781,-0.9580281354866867,0.0237260350276703,-6.411145727615472,5.551385252922751,0.7881544160152001,-0.0696893521038703,-0.916625370417326,0.0895603202255073
-0.0432747342418151,-0.9661941667443812,0.0109143828659789,-7.797743408085118,4.77928370115457,1.3563537805244898,-0.0655619617202103,-0.9202601332272276,0.0803480505092554
-0.0340487717250595,-0.96392657388017,-0.0021544573496709,-8.574238981364202,4.69923848963808,1.948607289529641,-0.0576733405983161,-0.9227618313889474,0.0683256929662937
-0.0329406709364168,-0.9715049824868894,-0.0113489672647191,-9.023763166275891,5.027722832182345,2.3282890466746373,-0.0522603783433734,-0.930901312415699,0.0602769193388299
-0.0338922415217124,-0.9899361671169048,-0.0120890966598517,-9.291424814124596,5.472933230200586,2.368935569627745,-0.0526315920695805,-0.943259976837381,0.0581900737868145
-0.0304878313982924,-0.9875428171341196,-0.0115597644766029,-9.00146736501565,5.736700436442569,2.142848392678612,-0.0505662646966418,-0.9503569520233516,0.0605661097286853
-0.0227740032800072,-0.9932845685825324,-0.0134412770953081,-8.005070643231678,5.713421212418325,1.848415631396082,-0.0536762465967404,-0.9555755461369246,0.0625158078543027
-0.0251938377528689,-1.001728631482817,-0.0079547111489813,-6.851409850559813,5.435042776735154,1.642680526166005,-0.0548600433497057,-0.9647562279059384,0.0653945906710771
-0.0256125201727993,-0.9932890224639188,-0.0036823944286297,-6.0883678226841615,5.139368210957752,1.4083460501458205,-0.0499109012873865,-0.9611924681561056,0.067544343328237
-0.0185006992727411,-0.9867876281409744,-0.0096544578055543,-6.063023946836096,4.996273220953139,1.146035494311984,-0.0459569785417144,-0.9510616206177066,0.0665042885339077
-0.0235641522366641,-0.9864681225887466,-0.0083375820263733,-6.865291432635154,4.859989215161215,0.9711420926936234,-0.0392259164064375,-0.9468368139776644,0.0649165310248221
-0.0183952505161826,-0.9883701050811012,-0.0127284290925626,-8.148417920497208,4.570072798794882,0.9034138868843928,-0.038111729563591,-0.9423716522403596,0.0595924525369739
-0.0089887322647092,-0.9880838069079708,-0.0215720449182858,-9.33171175231053,4.155523447007457,0.9712746182884084,-0.0380689596225836,-0.9481074941357196,0.0536496741947356
-0.0154746399915396,-0.991379320380261,-0.0233249493503033,-9.718672488445703,3.75783066872383,1.1525955817817366,-0.0353698781196753,-0.9565418739705758,0.0504440691855048
-0.0180450044399891,-0.9980072904768038,-0.0295587528264912,-9.153251676645084,3.592814949699707,1.4498404812297676,-0.0390388992047717,-0.9598527963381296,0.0461770226250753
-0.0164263258789552,-0.9979122973011112,-0.0265275275807479,-7.874599111197006,3.7844234495155353,1.7367496044914283,-0.0436817830431211,-0.9652267040351058,0.0440336892687671
-0.013815180470294,-0.9976852684401508,-0.030142989165011,-6.137461601029999,4.23494188121329,1.7817151680187615,-0.0457422885132924,-0.9660377884252312,0.0413087371837256
-0.0234110861914626,-1.0014980222463392,-0.0333692960128168,-4.66499374144516,4.713693505206358,1.6291071022556427,-0.0477803435603615,-0.9650336707055432,0.0423642349689227
-0.0316352090831296,-1.0027266591898218,-0.0217209626180568,-3.606601301856089,4.971118545334153,1.4160368213894927,-0.0513073824722563,-0.9675278102584768,0.0477088201335746
-0.0230696470634892,-1.003000429848315,-0.0229732429752537,-2.642234898232644,5.019002382336586,1.182905016147403,-0.0500899875028504,-0.9691435522023238,0.0452639020917441
-0.0314925360682907,-1.0044842778662686,-0.0235983733245019,-1.7073063361984822,4.90244690817486,1.0180622471428356,-0.0518562817320682,-0.9679489319070438,0.043826862879162
-0.0376946511304477,-1.0008810513867568,-0.0282518346004678,-0.6746759499604497,4.583559367593858,0.9426175328365348,-0.0606264700013943,-0.9663562059241796,0.0465510099244168
-0.0326731639343883,-0.9948203425630447,-0.0307130123169246,0.1213105602223867,4.278216571889281,0.7961454871151261,-0.0600249379743734,-0.9616046031411144,0.0450693587443011
-0.0399942671180375,-0.9876434096759908,-0.0230167105685522,0.5376168875089978,4.142851516365873,0.5847361612713929,-0.060710612170418,-0.9520119110776804,0.0412075884052744
-0.0387360809386903,-0.9860808148014392,-0.0314282267003888,0.5913993973745372,4.126786558799105,0.4715912234611424,-0.0637767881776436,-0.9446806169245228,0.03954757893609
-0.0346823095864595,-0.9872514503857528,-0.0356203261038224,0.2033183763952602,4.1069978766048045,0.4219263754034809,-0.0610561217410193,-0.9409099920865802,0.0407041279743759
-0.04167628077179,-0.9750045858426344,-0.0349352848302256,-0.2548491394942991,4.02845005476285,0.443996308804376,-0.0637764803411461,-0.9373258119334305,0.0403402223312949
-0.0405042989513406,-0.9724569005265132,-0.0356590555555707,-0.7975877467045952,3.879717652043429,0.545351225505039,-0.0642161514149362,-0.9368913757663524,0.0393000585436233
-0.0369040890101793,-0.9803315921726488,-0.0275812967572431,-1.4265403232799452,3.518007852213888,0.6878031772925891,-0.0634784578072634,-0.9381762755004492,0.0398669787507175
-0.038558403271882,-0.9825825778208408,-0.026298417900227,-1.978281321987567,3.092102081594916,0.8566668776636841,-0.0672900729182695,-0.9381657333637194,0.0420036607410597
-0.036829093777142,-0.9860097300760942,-0.0319778183232649,-2.287472477222209,2.8391710940168164,0.9566571047530807,-0.0643344760111072,-0.946579930208318,0.0464176608493623
-0.041595251286769,-0.987775599721832,-0.034855667364986,-1.9258896885339047,2.7509880679082777,1.0012247542774575,-0.0618001030993218,-0.9528014382284774,0.0509253585038604
-0.0417842029721616,-0.9898998190208836,-0.0297212541763389,-1.022664295305025,2.859511233489872,0.9009006114499136,-0.0640286887629812,-0.9456118963385016,0.0516546730416263
-0.0301831759310137,-0.9807666631784028,-0.0249556857485968,0.1167718983569664,3.0914267272387166,0.7144160688078125,-0.059417561989359,-0.9414404059354996,0.0511203425298236
-0.0304236324400752,-0.9763774826867055,-0.0257078289840226,1.0065714763847302,3.2593591153664194,0.5296977684797893,-0.0554018924148635,-0.941007665249104,0.0508637485574678
-0.0326401140070056,-0.981065299652474,-0.0269129822252902,1.1697892186133676,3.219424356754574,0.2605242567637397,-0.0580507760137911,-0.9413296535227864,0.0455533221843159
-0.0313064430391639,-0.9749403696901506,-0.030501472275334,0.6989139090895707,3.1071481109495838,0.1164370651253442,-0.054174128568783,-0.9398548913842708,0.0425936890323407
-0.0336534014614988,-0.9789621591310907,-0.0301616690715464,-0.2826537826969567,3.147451830584102,0.0393598811894521,-0.0503166740898376,-0.9365419252424256,0.0443895028620089
-0.0301078991933009,-0.9799879514600676,-0.0316362193256979,-1.3294687179384448,3.332341621412876,0.0103355031352018,-0.0545273335986341,-0.9427830730031098,0.0446761282495509
-0.0316382234120452,-0.9816703609923692,-0.0258846061609487,-2.0346714837759543,3.7216033267185415,0.1908853549539585,-0.055355415016004,-0.945272469883822,0.0473513922877527
-0.0366301826545095,-0.9866387390564294,-0.021311268764057,-2.2025984840923063,4.165679947323449,0.4254823772094874,-0.0559108301868702,-0.9453339199743124,0.0462172140157631
-0.0372214463429409,-0.9819816120685094,-0.0382559880791261,-1.8223316674426135,4.471605359129627,0.5851052650929516,-0.0607568283099866,-0.9546460146818752,0.0396074618760927
-0.0390703524228595,-0.9931834500765044,-0.0357814692090222,-1.283325916418542,4.693065782322252,0.6407329195689443,-0.0638329447901607,-0.9554843317065294,0.0373200676231941
-0.0380855310349244,-0.994105687935817,-0.0301991117186975,-0.7717169296792984,4.726119400410378,0.6597147406913542,-0.0644264223740375,-0.9535995451203826,0.0369408089856621
-0.0410810969488126,-0.989197394276502,-0.0380211043479791,-0.5143542941889778,4.5042361444478045,0.5005701692061013,-0.0653326950534111,-0.9594336352478772,0.0356523168997161
-0.0460116303041223,-0.9958893468000044,-0.0276089599695932,-0.491586208225771,3.97220896706872,0.2942813067952602,-0.0683513929355655,-0.9640460678001146,0.0378512741204732
-0.0440644083695239,-0.9924513284477968,-0.0292080359280577,-0.2910006319824544,3.232483844459163,0.216278437386114,-0.0711683363236847,-0.9649095313380768,0.0430898436731127
-0.0414047264380777,-0.9944458424817064,-0.0300722785601233,0.1127370822868041,2.5638693096119805,0.0686601052464676,-0.0688517041908529,-0.958300930514298,0.049143920220805
-0.0443880617495461,-0.9933801953692568,-0.0176881287097368,0.6437698519089694,2.052629903650928,0.0959525410435181,-0.0667464695886188,-0.9481113750501212,0.0553104559832733
-0.044343948974579,-0.9851409421077384,-0.0244617495169647,1.2259871380743923,1.9168328129330356,0.3158129277282573,-0.0686660017463079,-0.9412105009933134,0.0564227021308588
-0.040915381081529,-0.9713253952561663,-0.0240306570685201,1.5893864300434848,2.330689240421272,0.657576803645052,-0.0654027674271489,-0.9355548289233494,0.052428060795736
-0.042561857606906,-0.9600253195845342,-0.0178937937226617,1.4198697334847064,3.0597892657273387,0.9620531075149292,-0.0626313610144526,-0.9288484859886468,0.0484614227807395
-0.0320063243780961,-0.9705943696994044,-0.0169029913630744,0.4984567198010089,3.6613117364413386,0.9564550721019356,-0.0634868844864067,-0.9260716577629516,0.049921645620729
-0.0335196791081551,-0.9656591241007624,-0.0055174051157669,-0.7868062897251145,4.075990029155104,0.9414694204466628,-0.0597100504978979,-0.9279363768962624,0.0538809092543133
-0.0458661264075075,-0.9605023429137528,-0.0171741041682353,-1.769703243600672,4.395134508744792,0.6961668556310265,-0.0597215350602125,-0.9286329426162436,0.0545549770451777
-0.0325503284768259,-0.9828325069216934,-0.0222676694252817,-2.3215466690865183,4.505075758136049,0.2117511395597232,-0.0612709378056495,-0.935501796375839,0.0562535005811553
-0.0332481598673098,-0.9899597521416538,0.0052079310172263,-2.5757832763296853,4.69749519929532,-0.1440622569715352,-0.0573257166819363,-0.9438220871679832,0.0532530748090708
-0.0345667919058405,-0.9945306301490052,-0.0054305795176116,-2.6566735713893905,5.033727720404859,-0.4926277119560143,-0.0571096226529919,-0.9441699346220735,0.0510142051232027
-0.0274980947664719,-0.99821153225294,-0.0343001919423059,-2.62140472860529,5.318005615494044,-0.6972238845651202,-0.055189213612255,-0.9452065488018973,0.0517671371267053
-0.0393196151486763,-0.97820074598087,-0.0435833417301439,-2.5025982235564936,5.620091560004078,-0.7712962918290291,-0.0516561486890375,-0.9449853366931368,0.046813123476228
-0.0408181991228553,-0.9811101523077356,-0.0424584585076116,-2.3013787233559007,5.805263709241686,-0.7265954947995655,-0.0589460915288163,-0.943885802690189,0.0452467186450265
-0.0434565890485972,-0.9921313428201286,-0.0304973511905293,-2.0346302500211717,5.849383417439092,-0.4868634001872061,-0.0667056689688433,-0.9458365345575024,0.0389694907952788
-0.0454697129251859,-0.9816027918478252,-0.0402370712014516,-1.9410216546991848,5.731247352506157,-0.2000928943596356,-0.0699745524220533,-0.9449189386240142,0.0314521028073117
-0.0409282458615163,-0.9837611177575508,-0.0516542785598158,-2.0693469680803696,5.446997149176725,0.1149603751346144,-0.0738737890236792,-0.940441104826553,0.0289427240991793
-0.0457704339965499,-0.9835900692156024,-0.0455582879138875,-2.462596121794328,5.173220864042639,0.345764269738459,-0.075663942198428,-0.937088269428858,0.0269321273694285
-0.0432649608151156,-0.9797227183478738,-0.0440716918807482,-3.091342901082799,4.815836534352669,0.4369715390660824,-0.075776933823616,-0.9381872165033872,0.0319699234613833
-0.0423569483892205,-0.986676375618574,-0.0388746510904867,-3.4471327927818725,4.326575834574687,0.3367363618065705,-0.0756379206895741,-0.941835422539514,0.0307509212707052
-0.0462256998727603,-0.9885656381143606,-0.0393677087911492,-3.2629485840714354,3.747862689445897,0.0392229414567717,-0.0768743451957345,-0.9471080430497432,0.0304891692240386
-0.0456481966519742,-0.9924773511524316,-0.042542052957521,-2.6815680339920687,3.199020473536862,-0.2315370150665517,-0.0753805566707795,-0.9502225151338852,0.0360636268209611
-0.0450026387023437,-0.9888399387436102,-0.033369973091812,-1.835255806048746,2.8172171803914097,-0.4450320836411239,-0.0718856558164025,-0.9530887265400184,0.0334984377760109
-0.0455742319572965,-0.9788525405292414,-0.0289183759552988,-0.9985965488376276,2.479340573991069,-0.631959595856708,-0.070096163738936,-0.9532192728562772,0.0332837814155798
-0.0481007660244256,-0.9806711963075984,-0.0351580250476188,-0.6605515515336199,2.320015780155711,-0.71998071971282,-0.0665477746282294,-0.9471507409986768,0.0327267379171997
-0.0441080031895507,-0.9862748812391388,-0.0359714277641447,-0.8603243602905841,2.421018807470146,-0.6617422403659298,-0.0640513777527152,-0.951681491562678,0.0302004804861117
-0.0376909745831353,-0.9889799246544052,-0.0321830364053554,-1.2158478329579872,2.540180677116026,-0.4856695299957101,-0.0616014735760927,-0.9547360721540106,0.0310099510091604
-0.0352121186230787,-0.9829481497689604,-0.0397314619034153,-1.6014159909627608,2.733977989888464,-0.2988929510556867,-0.0587919049244053,-0.9515956933234404,0.0312077579710889
-0.0344880380071907,-0.9850389046568208,-0.0416971800814937,-1.804888301784348,3.125186110053184,-0.135141729531193,-0.0573322010368212,-0.9598869244034468,0.0348439933322036
-0.0366768501508231,-0.99926842323401,-0.0305474045188375,-1.659952458467342,3.631413509553412,-0.0327478372568145,-0.0582783127629154,-0.9616751883628905,0.0367493344923642
-0.0344676196948641,-1.0018226368849947,-0.0367110270055507,-1.3716787323944062,4.118478275791239,0.00423740139104,-0.0597955728451671,-0.9583027281219518,0.0339194650492018
-0.0343535931796775,-0.9969690707433668,-0.0454175429740399,-0.9723357681452104,4.557938829405684,0.0341586946646842,-0.0560302192182858,-0.964449168385798,0.0327011405805609
-0.0395420905429382,-0.9923241202070134,-0.0347920804596358,-0.5465832024687814,4.901429869151588,-0.0418146408518957,-0.0549174908264467,-0.9670821409863,0.0321222162054441
-0.0345049840569797,-0.9955580576305628,-0.0360999271493053,-0.1885710859269954,5.0322457625478805,-0.2033273870241665,-0.0566561185042202,-0.9657071106510984,0.0289785779426059
-0.0296583906020783,-1.0009173907235518,-0.0497485164927175,0.3203001317529496,5.048846155080351,-0.352506162414705,-0.0591403032029361,-0.9673186724046452,0.0257327634502303
-0.0396274548034315,-0.9970000629131928,-0.0472861859362333,1.0036091136887093,4.997494702563306,-0.5298831641575817,-0.0607138342564139,-0.9687052951711248,0.0272698000439325
-0.0462985443721067,-0.999540803632642,-0.0402046064863796,1.845903566601336,4.838735954354838,-0.6718754046475561,-0.0604101328024596,-0.9677435151143016,0.0306377369874854
-0.0394391716348863,-1.0010803559844397,-0.0355836772655573,2.937720685773317,4.708836893509988,-0.8350356900367667,-0.0660937447451158,-0.9642381616735918,0.0348360833572292
-0.0381894510212525,-0.9935898076641888,-0.0270641430083225,4.0834733343929015,4.610560080129141,-1.0660706085191165,-0.0657485941394502,-0.9619451177700732,0.0429214466570204
-0.0423620372003301,-0.9887715932182582,-0.0184429502345595,4.834421460743172,4.365440033295446,-1.2686010470676918,-0.0640488799429412,-0.9588672682295348,0.0521657311053555
-0.0418578117221148,-0.984569991156626,-0.010174503782934,4.992653054166551,3.9655146413945657,-1.5138816028559967,-0.0671531093937913,-0.9485087851077736,0.0574154009482814
-0.0435330263430166,-0.9772863927813654,-0.0164724037967854,4.691470535918107,3.461616419366431,-1.7457601328972767,-0.063999227575043,-0.939533535818788,0.057898114663525
-0.0405609804594438,-0.9714389317402156,-0.0202386437811853,3.6599637590936553,2.9936854382102216,-1.8616651871414909,-0.0644673302264095,-0.9378634124439182,0.0553377022910065
-0.0392650768144049,-0.9758705724576672,-0.0151879962772501,1.8258297715967493,2.832427951195723,-1.7759139968497577,-0.0656702497671714,-0.9382306942054516,0.0520969141055665
-0.0438987391187946,-0.9776272230376808,-0.0304752629317262,0.0092122908048824,3.1071892312584186,-1.5089325917018883,-0.0654407867460301,-0.9388659176558112,0.0467590873354086
-0.0419485082380932,-0.9737061305711464,-0.0363995196509337,-1.3270152586466184,3.880208716159339,-1.3233638385138804,-0.0683892444602722,-0.9423371759874676,0.0384103321760846
-0.0431562999742593,-0.9835880041561064,-0.0349601884143245,-2.1682240693794084,4.887326789427384,-1.16446186712981,-0.0673253811137049,-0.9494076355350618,0.038719475323891
-0.0427752017482113,-0.9943276337652328,-0.0375998279853061,-1.893118930926592,5.577484045881511,-1.0308207199947466,-0.0658727535087675,-0.9523018538765018,0.0451032571331766
-0.0401441209073766,-0.9917545960817368,-0.0240980377334277,-0.17997568283841,5.560952058772812,-1.0098388379583672,-0.0645717960375858,-0.950401684039629,0.0515192536396917
