ADXL_X,ADXL_Y,ADXL_Z,ITG_X,ITG_Y,ITG_Z,MMA_X,MMA_Y,MMA_Z
0.1324192326963115,-0.9257046181622776,-0.3035721377456167,-5.448325435515715,8.359314463302685,-2.0753551228305183,0.1002960046801472,-0.8986854663680889,-0.2419822145976662
0.1347356831934801,-0.9274902110686084,-0.3177059853255457,-7.196927827583392,8.83826378874248,-2.0872188974255046,0.1056591553154294,-0.8901515322950736,-0.2506036500761667
0.1307889825030006,-0.908987437482822,-0.3285301515343787,-9.556672978861224,9.37401693622977,-1.8689679658911484,0.1007024595661045,-0.8874072585540084,-0.26255762041712
0.1302352166183248,-0.9105860726659872,-0.3332649219267947,-12.070037460606894,10.27948840508095,-1.7285735005630147,0.0988077402304357,-0.8859091537683316,-0.2695790951179367
0.1280737908321729,-0.9226349609865754,-0.3323183576500007,-14.201683841385472,10.979785698897883,-1.6784313972716625,0.0972553920432221,-0.8922411473832594,-0.2691371138443335
0.1181235576996546,-0.9239220547894602,-0.3402470240912382,-15.667125062427848,11.005986960350532,-1.7292398585586786,0.0905634355943424,-0.8955002946704432,-0.2706564942795838
0.1146103038162099,-0.924992744762804,-0.3570485064541884,-16.932878528738918,10.876424996099503,-1.862221588567936,0.0869388340476343,-0.892515782825229,-0.2819260446635057
0.1140791216519966,-0.9218500211866084,-0.3556931396008076,-18.40322876346832,11.241589873615904,-1.833900757729815,0.0869612653809357,-0.8965873238770427,-0.2918285787103382
0.1154886461110386,-0.9288681028782184,-0.3566453936482203,-19.635187162743893,12.439955615774153,-1.7557223029391984,0.0860100302550528,-0.8962837314608479,-0.2940779737014584
0.1189033420138752,-0.9340900398598768,-0.3671675594330088,-20.54046748555828,13.881890351282513,-1.6815634664271204,0.0868046835662845,-0.8948252632280522,-0.2955551516730275
0.1184558136587219,-0.9196130508015842,-0.3756836479098189,-21.39502466519323,14.465641319298342,-1.4525984261590903,0.0917918616089383,-0.8915976793628733,-0.3015447786515364
0.1234092746262375,-0.9088856633388828,-0.3883154051399236,-22.6580125080852,14.476464949574275,-1.3089329036451214,0.0941874488176271,-0.880333161321418,-0.3168531003760873
0.129845886820182,-0.8983950536359369,-0.3927065595021457,-24.23068863457299,14.654224095865196,-1.4038664363211406,0.0987908414780284,-0.8754533820251569,-0.333107224250039
0.1394948459309809,-0.8874331392201513,-0.4005045251366299,-25.546856595507236,14.866024994661387,-1.5267314021533076,0.1073234726533892,-0.8691154003513871,-0.3438372105421403
0.1435906408464864,-0.8787996832910432,-0.4110970543818625,-26.323072882221307,15.038714984900992,-1.5825031652939108,0.1083534950055664,-0.8562018505718535,-0.3497342801226405
0.1306910809560708,-0.8612099383907501,-0.4089041266540819,-26.111477377991115,15.225283158221243,-1.4751222402037565,0.1050974384656739,-0.841037846809674,-0.3497005384738707
0.1266335791635422,-0.8449060085349277,-0.4041119713240253,-25.114512585885347,15.686249114855707,-1.1342221836141002,0.100111108209374,-0.8274434602660562,-0.3431107582363674
0.1247009223788347,-0.8351027923570266,-0.3935284377530251,-23.723402536324684,16.70385789926473,-0.5665114216360696,0.0945100675983356,-0.8174255427961079,-0.3259186019063108
0.1152152142474331,-0.8299860053289934,-0.3674007465909024,-22.188373271455923,17.839943019856523,0.1619320537574198,0.089195337581896,-0.8030188584627583,-0.2989406506424288
0.1080625248592374,-0.8234436256345985,-0.3317046968102193,-20.929063847700945,18.69936402300096,0.9249908903359167,0.0803615549392038,-0.7975735814337245,-0.2652551406134271
0.0951774040329289,-0.8123157960208398,-0.3015170833949357,-20.365050299723933,19.32998175273846,1.729822209393518,0.0753797883656319,-0.8008671075612955,-0.2378880685405678
0.0918345647243165,-0.8093026346879987,-0.2830954100208997,-20.98684409064086,19.65602056667892,2.3320360366868704,0.0729213380211788,-0.8023353643740476,-0.2262478332033562
0.1019553239750108,-0.8192038987736716,-0.2966284584167779,-22.558889739660454,19.062330621917376,2.531121714175485,0.0773527832308421,-0.8057470132409683,-0.2310190904013912
0.107181429066236,-0.8214313412004869,-0.3333108358510962,-25.61019434933957,17.387416800413913,2.47957832190266,0.0851337552437664,-0.8055174762162249,-0.2622789288211296
0.1074882522567142,-0.8156721881980731,-0.3639046581970032,-30.464506443381257,15.54612789427982,2.177963230981717,0.0790817090106745,-0.8081072422561466,-0.2977863682777679
0.1054304306776093,-0.8241570415133529,-0.397308937235298,-35.499363021084974,14.069961064817646,1.8055049509487275,0.0743629166385014,-0.8135569695820589,-0.3210361244198376
0.0978181531787005,-0.8292092232442337,-0.4079436594053898,-39.87966596335146,13.193147443265064,1.4811100466256653,0.0688435845214341,-0.814124830555897,-0.3448770798280889
0.0884724905012114,-0.8327678899521571,-0.4023790912025078,-43.42698336274611,13.026410067391891,1.1125964847561658,0.057185608476435,-0.8178944327365127,-0.3480613730269052
0.0884971918194893,-0.8465445585954111,-0.4049198539125826,-45.3415142234243,13.409690098843722,0.9431284794327058,0.0575413218170407,-0.8256459756249415,-0.3340379781556972
0.0905087728580345,-0.8542708979853525,-0.3970616591908864,-44.83271837237697,14.113863983682627,1.0443408482998895,0.0622105152771875,-0.8313062106443444,-0.3304703111230346
0.0899149487035493,-0.8544667419263562,-0.4054771910704925,-42.54471491313684,14.22337038097373,1.377154235237288,0.0656336090685147,-0.8316820079756324,-0.3372944478891
0.0974090492892683,-0.8404626146845036,-0.418393804524137,-40.10581949134472,13.537065138400854,2.012169650408003,0.0725819162629534,-0.8262195891671156,-0.3518799491588281
0.0998120506377183,-0.8240843905528483,-0.4129064319451491,-37.94223771899959,12.815482292082224,2.750240679127385,0.0764047201903989,-0.8098196007104369,-0.349664504658318
0.0902482384784755,-0.8097903602050268,-0.4041293090692954,-35.79996903340144,12.255098048700765,3.4495800310501026,0.0695187341731582,-0.7889443625264876,-0.3290763961094703
0.0813836445803427,-0.7848428041676379,-0.3860869484001643,-32.943103904441244,11.648897197244342,4.168229188666235,0.0590530486407713,-0.7744919632538757,-0.3186193754809719
0.0796802531707248,-0.764115163317566,-0.3821537892588275,-29.423057689161865,10.770158988978098,4.78935621359529,0.0542852269951812,-0.7497833410491583,-0.3156762562896243
0.0808560581467294,-0.7387196054384404,-0.3973113751586837,-26.76432770181341,9.694298495219286,5.395138774294205,0.0539163925559799,-0.7182652710273505,-0.3255102376423872
0.0774789602911304,-0.7104372287952284,-0.4063720244371768,-25.72777392245893,8.946596405668398,6.33144664178322,0.0574129011304595,-0.6980774075586599,-0.3409216435050408
0.083384515756579,-0.7030553445732375,-0.4049934184056451,-26.22658780625988,8.926803243110736,7.262986251723062,0.0592247984757466,-0.6876569595807172,-0.3380395546869107
0.0859490014262706,-0.7070056191607011,-0.4032274876844511,-27.986151279325085,8.919818938923397,7.652154342907991,0.0623820542374071,-0.6945336631746151,-0.3335228065208078
0.0784540448160699,-0.7275646593533001,-0.4053470386436432,-31.3239635495952,8.210720041739442,7.530473161016414,0.060238667783437,-0.7115569853874777,-0.3415791928504084
0.081381195214214,-0.7494563169038206,-0.4206765837371962,-36.04049868591596,7.214736866538148,6.944428490836334,0.0503369716548618,-0.7276554843663159,-0.3579664665493829
0.0703172481912871,-0.7537383350428464,-0.4526269638429322,-40.937024317900686,5.833996839908341,5.873549342033398,0.04907027452546,-0.7454036156546837,-0.3827834252140096
0.0569020019122933,-0.772594187008114,-0.4733070034529892,-45.5640047798341,4.53631846148473,4.892843513575579,0.0379176472756246,-0.7611648141043438,-0.407671772573287
0.0500734975340607,-0.7951470878586022,-0.4891487101649778,-48.97904856500798,4.673600646052135,4.352336825596865,0.0211078427352719,-0.7800823298839266,-0.4179388998455881
0.0409567762200568,-0.8157184593432655,-0.4872931734223917,-49.74787195443191,5.462408324680514,3.462705581844862,0.0178256618647243,-0.8004611309436376,-0.4156884225613329
0.0463399371549307,-0.8480418067313898,-0.4734362736272316,-47.18878500516155,5.416925288479671,2.3469171851003265,0.017617064214829,-0.8232824433861283,-0.4134867589940069
0.0484982575906243,-0.8728586377751693,-0.4889843903819197,-42.29095786245304,4.665823518569871,1.8375342056306136,0.0297452791692375,-0.8484517136952708,-0.4189310263331596
0.0801274633422531,-0.88867459326202,-0.5104671759230732,-37.59841701307546,4.055675061343,1.5215421903867203,0.0487929150009836,-0.8620807556265392,-0.4460207872705516
0.1052884242374302,-0.892854709052974,-0.5395754217425465,-34.66207078451856,3.980835325377469,1.094083119324181,0.0668042062833704,-0.8675560462589617,-0.4768185535272342
0.1078328905951813,-0.8908473542285292,-0.5484302306025826,-33.43370819399852,4.553344800717906,0.5757762276880671,0.0849927849883276,-0.8648554265033933,-0.4850368754331527
0.147113491911548,-0.8888885253093237,-0.5327987311627427,-32.693051923674055,6.189163151884144,-0.4215496197163094,0.0905402573946176,-0.8551712751627699,-0.4826651110306216
0.1295058485411669,-0.8776611381278121,-0.5427319185946595,-31.365504405854047,7.94824155097093,-1.739522256438297,0.0897503402852584,-0.8442942856046138,-0.4751794487569044
0.1044828502992056,-0.8566438499257099,-0.5331191728351921,-29.639323234556706,8.527695394742864,-2.55021382594869,0.0917485155727014,-0.8307811070446065,-0.4694518314803604
0.1310676528215958,-0.8333072987460216,-0.5174725358179444,-28.173594166674576,8.229372176227953,-2.250968129719684,0.0999283347548622,-0.8207402422238503,-0.4647614932108465
0.1299191346523041,-0.8220850470620922,-0.5316195510036263,-27.57198382657221,7.520118675618645,-0.9348986777570863,0.1058988005217821,-0.808788024815309,-0.4599575898417246
0.1294448959667973,-0.8071423601326213,-0.5365491963893594,-27.49544998883194,6.5830787044905446,0.9740873429415732,0.1029097223792782,-0.7925609519074365,-0.4675631214329057
0.1247846565036662,-0.7860286054794698,-0.5388557334259785,-27.810351829776543,5.319778728941921,3.2252323191565617,0.0984226215914798,-0.7791862176381354,-0.476076227737952
0.1209637874199111,-0.7806979830390978,-0.550923904909884,-29.42810108427903,3.790814096880116,5.404847446967246,0.0900343890505058,-0.7700483523919981,-0.4859619767480608
0.1133496755264141,-0.7806690720573586,-0.5673386272878398,-32.2326669945798,2.2697536921514687,7.055181482678818,0.082271106531668,-0.7687921849323517,-0.5024286670884743
0.0949437269533544,-0.7894327770925241,-0.5825771571016988,-35.40244515610162,0.9808835852338,8.172588947902486,0.0740223975874756,-0.7770297349575469,-0.5163531761894848
0.0905009221289299,-0.8152744359940145,-0.5895958346755275,-38.41223812969796,0.0318394816311228,8.796216615514922,0.0631711707806762,-0.797658351084788,-0.5238800432316726
0.0770485051657067,-0.8438902119352241,-0.5860727787219266,-40.01358003114105,-0.7529769015761894,8.975257899198025,0.0557352334546854,-0.8230428275252151,-0.5190718995885439
0.0762059404381774,-0.8691352411126487,-0.5718361343160742,-38.40200792248952,-0.9519287913606348,8.582116140789621,0.0457173773313401,-0.8427597208991251,-0.5121397650125192
0.0694902915081581,-0.8883928790928864,-0.5771416470208167,-33.74694296410152,-0.895176966457251,7.4670282583641585,0.0365565516901128,-0.857120568146853,-0.5181213808170444
0.0552465185402363,-0.8913056144035274,-0.605824793865902,-28.393268504585908,-1.0572361814634723,6.082117004404052,0.0318919027585886,-0.8622103781092115,-0.534503155141012
0.0629236625370811,-0.8765863666782924,-0.621863197518825,-24.13606991391341,-0.8175032958010428,4.691472890208626,0.0346361274120253,-0.8572582125659333,-0.5562277559120428
0.0641626104066477,-0.8604030960621557,-0.6287379087249028,-21.378389652686558,-0.0188809988281368,3.322044132363378,0.0462744056379936,-0.8444509649902644,-0.5728914709528068
0.0682834125398511,-0.848824555419578,-0.6327729422300672,-19.19303431046939,1.32241821029462,2.1376028831262626,0.0513244869408123,-0.8286478455468359,-0.5706701888233876
0.0768885662191752,-0.8377979081118818,-0.6177880190482927,-16.48705281538305,2.2008713423436537,1.2229620853945549,0.0550159419697842,-0.8173648478548199,-0.5551694000560597
0.0867036228881604,-0.8257648891066457,-0.601118766255016,-13.366871434676998,1.8093854368871165,0.8348167545994398,0.0627443962483503,-0.8069213132155743,-0.5371726350239542
0.1027212268623598,-0.8056163441178754,-0.5914199240007978,-10.558129804928315,1.076972303716544,0.9435813536070684,0.0719597353318437,-0.7889916732444897,-0.5219241353898803
0.1105340968498077,-0.7785604667954282,-0.5849133742913575,-9.003184091826318,0.8124557087726562,1.2224892808246763,0.0881682269713928,-0.7681332086124383,-0.5213912317060899
0.1076714191552497,-0.7615731896129434,-0.6075922252612974,-9.777567320107142,1.3842040333433416,1.4082267894228446,0.0882031400006042,-0.7548283474040981,-0.5366320875585474
0.1041046706933198,-0.7542114807849627,-0.6358376777441939,-13.86758187837708,1.669831002823286,1.3895696758647058,0.0777824108415859,-0.7498578498839146,-0.5572890523173784
0.109337857315088,-0.7579319965415561,-0.6387449289679783,-20.65938312188084,0.8280009179454102,1.413949787720372,0.0816610314761277,-0.7553516116643697,-0.5750331146603485
0.1076266682145604,-0.7820660221006,-0.638495256369491,-27.5962908978032,0.0157069344172614,1.5677896761888337,0.0777805931194383,-0.7697162325075941,-0.5813123680414475
0.0965084683487613,-0.7990390166385992,-0.6355983823200032,-32.218268851206815,-0.3574054771199791,1.958259414274985,0.067506099781958,-0.785294118259393,-0.5767607339060561
0.090541624047719,-0.8095942235925571,-0.6352999824629573,-33.13618286281079,-0.4312597247225385,2.6358338234361507,0.0633027006352714,-0.7970866740943978,-0.56925099417156
0.0870953629422056,-0.8195569547109618,-0.64214063214652,-30.262685179367534,-0.1587992046339598,3.4099008720767547,0.0552173159449651,-0.7953986291769768,-0.5655007652788047
0.0802234850933339,-0.7998817196899849,-0.6478946452872099,-24.22800534622773,0.5799843844362382,4.333243036530236,0.0491896705265083,-0.7821519136493247,-0.5761634391210038
0.078076207139054,-0.7765247894298856,-0.6640449871699079,-17.599973942512822,1.6043515640090429,5.104383375863788,0.0500317366830991,-0.7621094026891464,-0.5997726834414303
0.085154458630162,-0.7597003249808408,-0.6745803826978837,-14.181283469706388,2.2692613598803377,5.491738387675378,0.0546297693920217,-0.7400594482777226,-0.6171965377717944
0.0827645968910047,-0.7353925544277471,-0.6733262102688167,-14.695759918375382,2.586649808336644,5.598038699344177,0.0567867922639528,-0.7305066812476367,-0.6192812973209876
0.0828781244036874,-0.7379614613116956,-0.6809181839945536,-17.911606810443423,2.5011734721461734,5.285090024727733,0.0562115345086106,-0.7331775838686072,-0.6159552961020707
0.0887421502463623,-0.7587201072007711,-0.6867471562292181,-22.2858802868795,2.2836201361835413,4.910275517655162,0.0558787027816381,-0.7426919581753877,-0.6151241648929632
0.0773086313192736,-0.7649560725962992,-0.6838764750596414,-26.06869807726557,2.566385487412956,4.69456580999179,0.0477091832849446,-0.7531822767931814,-0.6117302059630058
0.0657593351913112,-0.7698675444159659,-0.6798172319074579,-28.364874033163225,3.3685548160395884,4.248302943994062,0.0381184403999327,-0.7598175924521966,-0.6095462521631884
0.0612385677130763,-0.7718771130291235,-0.6692135668989817,-28.34189308636444,4.832615118137325,3.697726694652206,0.0327181759674219,-0.7612574934074151,-0.607995380642647
0.0575840253797275,-0.7612817849010006,-0.6661900437971227,-26.18190769218076,6.582952552505313,3.5357467185710667,0.0289823745740474,-0.753072438357525,-0.6002403427617975
0.0520255861570427,-0.7523836196702892,-0.6646136606210262,-23.07771275661009,7.886850169218143,3.768585873079608,0.0291514087215241,-0.7392725653181181,-0.5973963976391283
0.0454380225116008,-0.7336206764526169,-0.6577010221353156,-19.39499439521461,8.001427690379359,4.103856687229006,0.0218188060734822,-0.7138769467689903,-0.5997362323811593
0.0489464715296122,-0.7052878329177429,-0.676013859357114,-15.850268635240344,6.730826592765154,4.789629534454303,0.0168953199787308,-0.6861877001067092,-0.6049655804782981
0.0543686701177121,-0.6877285233635064,-0.6841517086519763,-14.038096663523088,5.61731943554931,5.734278251691847,0.0287691613803477,-0.6776351763710649,-0.6147227853335966
0.0633287551589084,-0.6796243097188396,-0.6814459384383524,-14.87100850631086,5.360032387467881,6.529412866174929,0.0381587682285574,-0.6769265230411785,-0.6209420865425586
0.0753177663480361,-0.695771002908066,-0.6859159860037956,-18.30444319879828,5.329867936270353,7.548162455391897,0.0474115087582377,-0.6845504093630131,-0.6203356735545809
0.0811980624956952,-0.7172065751690395,-0.6704274228097228,-22.67957497781941,5.628968432406051,8.559624859280582,0.0585431549431097,-0.6975381922758668,-0.6143052574853055
0.0840095397038045,-0.7247024263270658,-0.6802922125327303,-25.130099748587,6.2463620765992935,8.936844629498285,0.0550985809796833,-0.7055155883709445,-0.6140668399925355
0.077233605994373,-0.7341263852666823,-0.6946902887825256,-24.84293314829421,6.664099621411469,8.588364280560846,0.0481110017176829,-0.7141343816826851,-0.6257404328604284
0.0633480979195017,-0.7349008820088174,-0.6974721478806143,-22.78309754745557,6.473362275942515,7.764164037129842,0.0368471424294714,-0.7160375106288366,-0.6437595146670902
0.0440476997582355,-0.7392344403522443,-0.7211087967209459,-19.961113335717855,5.51266942895522,7.209724989564398,0.0190852303238589,-0.7209350504077527,-0.6602850415239131
0.0295087138807214,-0.7472417583794808,-0.7198954697702062,-17.32078793219062,4.120429155622442,7.196331472891099,0.0121684249793304,-0.7294102044207253,-0.6686985138592199
0.0327750477404325,-0.7509656258878423,-0.7226807844797439,-14.79652411593701,2.997389189089172,7.913516229664195,0.0067342681625297,-0.732310623998373,-0.6750214099449072
0.034122480854362,-0.7531445993400284,-0.7390632417161279,-12.335226061102526,2.613600281174854,9.116160893524253,0.0071645753165839,-0.735567090078918,-0.6804126126790175
0.0445639589674236,-0.7440257432862338,-0.7378028554081596,-10.49103864035452,2.7222524624635622,9.60654623922201,0.0231377097067392,-0.7331217698276232,-0.6831320213562809
0.068169421084015,-0.7507952359520791,-0.7456017801923034,-9.299911031715808,2.6561913435407014,9.304383893031716,0.0385743735761347,-0.7368101446096667,-0.6892987234369349
0.0734632205875781,-0.7574323369440811,-0.7461299728443769,-8.242959309327063,2.4474525680189463,8.376682822792855,0.0521458710326961,-0.7464414510689904,-0.6921578421926842
0.0789376261083426,-0.7616229182480595,-0.7428734933638264,-6.982379631498289,2.6580747817964188,6.952912250278262,0.0536245471760225,-0.7561058433076661,-0.6887027332686789
0.0829978249886163,-0.7870398277816275,-0.7423982882622329,-5.210944774059974,3.2947877655398385,5.684752602932214,0.0470696495776087,-0.7751234372183801,-0.6828904119957897
0.0630898569754304,-0.7930286619094153,-0.7388261942356922,-1.9273532715287205,4.134411956574387,4.712459944504281,0.0434629728054363,-0.7885002675026409,-0.6738037809391153
0.0552759013112672,-0.8088381878866737,-0.7364776629499676,2.9588158394081576,4.888575354683775,4.370989115741733,0.0296045891245191,-0.7896345243899696,-0.6726783308258286
0.0548286537116664,-0.820250860808548,-0.7239347026246465,8.677375114495295,5.014003002941668,4.396578818729087,0.0189412182398068,-0.7800567457864532,-0.6720397254956074
0.0410937172189842,-0.774182585656959,-0.7298220783575218,13.817806379640476,4.595817312824813,4.443729342762895,0.015083584645963,-0.7601541817946071,-0.6682768793958801
0.0372793447458272,-0.7395278229844438,-0.7411051901989785,16.624983534798126,4.36497436075433,4.895040619092801,0.0127557430378057,-0.7337340086947722,-0.6748278805637455
0.0330488020296803,-0.7239582429068989,-0.7300310718444234,17.570007993351947,4.414923980156297,5.334018006559232,0.0131112687787879,-0.706892703904046,-0.6747739390071867
0.0286648535169173,-0.7035206690003074,-0.7257999611407798,17.032447682066273,4.2061384699618936,5.590065571843858,0.0110208685584781,-0.6907437828963079,-0.670025481712486
0.0313191214659968,-0.6966425431205316,-0.7207307007193342,15.5453366973647,3.5419243891758128,5.807011021610781,0.0149045266194007,-0.6857105244967239,-0.6613868742974491
0.0344919665848965,-0.7043621288710686,-0.7097838073610945,14.379054592352052,2.717596229232358,5.976217043207486,0.0185482281676082,-0.6950920088729442,-0.6425359439880391
0.0535179259442168,-0.7303880016395745,-0.7018680800934601,12.765277532993752,2.3424630585772483,6.2304950126883645,0.0239695210885656,-0.7138289409696273,-0.6358106343396029
0.0649856696633777,-0.7518295483460582,-0.6951489860703537,11.136446405297995,2.6787934537372724,6.32416808736108,0.0361362665796902,-0.7368281713142422,-0.6394112845885848
0.0693004825911672,-0.7692634167861823,-0.715469567669837,9.543844585833,3.352714956663872,6.106603351623252,0.0494976361154299,-0.7658422922377304,-0.6576791154110803
0.0927509959414652,-0.7963240227363116,-0.7503583211716616,5.954207580651486,3.770122274908345,5.3333168603093535,0.0616446821770253,-0.7909554931215701,-0.69045209191659
0.0960729596650611,-0.8237434171855422,-0.7736675582476058,1.088651065092183,3.415475604319583,4.011852302238794,0.0617474180531731,-0.8160016758737236,-0.710917874024164
0.0793377993011609,-0.8655166008833395,-0.7735903192076474,-2.112035465099393,2.8856277729324464,2.5526678251187342,0.0551786391770183,-0.8474287836731167,-0.7120704645813857
0.07424427262121,-0.9253768602664344,-0.7384985205761538,-1.3839343059199192,3.3636891840124123,1.193961550361501,0.0434739192456604,-0.887267465927156,-0.6907812562301104
0.0636093679279965,-0.9718648754850812,-0.7132583037039743,4.227682135010292,5.199105765027197,0.1363878962628417,0.0298473148788018,-0.9236735721734046,-0.6627405574660344
0.0474451750256919,-0.9732181085135214,-0.7205438313359542,14.96096737854596,7.640613333099632,-1.036955325796998,0.0179829119295121,-0.9275657074307956,-0.6596309159799671
0.0442243486035765,-0.9382738059434396,-0.7345577666314751,27.479091059678183,9.166925901456198,-2.341588400968354,0.0097931823460197,-0.9020349142551828,-0.678221420085863
0.0439752883961514,-0.8964429523420572,-0.74495915649948,36.48656858587542,9.352093879779131,-3.0723208038972456,0.0171194723646352,-0.87150934632574,-0.693306788955487
0.0414663569634415,-0.8723868693352455,-0.7473385505098745,41.1313071861293,8.72391309500948,-3.2814834709939764,0.0209333984189332,-0.8521309259994837,-0.6874506855785248
0.0506533462142747,-0.8622019084378867,-0.7303730372361156,42.605254391924326,7.378385925843877,-3.3543815378207653,0.0209229526356146,-0.8409573087159896,-0.6649170088175822
0.0574539142916585,-0.8482151487111766,-0.7028704573487935,42.21436386232659,5.29801468389016,-3.658061100319952,0.0272824732667237,-0.8331154536335998,-0.6455597687874984
0.0499441444717479,-0.8457957703364937,-0.7016372424670664,40.95987482016813,2.854224574516737,-4.204535618787388,0.0269063016029332,-0.8327278133520846,-0.6323412825011896
0.0466125401369202,-0.8363156726996059,-0.7016319558915031,38.534845034151004,1.1179909195684277,-4.57247938953928,0.0238155298827871,-0.8244770832366354,-0.6300249643893951
0.0510049186587702,-0.8169228406082159,-0.6933096866612187,34.72159617745218,0.5909175277832004,-4.7572206168464986,0.0242495535447222,-0.810864365725679,-0.6411569181442225
0.0595860636002748,-0.8186978571973175,-0.6981291988809926,30.25884038658863,1.176952127301446,-4.793005438435811,0.0332521426651493,-0.8099140631323429,-0.6375442183434654
0.0649324115737531,-0.8274389797448494,-0.6825751806022788,27.689433502173788,2.5951268194406416,-4.822547462404647,0.0424375263855466,-0.817214084737403,-0.6210318268444784
0.0650947686005803,-0.8416756583761408,-0.6729520624950809,27.877628118047387,3.6139186588760137,-4.948948047616957,0.0454286996630661,-0.8256669784139821,-0.6163655736658811
0.0704848757347261,-0.8464902015765637,-0.6799166326056061,29.250165322473404,3.82667638639126,-4.9887904133202605,0.0471345944884256,-0.8271580300926723,-0.6177046869758172
0.0716508730701967,-0.8347024685932578,-0.6797711352312912,30.679651709210614,3.7686569824369207,-4.945367752073528,0.0445423918709707,-0.8229799712740339,-0.6205016808444668
0.067474125245148,-0.8311076121862053,-0.6830397178578782,31.07189144658689,3.4686828085539005,-4.553303799259776,0.0460414175518977,-0.8173248588563513,-0.6202264558684
0.0652896016008315,-0.8233123029139799,-0.6662345524821158,30.789326557999097,3.285423301599722,-3.9959307511908855,0.0468972943799616,-0.8087960540662669,-0.6014018775750983
0.0628896962626355,-0.8077465924866319,-0.6305383334518888,31.13648782217432,3.437601576660048,-3.680326303143669,0.0415862186289045,-0.8015586085339199,-0.568840703796686
0.0652810881930755,-0.8070677938765662,-0.5906136878797654,32.47723605590785,3.5467826862403053,-3.3842476207434027,0.0352506757253126,-0.7936222071851391,-0.5326859451539968
0.0589488190747625,-0.8104933687790259,-0.5581637867112532,34.456870933628764,3.825133398561758,-2.9620821904227146,0.0258526187379316,-0.7893178786179282,-0.4993470149760672
0.0424377251244673,-0.8005875045059976,-0.5427642208226771,35.87170099817492,4.487673846177326,-2.414563506487025,0.0200485541442759,-0.7908014207005614,-0.4791488864163084
0.0431081880687375,-0.8040295364319011,-0.5274665195339109,36.3029081300956,5.22520692391548,-2.0629710443648706,0.017081463775915,-0.7914923244475869,-0.4678800612334186
0.0489806593907471,-0.8085500700898267,-0.521706038956256,36.1638710781256,5.952583535441171,-1.961583547857931,0.0168538512211075,-0.7949383682950143,-0.4622886283318697
0.0446905715106044,-0.8018310276657825,-0.52484789021754,35.63043890133273,6.409464178720319,-2.1754864411110866,0.0213141637840451,-0.7996752248684296,-0.4672872348307845
0.0434763084470522,-0.8154881630328312,-0.5330081189689759,34.9077861245339,6.374301189353092,-2.907169554584566,0.0209393715073635,-0.8013791806761936,-0.4798623230063293
0.0458704618062415,-0.8276464810205386,-0.5562957794686618,34.14382706533966,6.2957470231444095,-3.520442737568678,0.0180387060975358,-0.8057194310492544,-0.4897208410132661
0.0456073246220928,-0.828768284818457,-0.5650183836984433,34.16008157611012,6.609432294470697,-3.8898881843849344,0.0195911300956256,-0.8132593320484862,-0.4942920958842989
0.0442226012882848,-0.8350121867596425,-0.5578593233956965,35.21685072661418,7.351640617705124,-4.079891909881096,0.0224177957519026,-0.8192749983629839,-0.4972704309702083
0.0535719458274294,-0.8482114659945594,-0.5571651663641864,36.569236827076885,8.207481804174133,-3.728401321336062,0.0282560924919647,-0.8306550815048723,-0.4912282206234555
0.070717653539733,-0.8577157707327185,-0.5452359938389086,37.65619958343296,8.960647847910263,-2.960561424269438,0.0414554452087299,-0.838779415816497,-0.4843304629794014
0.0763495533930199,-0.8422261199515496,-0.5441463957954573,37.17233303650044,9.423856648996372,-2.196143437193141,0.0518800713585079,-0.8301213432801969,-0.4886925856625228
0.0745356383150761,-0.8282164664353419,-0.5611159821339433,34.726657840454955,9.349451254486254,-1.6409650327834426,0.0565140212887702,-0.8233202697393445,-0.4950747985902182
0.0806441687438178,-0.8414429402264357,-0.5552254498089113,31.349996007572003,9.266331991519303,-0.9579741442487713,0.0615214165368145,-0.8305873867900384,-0.4961572238173692
0.0898576825618242,-0.8639965457189884,-0.5488430735994314,27.85103677147048,9.699972330314402,-0.2185163129931132,0.0613508540995728,-0.8434826739858478,-0.490690583036776
0.0930028209543269,-0.8739987364775329,-0.5548524951725919,25.503520765982863,10.5819920147976,0.3678517303977767,0.0628976687101845,-0.8516179177494926,-0.4891226140952324
0.0950238532544236,-0.881470018407134,-0.5512995459273569,25.065795022649063,11.356001450258352,0.7971660728604733,0.069669827671295,-0.8578156943678439,-0.4916164847372221
0.0971818802111208,-0.8912795324876857,-0.5490967127665987,25.701985011547343,11.382587054479371,0.8862437798889581,0.0656299525247989,-0.8658756564859387,-0.4903508573226754
0.0897185095997728,-0.884961487868442,-0.5441986055199943,26.238278493673157,11.406704305084022,0.5485556464277488,0.0613244415923749,-0.8641161539166932,-0.4852258300414191
0.0749382744710555,-0.8809093391777846,-0.5329711621269606,26.75616053462958,11.79697775574167,-0.608623267004793,0.0604331615034254,-0.8576120724882585,-0.4771805855260704
0.0717467419695964,-0.8778678271649241,-0.5348920375433869,27.430542851464693,11.957782052487444,-2.1227649393092785,0.0489829725560227,-0.8558571436331073,-0.4741169907698365
0.0784604329371702,-0.8762020517802661,-0.5216345384332429,27.514058962336527,12.465929069294546,-3.606081393601615,0.0454498869379328,-0.8584715771627276,-0.4585386613271555
0.0779633945854004,-0.8965386319246734,-0.4839257599015047,27.373577004646265,13.21817496536432,-5.275836146370998,0.0476986617559462,-0.8721543201061587,-0.4258464813997215
0.0717796436725792,-0.9032971821187756,-0.4637057142204875,27.938037848258592,13.460884229313816,-6.517510371765912,0.0428897797765933,-0.8803027711730006,-0.4017588085737674
0.0731391284746074,-0.8927716033756956,-0.4536026254297636,29.08909622280846,13.14108472780348,-7.393914687564057,0.0454005073645332,-0.8665583954462944,-0.3885809652312753
0.0842521248242457,-0.8746545308825676,-0.4476867223218358,29.520326794592915,12.137417139611774,-7.850298582663116,0.0506121406933585,-0.8506824172900442,-0.3828267710692042
0.0877342969293806,-0.8470265256458767,-0.4500408452723711,28.20603684886008,11.251554033431123,-7.670917927711854,0.0556273847549343,-0.8388609624644594,-0.3808982003182534
0.0890478285788729,-0.8464125293674303,-0.4484057817971911,25.433170888533414,10.759326295578152,-6.937861246238205,0.0631216338894909,-0.8369393271857343,-0.3769346682246588
0.0951343429655678,-0.8562468505370531,-0.4449764849145664,21.84905624402666,10.03581574182,-5.439994748000187,0.0663165474132734,-0.8432116541831871,-0.3700957320703145
0.090458477032365,-0.859754345796929,-0.4394051617890269,18.990705799767696,9.132056699705284,-4.174759229095257,0.0659116776908805,-0.8397207782535339,-0.3698631560409773
0.08560375430173,-0.8709348632012623,-0.4434760353375694,17.239907436940523,7.743251082528917,-3.478264175880959,0.0590917375821358,-0.8467787301618515,-0.3780569647501427
0.0782113961751045,-0.8851970327450658,-0.4452343007587587,15.303007083873736,6.197743934067718,-2.738487160554753,0.050449947821142,-0.8621447850016305,-0.3771732077497344
0.0661672839639342,-0.9060893085006664,-0.4276657144268121,13.470624332171228,5.261518795645916,-2.1035361460942754,0.0468639705992405,-0.8788701748602824,-0.3676993066495204
0.0670305164945151,-0.9281264636202966,-0.417549529093711,13.063523145846167,4.816794737735691,-1.5769061277380128,0.0435277047608635,-0.9064990077095304,-0.3553233932613109
0.0686458295855136,-0.950753694486104,-0.4181627523468627,14.61418606583022,4.710790840048382,-1.184468268970663,0.0390219684617232,-0.9228103583862042,-0.3456027626945841
0.0687444873401356,-0.9622223311206752,-0.4114372856012581,16.834843748503268,4.553295394058511,-0.9926670190015928,0.0375594122306169,-0.9327070803716148,-0.3393513423716389
0.0661964321710637,-0.9632621540124034,-0.4035885586507243,18.55656239894042,4.122874039393928,-1.0824404169912614,0.0399904212153441,-0.9355390642169604,-0.330173411102552
0.0637421037505712,-0.9650125454054376,-0.3972521529487185,20.186579207511933,3.723725141268729,-1.538465950439774,0.0406340826645492,-0.9263007364298528,-0.3291241794757377
0.0768003608165356,-0.9506645649666878,-0.3953883653494101,21.807109444166567,3.5973076153564847,-1.9517457916266805,0.0461637684846865,-0.9227794808575596,-0.3294584236735813
0.0892033072525696,-0.9335045017749676,-0.3982440514874548,23.329532194980075,4.03590852081768,-2.1388532734058514,0.058812833013089,-0.9127473391931876,-0.3214772019407235
0.1025114421609615,-0.9246751162576494,-0.3850967693252329,24.386193838386145,5.04058795787879,-2.526364897313794,0.0671445869512703,-0.8961644213159319,-0.313332524617099
0.1114243164815627,-0.9089692506451416,-0.3755031676919433,24.579131282405918,6.064729457659894,-3.234355108144172,0.0765479069096866,-0.8808383747174596,-0.3043839877328185
0.1041708988592935,-0.8852871669545216,-0.3698079760705264,23.839401107473005,6.516057752783293,-3.977438114808392,0.0835711379095009,-0.8665121043588078,-0.2954057126869305
0.1031801734416443,-0.8714206043009212,-0.3511609019237708,21.73255821838489,6.354972493827868,-4.705713159090706,0.0798626865221286,-0.8583957188739905,-0.2856953925398709
0.0958404410282276,-0.8685231419525472,-0.3558115226860546,18.391966772304244,5.867006238068347,-5.1797105158449686,0.0748786107028278,-0.8497243692428273,-0.281731704055179
0.0873316469710479,-0.8667301838600052,-0.359366426706694,14.187952531698402,5.396752586041593,-5.114943641221997,0.0703959243161907,-0.8510551309015089,-0.2863687639645921
0.0973895115833143,-0.8848412938970405,-0.3473470629847931,10.257538960536696,5.443240583431983,-4.647131170030896,0.0665216490484096,-0.8664825670503067,-0.285430189054824
0.0962282710750464,-0.9065065033539472,-0.3555053541967851,8.012327551478293,5.652391171633304,-3.882232895434055,0.0627392710135996,-0.8756593960138672,-0.2833454809703852
0.0856293368831888,-0.9079338622373324,-0.3634206766789183,6.865124162241542,5.243731574232989,-3.080992316781295,0.0627120670236612,-0.879954688256682,-0.2867973841128765
0.0861943719155356,-0.9103591186861062,-0.3604241986060811,6.309789125989477,4.452270242147982,-2.586691658718952,0.0690395070939604,-0.8826133979546815,-0.2918016534214679
0.0967891488263329,-0.9106285101928036,-0.3627167031449323,5.807530129105078,3.629171504050893,-2.2970363033423347,0.0707173559646459,-0.8817120369231449,-0.3012330554028441
0.1078848098281425,-0.9131213830058024,-0.3692848068254034,4.4586508954722985,3.0280154623529723,-2.0401186205056145,0.0761089646864577,-0.8874776875953001,-0.3068958612527789
0.1092414854481902,-0.9229404709269438,-0.3711333662271255,3.1488259742008258,2.887054250185317,-1.8662996393767288,0.0831368250544961,-0.8927310755935036,-0.3031046318537674
0.1111585973679242,-0.9237297299566684,-0.3702276231050454,2.460932827121683,2.7291766858098816,-1.8122440463609897,0.0825314604763276,-0.8953834978003484,-0.3047168062251404
0.1177164203614782,-0.9359587665826188,-0.3683536648416938,2.297150803200705,2.627933247706063,-1.7196956418174232,0.0879815937709923,-0.9035453407220876,-0.3046248092204199
0.1176344482600162,-0.945464204620827,-0.362514234700853,2.8814820112325994,2.6302196792114647,-1.5187288152666287,0.0899576976330939,-0.9100223309146004,-0.2941107928188611
