ADXL_X,ADXL_Y,ADXL_Z,ITG_X,ITG_Y,ITG_Z,MMA_X,MMA_Y,MMA_Z
0.1317992642792951,-0.3326054150651861,-0.956632384146363,-2.580847115392196,3.179494226410319,-4.055006551618239,0.1109979803449201,-0.3410440883030153,-0.9075505492619542
0.1308446764242115,-0.3297004621853666,-0.9633478061657292,-3.734136685887347,3.627388020035277,-4.220925045617851,0.1089482242812976,-0.3349282163723748,-0.9088630987182552
0.1241839789569325,-0.3185578607805139,-0.9675309136984376,-5.141078130549586,4.007905853520364,-4.583529739010541,0.1030368126065474,-0.332461330816952,-0.9136944143356486
0.1141800942310782,-0.3194354795943998,-0.9770461457391468,-6.702582997130066,4.429417147104237,-5.346104254541344,0.0992522482349587,-0.3300074200540788,-0.9168582484882412
0.1066908520164534,-0.3197389974622411,-0.979907421606984,-8.409495731355374,5.153597931911977,-5.950326283174239,0.0902358439788738,-0.3258619121133393,-0.9222923286007196
0.1025873548879305,-0.3208637248488239,-0.97781753664218,-9.7581649988164,5.95932581452514,-6.105021717924071,0.0879524931081884,-0.3268596999499827,-0.931306397560736
0.1034059071084847,-0.3228534828032705,-0.9845219645974608,-11.714406155963726,6.707332314285903,-6.410362215733389,0.0915270423770606,-0.328526511838343,-0.933876914430246
0.1090635364307282,-0.3234352887289726,-0.9912586949008354,-14.848989364381524,7.560112710597598,-6.945511591276849,0.0841993654530443,-0.3317878258964432,-0.941101931270794
0.0966298969442825,-0.3278758808591123,-1.0049182243929953,-17.766380110014758,8.386591730381742,-7.560679557313675,0.0773390320382573,-0.3378496546997747,-0.9563307381248416
0.0934659631701687,-0.3308727614904523,-1.0191419972053857,-19.641216982394955,9.10060157698602,-7.906423089514561,0.0750764500884216,-0.3393919248247745,-0.9635448327162164
0.0973531880817526,-0.3304014293073385,-1.0193681095277929,-19.92046415403791,9.626780352541,-7.612053201591548,0.0792411698342857,-0.3365426172723379,-0.969283995938371
0.0998021112453863,-0.3254974723843169,-1.0298024760986295,-18.796217936924613,9.470144596422704,-7.036592337849759,0.0906061207901243,-0.3346950224705823,-0.9768011215993604
0.1214149277431867,-0.3252058623744184,-1.044947043767544,-17.59866139421488,8.497981580615384,-6.581371376047629,0.1000497108849025,-0.3346068662275726,-0.9898581854381264
0.1342494259783022,-0.3270851651918304,-1.044273022415816,-17.048193918390307,7.570765307615473,-6.338206424007308,0.1100858905681324,-0.3349590239057196,-1.0005185984726814
0.1433196035332527,-0.3232215762247749,-1.0567162025906516,-16.550194472296404,6.950191832359716,-6.244197326987582,0.1185519884042942,-0.3331572546619352,-1.0072953192423515
0.1440164409026531,-0.3151421468047347,-1.069619949216007,-16.154465755926775,6.009901980132326,-6.378139601008525,0.124125624513074,-0.327878734630448,-1.0203900855232426
0.1405081154318711,-0.3019421709763302,-1.0686984121680283,-16.61137871945632,4.808824618363518,-6.665326595012982,0.1264959231131519,-0.3184633098268784,-1.021582987961167
0.1497350531003159,-0.2980248931770013,-1.076824623012496,-16.980009149345303,3.5159423678096804,-6.746415863195245,0.1255623434742111,-0.308125975713172,-1.0220788811709296
0.1459896377078703,-0.3014401664872732,-1.0744687456264597,-17.11254306496452,2.0813025194909214,-6.748860405098201,0.1267390583700789,-0.3104149034517769,-1.0243324287005553
0.1525325956499354,-0.3053212070200555,-1.0686788908887763,-17.81041375588445,1.001092126844075,-6.803582560193831,0.1301596850372584,-0.3210988615760569,-1.0209607737262276
0.1554638568852524,-0.3121462648054559,-1.082843202501996,-18.35169533755329,0.4629725729471653,-6.846374315834474,0.132222721224896,-0.3279528691759102,-1.0288594895952257
0.1409732107345306,-0.318178893456396,-1.0970492967311114,-18.38349676081007,0.1573688428303673,-6.992449815585921,0.1267200563972614,-0.3320212364263459,-1.0338989329226047
0.1389698203015333,-0.33220284179387,-1.097529520379804,-18.04419446274265,-0.2571475262886277,-7.272154415202663,0.1197611731672702,-0.3349621454668305,-1.0353605812897293
0.1304243485356374,-0.3360237208483165,-1.0908326018277614,-17.360319866681934,-1.1763783259318492,-7.835284448771764,0.1116721060381278,-0.3353027997818982,-1.0384794843986382
0.1248930311885706,-0.3242863456420592,-1.0920428470870345,-16.394853021974793,-2.399652941735969,-8.567808430171413,0.1032260925225676,-0.3288567910819793,-1.038297204085503
0.1216637766474624,-0.3213819872712511,-1.0957172984346124,-14.879235937852409,-3.543150653498063,-8.970496776540527,0.1072738700444974,-0.3292296546659052,-1.0375991568035638
0.1208413774685591,-0.3253111150243482,-1.088511668857468,-12.914644708448249,-4.511763059683977,-9.106366332034876,0.1096931262041481,-0.3359084918316375,-1.0371298918839298
0.1302750387094301,-0.327271071316167,-1.0847868053859453,-10.93308838632224,-5.042599731846591,-9.314386080858023,0.1061328666043623,-0.3297013802211848,-1.041075887440762
0.1243279449089905,-0.314238919718144,-1.0857812484497336,-9.23015422812606,-5.144063006692975,-9.665432226429248,0.106651127162738,-0.3199412727965538,-1.0375929785316491
0.1259857847069517,-0.3073211480261392,-1.083545760850772,-7.771545057540207,-5.11359348700733,-10.056372407514374,0.1066774855471865,-0.312419072448967,-1.0298231423373747
0.1333759395865472,-0.3091124211228153,-1.077235378981294,-6.38440057593383,-5.072005428834972,-10.153298015752268,0.107104372462942,-0.3055120376487409,-1.0253864088393223
0.1292065304145516,-0.2897164993158478,-1.0747993356430252,-5.0676735690139205,-5.159354366830851,-9.777637425145771,0.1071654825058732,-0.3030056899770761,-1.0237128257927366
0.1281962405468265,-0.2825987936417362,-1.0903195940794324,-4.345565612239362,-5.207685519995866,-8.884024634188336,0.1077143970970402,-0.3015736724859556,-1.0283117237515775
0.1279825149889588,-0.2821514698540217,-1.0922798871462565,-4.881684994069086,-4.849291692483089,-7.64244234973153,0.1091130534270445,-0.2953788046560263,-1.030175240459675
0.1282444841821076,-0.271372143418802,-1.0788561158668424,-6.071315466154204,-4.37948869292946,-6.511372094134228,0.1072229756173434,-0.2864978821804653,-1.0331129625096311
0.1265150859082234,-0.270349010412655,-1.0760322803792992,-6.99441160436731,-4.1449120023959,-5.484214056414672,0.1063013193316705,-0.2862233039311401,-1.0307763204644091
0.1286617412403942,-0.2611788817832097,-1.0752919320312284,-7.358112909637985,-3.9321425474005713,-4.576804216208592,0.1092133507209996,-0.2806568360657612,-1.0254683465865195
0.1321271577491463,-0.256917225710486,-1.080677355087464,-6.886399784510776,-3.236645458756908,-3.64942589338493,0.1122783846336666,-0.2663843930119687,-1.0264320369369686
0.1364992974169629,-0.252513726375189,-1.0768736290150418,-6.024943617114477,-1.8948900065283156,-2.3927967448246603,0.1146496084864274,-0.259669863899045,-1.0229300917425372
0.1430782217553323,-0.2338123776713108,-1.0745159663643258,-5.753947258740924,-0.3493761282972951,-1.3968176167697293,0.1166066692581684,-0.2483030593164675,-1.0288533602342036
0.1411502351900126,-0.2348908051387442,-1.084174409009384,-6.467241663201633,1.4160883410706846,-0.900874554856076,0.1196310078504795,-0.2423764794980614,-1.0330083272213963
0.1376627040956615,-0.2433836648677751,-1.0708299642501802,-7.9196183019313615,3.2384715089654468,-0.6542238796717004,0.1175398296413843,-0.2507243564111884,-1.023343308324585
0.1208590316898109,-0.2445446941339524,-1.057424591014175,-9.590379268018472,4.398861960289293,-0.3316483014708861,0.0998849925124534,-0.2543765398691205,-1.0189172752985902
0.1063606848178396,-0.2443392912717217,-1.0619371872904195,-11.068859158257531,4.837274465236302,0.453870150190536,0.0881677887153861,-0.2527563391660876,-1.0095984545555765
0.1037148521753953,-0.24290663370636,-1.0554932683867837,-12.58817233689857,4.724748840166551,0.9003540515316283,0.0855819613303805,-0.2488949194393027,-0.9995814882673018
0.0926615614367082,-0.2424468771273869,-1.0436451874954202,-14.310307649599997,4.743374772074741,0.7269092098747256,0.0774788443179765,-0.2480325262343796,-0.9994679017195538
0.1000629827521491,-0.2383262235615049,-1.0479137178451037,-15.494720078625532,5.718232203227542,0.2855807378828179,0.0870287480288219,-0.2545918831911034,-0.9988685018228188
0.1087209577055091,-0.256784614572293,-1.047123527830028,-15.964572277431012,7.463862983285272,-1.4121768599635098,0.0908268260857593,-0.2737844896003152,-0.9958536612799772
0.0839486517607375,-0.2814030213077875,-1.0331232100111865,-15.158941091412869,9.603189697310835,-4.22157825457466,0.0644375414067696,-0.289842794326524,-0.9894820246496008
0.0577954207533044,-0.2806753718153068,-1.027450264342496,-11.582602023675724,11.444049428018753,-6.7288814255325,0.0452792643777001,-0.2913135212881108,-0.978430953095792
0.050231534432475,-0.2939652014298268,-1.015110672591789,-5.526420029703566,12.155351616542426,-8.983106944889137,0.0343902839582873,-0.2996145245080923,-0.9591497137759984
0.0378079389185498,-0.3125143025690568,-0.9855966360137088,1.4544822473566057,12.035895787755344,-11.32065814846404,0.0213761211872881,-0.3089206123028135,-0.9361450593990224
0.0295008311566432,-0.3158106079538636,-0.955636914741467,7.642800627036492,11.924515613270747,-12.923468294550773,0.015879934405867,-0.318227974954952,-0.9122766316504444
0.0440545599550036,-0.3103029730097411,-0.9426973408561496,12.177569332411396,11.914408797653024,-12.78823277372406,0.0268736438540048,-0.3204894886523532,-0.8840967751109339
0.0654738394459912,-0.2963731120939106,-0.934090517664274,15.41110006717433,11.480171695237669,-11.124040086598333,0.0553056154078693,-0.3080803727396109,-0.8649568479424217
0.0997650240493961,-0.2985093580609438,-0.9110456129512148,17.22257482434086,10.52056608590367,-8.90513657702179,0.0810514458422006,-0.3051520739935996,-0.8558999447548223
0.1300577538866009,-0.2934669546127837,-0.8947302629591175,17.795147159246714,9.455385950424908,-6.432371197926347,0.1040346736402058,-0.301487425709426,-0.8416880852416899
0.1467057715908296,-0.2777258742022591,-0.8840070528336544,18.010728181921333,8.554443941774128,-3.66915661961513,0.1229848297058111,-0.2907182280464855,-0.8217609596441418
0.1688486190423501,-0.2714743491270039,-0.8612337155721057,18.33238482870428,7.579989339143464,-0.8042863279647773,0.1367372786874578,-0.2814661032676915,-0.8014961750180223
0.1827568602883876,-0.2593520398350977,-0.8382442158874317,18.477215775716573,6.563246229381299,1.9015425641510444,0.1582623433526448,-0.2720321184160525,-0.7819097857025646
0.1914561780911285,-0.2579105352067957,-0.8331811094084978,17.886696212693767,6.195115138927873,4.651509181611603,0.1736602602114901,-0.2657775777463241,-0.7740338352140461
0.1996087298966746,-0.2524071614903701,-0.8452656697612869,15.88141278336245,6.157448449654244,7.468850578357841,0.1819168098467925,-0.259398393536992,-0.7823809318615184
0.2016636249570167,-0.2429089767108243,-0.8609315865248668,12.22815376937575,5.894485219841949,9.60552258152378,0.1843796422052539,-0.2600773298928194,-0.7979782768630833
0.1962180572959733,-0.2533763815686666,-0.8863768254930562,7.8954800618531165,5.742957488204901,10.951513814642215,0.1807386552597469,-0.2650012598423186,-0.826256998911977
0.1895900719062612,-0.2605144859989617,-0.9162036704843786,3.5446136158548494,5.743227252821006,11.815709036508771,0.176659840575574,-0.2708827799412138,-0.854611867442369
0.1787447349466652,-0.2721141995588045,-0.9348082928573094,0.4121958417180977,6.558156948062434,12.351987766490344,0.1553369897728966,-0.2854417861871637,-0.8706602082845216
0.1487542937555036,-0.2839518942691899,-0.9519825075841428,-0.1278327889875457,8.441268253861525,12.971495457881693,0.1298148548017489,-0.2951960543314505,-0.8909488220090371
0.1257250498854651,-0.2874705801279721,-0.9614742361602072,1.182779946986964,10.046991315861495,13.532792360080997,0.1106834849307388,-0.2990877191672396,-0.9057245546178756
0.1101229924586603,-0.3004829472482845,-0.9662624817517156,3.8695988085012174,11.314598358373264,13.619311642448078,0.0867918682821829,-0.302664061512453,-0.9133326969513712
0.0909480164627248,-0.3018387717482357,-0.974797041634514,7.318204494985633,12.689999574646036,13.62605445505652,0.0698965612654771,-0.3062095271661068,-0.927105093553962
0.0845075131894116,-0.3025705616339793,-0.973505960921494,10.992280496322795,13.804667895780067,13.674950271852822,0.0631352730481467,-0.3120457798810302,-0.9300724832228612
0.0791444601978642,-0.3140893826188023,-0.9737350788744634,15.366816215333952,14.658872465504778,13.50255763596114,0.0613041163322057,-0.3155093280864716,-0.9210905387965104
0.0798632047783784,-0.3111874281102166,-0.977050532712226,19.081174334099483,14.8353317855642,13.09649319461804,0.0653921255840691,-0.3194384374106817,-0.9194237380278149
0.0907447666437958,-0.3099724746501552,-0.969502689126615,21.26244845743175,14.400923911483554,12.329949218094178,0.0782205407414861,-0.3175754905239473,-0.9219696299619248
0.1094427124974448,-0.3044392361221524,-0.9639521480983836,22.317533557590288,13.67295570283857,11.408810050746538,0.0938988445148396,-0.3113050038048571,-0.9190356110269108
0.1313950513844169,-0.2929288214448797,-0.9680895271004928,21.71578907887704,12.475651569521707,10.372051431388352,0.103475476081684,-0.3086413651283088,-0.9129747976737704
0.1337360142600942,-0.2972858156760721,-0.9639296041656724,19.689923894794525,11.12874173873976,9.221943035540349,0.1135874877658687,-0.3064269745470198,-0.9060748747434264
0.1389862260794324,-0.2999257311843593,-0.953951440529853,17.341367886857533,9.474399323867242,8.125319375021617,0.1237105361420532,-0.3119525706872642,-0.9014283905884362
0.1507939962482734,-0.304324447169914,-0.9559036027717548,15.508273969900056,7.92508717736958,6.9567590637344034,0.1286423593086573,-0.3165809607040296,-0.8983717296401915
0.1540279186292968,-0.3154107296267322,-0.9558136416968376,14.384141465493029,7.357942034227192,6.052507907762788,0.1334451421193017,-0.321800152297128,-0.8960944597948208
0.1671976928282127,-0.3194781443153104,-0.9514849163379376,13.3999590381636,7.5436123124252,5.442880474461998,0.1420535975542924,-0.3314561391127807,-0.8976625204706561
0.1800943391648169,-0.3301550127532928,-0.9471850277127938,12.20001553962666,8.372675294083724,4.6991858944316585,0.1518691934731356,-0.3386836651789405,-0.8927135397102189
0.1801769420102924,-0.3590054724678966,-0.9358870675440416,11.927266742418167,9.664440470584262,3.885925901814089,0.1590474858485586,-0.3636295735831847,-0.8824566556345034
0.18488327774829,-0.3814837302157729,-0.938346107245056,13.111941562392968,10.675558531680378,2.5838306256875603,0.1666012038299196,-0.3806349452418374,-0.8813681938427368
0.1922181804871809,-0.3810488069480161,-0.942896444294292,14.372507294543118,11.37675441091761,0.646845788003809,0.1661165968245049,-0.377654843156245,-0.8812609634043634
0.1815942552773475,-0.3723855460734946,-0.93781340379032,16.336868668123632,12.5477059273334,-0.4740342058200162,0.1553687818390854,-0.3784895251587457,-0.8856931082406463
0.1735633352354166,-0.3579721283983055,-0.9547590383044192,18.704951177174223,13.707219682890653,-0.4899984541096617,0.1503777042481792,-0.3641465924043595,-0.9013490010672752
0.1686849102145466,-0.3515904019848574,-0.9718280439674803,19.351014618587996,13.325544566050656,-0.6056865314323996,0.1435643012111187,-0.358127105592088,-0.9065004733896124
0.1515925214412338,-0.3575076901881915,-0.9641642779431304,19.856038514792683,11.314180254576277,-1.2293640481283934,0.1351062976845715,-0.3638386926932522,-0.9086369198080776
0.1579501783853596,-0.3599825078477138,-0.9641825070556292,20.586967850836587,8.800745697311603,-1.998611585866921,0.1382679916676604,-0.361643919225845,-0.91911430895256
0.1708928950419568,-0.3746473089932937,-0.9717073362618898,20.612972578604907,6.7827290241958575,-1.963378103721782,0.1453488933952818,-0.3782116503140409,-0.9189726330155216
0.1758748267721376,-0.390290640988418,-0.96485019390413,21.198226105249383,5.464887712328315,-1.3754898632106212,0.1540276686060935,-0.3947483980952441,-0.9143120102266392
0.1960957790303861,-0.4016019228329949,-0.963082352991325,21.734068455324675,4.930732130019396,-1.0239622846636782,0.1666771793049694,-0.403962097913043,-0.9153353568923858
0.204477660166933,-0.4208415310618463,-0.971655395608244,21.970882927101744,5.671233967472908,-0.223551242407074,0.1794479899184006,-0.418425447555227,-0.914938369237826
0.2045632524265425,-0.4229141576594874,-0.9683008921823296,22.263151766112507,7.377320654024293,0.8561160688985006,0.1873612808446372,-0.425533405878248,-0.9112478584496196
0.2060289512475452,-0.4284545129433014,-0.9593053089646076,22.41916722038374,9.53615492506418,1.4260302406530243,0.1873423258765713,-0.4358572833164402,-0.900993313844912
0.1901202112644275,-0.4425709017424831,-0.9495908527699513,23.370508065354443,11.443876152919788,1.7786454682004738,0.1760528163707349,-0.441721998690127,-0.8875251406608133
0.1825883332706467,-0.4401463334156725,-0.9282906831716092,24.92472271001371,12.115893972688134,2.108437810170693,0.1614753920766142,-0.4359931907998224,-0.87729625875778
0.1758005978491624,-0.4407319126671294,-0.9156114089573092,26.84045749220269,11.962462428430502,2.228047430434971,0.1460063626674592,-0.4392834730108194,-0.8661003495096868
0.1393477619277964,-0.4357727971048347,-0.9122931198265636,28.5928540773688,10.7379740006885,2.367326234844465,0.1195471314576946,-0.439776835566863,-0.8526958586978333
0.1135661171846152,-0.4378265672950463,-0.9000643820901612,30.038978608976503,7.781814830110981,3.012894072257093,0.1014146373791256,-0.4347020472221675,-0.8407651984386655
0.112927577538909,-0.4517322319861993,-0.8945968348658266,31.935906808019965,4.402211194428172,3.9559040596586144,0.0966263966336137,-0.4411451955340189,-0.836059387975712
0.1148710560045039,-0.4490369459476676,-0.8953176478862521,32.7786948057135,1.197244318179822,4.864490889833416,0.096201116421735,-0.4490049057903095,-0.8400003691310899
0.1193778839535223,-0.4601796811974185,-0.8931811036222574,32.971078941955625,-1.6807529820849656,5.906583437087994,0.102381551681938,-0.4580527058915138,-0.8378085136702256
0.1193812113218042,-0.4744850809035074,-0.8914691173235618,34.42884776262007,-3.720578428925215,6.599469696567694,0.1010270723680894,-0.4675507746766064,-0.8350585931851844
0.1159224965352615,-0.4712335429585345,-0.8994534283019954,36.43384777902076,-5.289656239277701,6.5798738738862586,0.0991477357245262,-0.4707229775559596,-0.8433844656003068
0.1186643533953593,-0.4836399987440194,-0.9025984063350846,37.59572098065156,-6.333353242662753,6.290907687996151,0.1021598016053693,-0.4804318661181993,-0.8438244303346469
0.1245753928737794,-0.501319955408155,-0.883479501765568,37.79832363035601,-7.054891787560691,5.895998092051323,0.098240186800283,-0.4930874698808242,-0.8351723226671441
0.115658720059966,-0.5101496787235578,-0.872395021509935,38.697524513588135,-7.545828918977314,5.407271033310383,0.0944843974264443,-0.5070330009239492,-0.8245945012743139
0.1085853783287769,-0.5314532937630257,-0.8675064425178094,40.85049863635824,-7.437673878221869,4.769955407509303,0.0942740023494601,-0.5302519069722439,-0.8127348813644127
0.1167704695118069,-0.5564651465259051,-0.8565630058270217,43.67590279402018,-7.243189977675295,4.075180357471614,0.0946426232670859,-0.5445995640029279,-0.8016838072027471
0.1135998179775789,-0.5524040527993801,-0.8495669095683469,47.0411896956828,-7.095999886498866,3.7689416745457263,0.0963048072098219,-0.5456408135716208,-0.787774601261509
0.1232814190490118,-0.5416057223391456,-0.8478314159167829,49.73584931426152,-7.079264700282322,3.942812340412093,0.1000493296217999,-0.5453047877319588,-0.7899949979969716
0.1360419194942317,-0.5385151050716894,-0.8600846057734265,50.49522260433878,-7.482030997198316,4.260566851291913,0.1082979465576401,-0.5377445945236634,-0.8066857028052132
0.133667034386276,-0.5214578368826511,-0.875955237828415,49.280991386980006,-7.913732778376672,4.315999950654521,0.1147567515532917,-0.5253333788780694,-0.8190306806931629
0.1380074245255744,-0.5181626254741928,-0.8946128684555619,46.38991291037393,-8.119178882119972,4.242073083594144,0.1137430966217262,-0.5223990433395325,-0.8375987157815812
0.1333399179379023,-0.5253397670184639,-0.9090888020496336,41.53612697564942,-7.965149889670911,4.340566925172379,0.1147094008743259,-0.5282451226953443,-0.8499682457496643
0.137290778924434,-0.5340852474504297,-0.9091575444543002,36.16568201970102,-6.995586739596472,4.431649789362148,0.1116203029811022,-0.542063463523659,-0.8470512416385372
0.1347711661550322,-0.5695544838088467,-0.9030173804606694,33.0777003919325,-5.125768874119151,4.418310598629815,0.1020068014148316,-0.573588419717539,-0.8395409312017633
0.1182352876103131,-0.6089633378647461,-0.8750001042839166,33.073284141594826,-2.590767133100936,3.924708564018735,0.1013997655067084,-0.6081725537442533,-0.8182668848960617
0.1292392873806639,-0.6373526431057506,-0.8399529078975432,36.41859232409601,0.4453722054279935,2.3534359430358456,0.1002895453962502,-0.623761925633503,-0.7874943853764904
0.1319607169619522,-0.6468971548678986,-0.809924644194645,42.32216232056159,2.850625371864321,0.1704664877613584,0.0986552555486864,-0.6274358206258364,-0.7557532637289274
0.1257922867909325,-0.6402480556242324,-0.7892891271780452,49.16788059643357,3.911846573880036,-1.472405909176843,0.1033599155000702,-0.6282698048397931,-0.7287673899344819
0.1286655036477454,-0.6343059775417603,-0.7741494107700471,55.69844220322355,4.286333572389924,-2.5435878490067494,0.100501561316057,-0.6219974442502831,-0.7101389389494546
0.1224064876854897,-0.6192187451141095,-0.7491583261179717,59.60704601311149,4.102279604052442,-3.229849895749427,0.0942114304741835,-0.6115709727986449,-0.695397876037427
0.1125125341527162,-0.6004006924216418,-0.7488960817264072,60.12445633275193,3.773896979971884,-2.968458593371353,0.0879202934192207,-0.6021088183949543,-0.6876258499033165
0.093318904725784,-0.5804772006011553,-0.7418700614633249,58.16401043555041,3.9472491332592856,-1.838050294096836,0.0779274836222651,-0.587193638237377,-0.6748558743509896
0.0890312550565712,-0.5691963731104261,-0.7146443423095322,54.65927802900372,4.407319259519317,-0.0839005968514231,0.0722316119082945,-0.575862795886969,-0.6562920087653421
0.0961232015158844,-0.5715594371524337,-0.7110075567099301,50.64165252416014,5.045204519363918,1.484212310664976,0.0713142277486143,-0.576353853420606,-0.6427141396717119
0.0917872392237283,-0.5709830677540353,-0.6984599821264101,46.37306762342399,5.896968067557261,2.643497190817922,0.0739750352079543,-0.5740620685596791,-0.6305081887881254
0.1054488551581105,-0.5776140038432902,-0.6820817935928432,42.46858099580769,6.806742235484969,4.379241608110988,0.0830107094562731,-0.5722611775178527,-0.619828979507444
0.1247155620508957,-0.5863384975360426,-0.6850217257301908,39.714622587854016,7.434784640096687,6.008407334074361,0.098880165268382,-0.5820018651289751,-0.6132425851524901
0.1365731858895094,-0.5956764433538271,-0.6848089373678368,38.22061849637231,7.655727814146249,7.192948488363562,0.1139899743831864,-0.5965887017269387,-0.6139760019545143
0.1483417673415723,-0.6097992425633756,-0.6803006638530513,37.809681016886366,7.685070187060368,8.159306318360617,0.1237396746279778,-0.6060275461850079,-0.6142589534238337
0.1548367362239566,-0.6116457129109626,-0.6845955284308839,37.62332382088759,7.525493208252687,8.543502249570645,0.1327062834527672,-0.6104238345307049,-0.6149280299178308
0.1589952477601634,-0.6188767463922308,-0.6941622673719194,37.2249872706654,7.368579205124875,8.863231097057199,0.1355335196726749,-0.6182603876264543,-0.6232043379767448
0.1523833219858938,-0.6306110968399554,-0.694379760970657,36.88280848539277,7.6219873254606,9.267007940615168,0.1307601433099597,-0.6283043070984721,-0.6271336668746466
0.1442066281787386,-0.631643123076786,-0.6943757023833478,36.82450224791036,8.391173741719104,9.772836301449129,0.1199576289236537,-0.633440653555275,-0.6279916030175623
0.136426324968202,-0.6391000430167442,-0.6941489477770966,36.935382715735685,9.606158195119953,10.306331697054103,0.1056286805978184,-0.6331000389340072,-0.6318574748833824
0.1200306546838808,-0.6385544763811366,-0.6947360620042555,37.09602552583178,11.41366948737654,11.05311249374458,0.0971697244250156,-0.6317595600263037,-0.6326547634853856
0.1149119764132862,-0.6315002984757535,-0.7002906499880023,38.027422663676425,13.772390979647378,12.094295837698258,0.0894148917214861,-0.6336168049163603,-0.6291711624657982
0.1065500545782481,-0.6396254480408001,-0.6858568219850136,38.94939550394058,15.514047395020462,11.990175891749931,0.0788267637578795,-0.6340795540146223,-0.6209187163118316
0.0891125382928913,-0.6448574739817836,-0.6654365082090621,38.75013068031046,16.099760808252473,11.213289587410616,0.0715874450221439,-0.632978368628476,-0.6062304396234584
0.0913709040944413,-0.6491183984320241,-0.6515950945302642,38.53060638268609,16.2072454560068,10.854310852466966,0.0688753678174035,-0.6388387754923913,-0.5905652370720815
0.0919517821615387,-0.6553206873178765,-0.6409365971995741,38.728420133296176,15.954658583239748,10.490381647854807,0.0668057153255885,-0.6456648311895019,-0.5796927138934331
0.0879645275916386,-0.6525841374808883,-0.6420465254430185,39.22909658955302,15.821536002198696,10.334727363499844,0.0645488657320743,-0.6436131051850222,-0.575697799573379
0.0916621240261966,-0.6481647316883231,-0.648637339439794,39.7203615582955,16.033945448115247,10.196700464733311,0.0689900784623522,-0.6405348385048361,-0.5810901973337455
0.1003356130820182,-0.6436733584901807,-0.6587150767690073,39.295155889338005,15.828147713722345,9.883962703736222,0.080276485000876,-0.6407764710101259,-0.5888099010224049
0.1215747928888165,-0.6453993261168869,-0.6582502981026997,38.11401997040194,15.021176515234902,9.39221585578515,0.092553653781479,-0.6395077616903941,-0.5915123891482159
0.1198297061427323,-0.6421120171400232,-0.6573820719341692,36.56200244482138,13.555435545997716,8.817164220270433,0.0967711424430574,-0.6403785238033988,-0.5927822233961805
0.1118903828423994,-0.6444986706145892,-0.6608965546888145,34.798389936365766,11.51650318029325,8.785678762705414,0.0953271205023611,-0.6481183068983359,-0.5931496839620969
0.1170637517676302,-0.6706269941285699,-0.6532036584759405,33.04418156419496,9.45642339860738,9.035716558952364,0.0931461090538205,-0.659324296074112,-0.5829086466181388
0.1038049745104,-0.6915040874084136,-0.6422106246872216,32.108749158488706,7.70678959961494,9.779748446824517,0.083071636455435,-0.675467757199314,-0.5646164028468723
0.0975583447929436,-0.7168927646647644,-0.6207419392525966,32.52617627132068,6.272740515261757,10.613199149287006,0.0763456308524571,-0.6994258408713324,-0.5531618325723939
0.0939790504247879,-0.7366392608058645,-0.6092825949842595,33.62820780181858,5.070837338441391,11.066634540606964,0.0727527773033496,-0.711920722635227,-0.5440136496297344
0.097820557105542,-0.7417385502215197,-0.6110049086610305,35.98310688793551,4.381696992548213,12.592031398648816,0.0739813504692686,-0.7187061454611209,-0.5392409318365077
0.1127478168478957,-0.7562532704710304,-0.6158895291216586,38.60996519471091,4.171503494238653,13.74663314683676,0.0899330293878379,-0.7386378141705433,-0.5461563411778456
0.114702141547472,-0.7560866958901735,-0.6255377338687771,38.75864374343965,4.020881088029994,13.297573831922104,0.0962947446014311,-0.7431469781062671,-0.5519145072108783
0.1242937884639554,-0.7436498771295669,-0.6181334901920179,36.85250042553844,3.817905626683706,12.883087424740133,0.0997457332876423,-0.7334628728376381,-0.5545706989706874
0.1333879764454734,-0.7371245467074724,-0.6188933198788735,33.99496878445388,3.7681228607469777,12.63599197854114,0.1126076238681521,-0.7296301810379561,-0.5546967126148186
0.1445653364529877,-0.7402541790359786,-0.6140686348075479,30.57623069612288,4.3664241129742525,12.497682749849131,0.1168732501168996,-0.7278996195522633,-0.5480438841985447
0.147179608926397,-0.7472070101099761,-0.5862770201107812,27.143256511121727,5.372801141856439,12.191461375444876,0.1164499280564383,-0.7414711231406196,-0.5343666253733429
0.1374694105743187,-0.7609960347671204,-0.5757223698323718,24.233291329047404,6.353714813905117,11.741580462314946,0.112234670577424,-0.7629039207960576,-0.5150843454532894
0.1364481627635946,-0.7941532855100824,-0.5757318108124647,22.95161705399613,7.556411728657897,11.542234539872409,0.1061514673130324,-0.7793603754215432,-0.5057988893238397
0.1293138038206118,-0.8219064713020743,-0.5774406495089343,23.782616559661005,9.257627480300656,11.241021483803468,0.1058156215133681,-0.799684830643762,-0.51175076034438
0.1242971801645405,-0.8374585225597886,-0.5831701094326416,26.49432506888,11.057001067931743,10.85213413259083,0.0949282862164649,-0.8137005514288516,-0.5186223664845698
0.0969643353405008,-0.8345360960068966,-0.5910263693371332,30.294307450719543,11.439901927837887,10.433712475778568,0.0706240357870342,-0.8112914831294998,-0.5202852875104697
0.0665230912170832,-0.8144642090509124,-0.5856817748673713,35.015969261759665,10.31658149236257,10.515862125844754,0.0475978323495543,-0.8012696730248321,-0.5150909819195278
0.0589356631836864,-0.8036893466717654,-0.5587695593101748,41.44670237924501,9.166458148626065,11.058327906775586,0.0269666754485879,-0.7849417289821172,-0.5019144085735672
0.0395022342887162,-0.7862876765052205,-0.5542755017837719,49.31819495372297,8.42914851286792,12.336330803778464,0.01714509608391,-0.7645287541368024,-0.4960892611778441
0.0363575528447746,-0.7529647479470614,-0.5733359640980275,56.31576591826487,8.154262479624453,13.842371672214012,0.0164984487816498,-0.7397593689356288,-0.5046265365863445
0.0472424416617287,-0.7256440439320615,-0.5744208236964126,59.46116385887069,7.920621268194511,14.723493846563454,0.0181183850932115,-0.7044820264933658,-0.5076027885784495
0.0546833349704779,-0.7043150604931876,-0.5600674030356684,58.310874948847314,7.071121675827112,16.092574106924346,0.0319012556774737,-0.6854472413260584,-0.5035580950003341
0.0517569502381104,-0.6861364986275414,-0.5420496042390297,52.94911614302734,6.133171793462614,16.549207991006003,0.0372623631952174,-0.6897233718453456,-0.4906001186992047
0.0508076938224374,-0.7023809892284619,-0.5094891035461896,44.33077425401671,6.087808974893648,16.461883079124615,0.0324060798407234,-0.6965574709863693,-0.4482083474306854
0.0680023921479454,-0.7400058762706616,-0.4673811159795134,36.75732037504161,6.852206817743898,16.372987585349357,0.0376776881209373,-0.7125603050345506,-0.39767384882871
0.06687456262026,-0.7535130455055887,-0.4428121814713717,32.76126561637218,7.5357468973264226,14.628176051839068,0.0439412768592466,-0.7336372560471534,-0.3724050272167451
0.077161872889469,-0.7565160904399084,-0.4370320780143825,30.980838580000217,7.994402173705291,13.681247988163324,0.0552596830428747,-0.74068319239655,-0.3679732643943918
0.0958053979498644,-0.744736984743871,-0.4447603268943774,29.64991831752929,8.253618224078632,12.956972006296404,0.0660231974202532,-0.7240586505771291,-0.3755049735412364
0.0952432310938341,-0.7214788663041539,-0.4619246717598114,28.61330785915224,8.482250816992085,11.260581952175077,0.0708072671341239,-0.7044824686362386,-0.3881743849735256
0.0905742531731222,-0.7190652124276884,-0.4629460006286944,27.49104496192112,9.064659383024514,10.222723454452574,0.0705597786958036,-0.7000379689010038,-0.3914932543844668
0.0770420297199878,-0.7262070418197266,-0.4603869738885403,25.76450670575628,9.31181602028038,9.36718016561528,0.0556016880883866,-0.7042667817079538,-0.3939136911888857
0.0734534676916678,-0.7422051796611016,-0.4586369215337046,23.706618457678108,9.15877215045535,9.404408733511566,0.0450300947241042,-0.7279392512331697,-0.3971390262087347
0.0663719920992851,-0.7722051278781723,-0.4474666071273415,21.42486851701734,9.507275852264788,9.947735625163276,0.0444118528136503,-0.7615869659439309,-0.383203137224015
0.0611098301562863,-0.8118722334835841,-0.4511981666596018,20.980967549859045,10.378996882129533,10.510934737955845,0.0434754713331423,-0.7956630081134286,-0.3774021693460102
0.0693446987434807,-0.847612520149919,-0.4530546764585825,21.806716006251893,11.227276918423868,11.5727263037195,0.0450372398897843,-0.8332679516177841,-0.3907761253779546
0.0671191850466564,-0.8654223679929997,-0.4565994715615109,19.60145551800925,11.473488037929908,11.641965603371869,0.0406522121814084,-0.8521625956253489,-0.3958775750468385
0.0508708955767319,-0.8756753163304273,-0.4682762474572811,15.338607544637494,10.832439212451725,11.317134414409736,0.0268013525051856,-0.8557344459952712,-0.3938454104821403
0.0233844792537151,-0.876372975826746,-0.4626456216312622,12.13323816986052,9.62431561105698,11.46481081497106,0.0098555300213321,-0.8602432970328758,-0.3919680180750773
0.0133057213587823,-0.8815440997014687,-0.4622354558756638,10.3533581617197,8.247367068337873,11.21131893479334,-0.0068090518174009,-0.8633340318817662,-0.3945222708195066
0.0079333613382907,-0.8922330238928073,-0.4680615441405727,10.276988917317322,6.850487493464745,10.778170321918807,-0.0160806691999162,-0.86369833904575,-0.40584034191747
0.0045465984377388,-0.888257846432107,-0.4849532961266275,11.326372660256077,6.082447956244669,10.41707787048908,-0.013758558135944,-0.8651938121913293,-0.4195687197925479
0.0189125330968728,-0.8916728304536943,-0.5049076500332178,12.777200033063416,6.397174581554387,9.689571536838397,-0.0103019711199422,-0.8672548619526574,-0.4284148311164402
0.0187272835946814,-0.8971983947817846,-0.4971489920418159,14.924564036518053,6.914548609878669,8.517973551653418,-0.0074193663491629,-0.8615923652126843,-0.4315404079459869
0.0207720687363763,-0.8781367952764132,-0.4926942773855917,17.87310470359283,6.916761608162958,6.901031967666572,0.0019763124343448,-0.8494635209875057,-0.4296092869185377
0.0361179887408742,-0.8594141734484554,-0.4909558508510174,21.525579089586486,6.870698237058178,5.208396244491908,0.0085563416094678,-0.83768158860249,-0.4227180226354922
0.038286593481678,-0.8523579406988835,-0.4743495651929412,24.640489119864267,7.633057210862802,4.086975346290388,0.0104982091971751,-0.829184396731424,-0.4083468525968741
0.0305087668845432,-0.8415799862139997,-0.4535949330403697,26.351000299523758,9.022047980112788,3.090165615359845,0.0085372557484122,-0.8232572206182557,-0.3839112076854861
0.0304960793862962,-0.8430365365525083,-0.4321765477343017,26.737205381726184,10.156687360627616,2.2356128712943075,0.0058486885140402,-0.8242617270027772,-0.3620666256529194
0.0295862889982594,-0.8461111876462598,-0.4150159917738639,25.22788102158516,10.750926919316957,1.1275327858113688,0.009276679270293,-0.8282754828941512,-0.3420977444663752
