ADXL_X,ADXL_Y,ADXL_Z,ITG_X,ITG_Y,ITG_Z,MMA_X,MMA_Y,MMA_Z
-0.0026914392938396,-0.963719846997976,-0.250146380714851,-2.1691118038814143,4.890075225724456,-0.3473161392255371,-0.0142238902138669,-0.927617797014714,-0.1748038069296834
0.0025148344460521,-0.9656106951193748,-0.2423194909771035,-2.04686879487077,5.131977975869838,-0.2210330740417139,-0.0128726358869508,-0.9282215135611744,-0.1716219444873097
0.0111949201081016,-0.9642743468131534,-0.2356994822485631,-2.034012074205628,5.165763822301658,-0.0470909841513399,-0.0154856763992886,-0.9279762744377936,-0.1683926562166561
0.00753561213136,-0.9611629116289092,-0.2320777428230081,-2.0987711078493723,5.075556093159673,0.0807169593419337,-0.0171090821296932,-0.928326153913598,-0.1647732105139795
0.0069042202866519,-0.9641363235572108,-0.2275725525418242,-2.176717735834134,5.080747972094206,0.196855007071687,-0.0177534308647932,-0.9313572358323876,-0.164822080984318
0.0109389784692828,-0.968260678491707,-0.2288541231549294,-2.116784469300685,4.961862010539341,0.2719472203531979,-0.0201358152625916,-0.9347454073475504,-0.1703877875494751
-0.0015421424284328,-0.9660874088169586,-0.2392592197994018,-1.7781169900581515,4.987672225465297,0.2533313274082052,-0.022528938721563,-0.9379325670801644,-0.168265510578641
-0.0060259282463871,-0.97420163477291,-0.2364139554536287,-1.19560979070346,4.941589888127623,0.1817286863012221,-0.0228614812670241,-0.9366143797481192,-0.1656502940379628
0.0078997706976329,-0.9745237113222912,-0.2308550703741739,-0.3989308441707896,4.58960651983735,0.0991082591452608,-0.0216361727270937,-0.933569628656468,-0.1669813608632107
0.0095263259733755,-0.9662983515056032,-0.2357270349367002,0.3676094830545438,4.273188894174174,-0.0937889691752317,-0.0193335611816975,-0.9317174208100985,-0.1671284372328312
0.0109170108707997,-0.9724500629528442,-0.2370781742069478,0.6392430024197296,3.926664260515061,-0.2725145714273068,-0.0151079665431042,-0.9324325197561704,-0.1710361452884232
0.0101382667631562,-0.9706165904301912,-0.2364971351035349,0.4200733726332591,3.640111930034704,-0.2622063504874525,-0.0150573286658916,-0.9319467564932123,-0.1732107581979836
-0.0002089801382579,-0.9698566432002812,-0.2379086453577165,0.1628025745105278,3.6090164581254074,-0.1576836543155494,-0.0192762285011916,-0.9284227712486984,-0.1729136167926268
0.0109760734266928,-0.9725580349603892,-0.23892439055279,-0.0829324025825744,3.785269975216984,0.0170967590155933,-0.0169554142596541,-0.9351685459508954,-0.1728505164761707
0.0073047674900747,-0.969217222633768,-0.235860074030918,-0.2822041956571794,4.070573430714123,0.1052857702384058,-0.0140577753385405,-0.9366803777100096,-0.168469943364497
0.0007556976158728,-0.97605465857587,-0.2353957474188865,-0.1713955848036814,4.244571809958597,0.0914183175909795,-0.0177909133015594,-0.9306528383461176,-0.1686531915542619
0.0136379555033819,-0.9720979789578844,-0.2363451609252317,-0.0280779254223714,4.167777751401292,0.11768486737672,-0.020352588923751,-0.93455885201322,-0.1680725124467385
0.0018756141700833,-0.968752062635906,-0.2345445422629758,0.08573864686397,3.925425237850593,0.0368963184276483,-0.0202304387745981,-0.9342177858750323,-0.1636586134477974
-0.0007306502136553,-0.974831865630314,-0.2324754828387923,0.2272575087958302,3.629244223251349,-0.0621048207889337,-0.0208152107622059,-0.9340305734633756,-0.1662954488337229
0.0058740203025544,-0.9668137102439436,-0.2348033546867537,0.1112902692017293,3.4096264447357574,-0.1386356948913512,-0.0214917085633252,-0.9373900287921816,-0.1657658002271934
0.0066506215982641,-0.966626119956158,-0.2449651286818115,0.0753033810847399,3.379740475798118,-0.2983399541218941,-0.0210519926631492,-0.9351053603280636,-0.1651159604024551
0.0137638445736592,-0.9680735539809922,-0.2384492077261497,0.2598978255952118,3.3990621805962813,-0.3685055241466307,-0.0190006712443653,-0.9325231458194834,-0.1681540068744525
0.0066489989436841,-0.9647163234573009,-0.2308192673441917,0.4300301990174532,3.4698086414952685,-0.329597865811744,-0.0152818489095876,-0.9321389738159236,-0.1682527493621954
0.0038526133448052,-0.968024470617383,-0.235472994592109,0.7123511097267754,3.6769031361623137,-0.2703122307828214,-0.0130867567261983,-0.9343193377567778,-0.1691486625965242
0.0095588603351551,-0.9705210838992196,-0.2327347613692532,0.9011226215397006,3.93312415290832,-0.193849273647293,-0.0129584880719231,-0.9322507425684824,-0.1682709530109826
0.0096890913628757,-0.9705548811974828,-0.2414152784026041,0.8645698533184194,4.288397073862443,-0.0811855220622673,-0.0131537592866944,-0.930776151423776,-0.1666811819019199
0.0031915502845961,-0.9630888057951092,-0.2354282645050275,0.8187067824305101,4.534405697904012,0.0167911570557805,-0.014167557885396,-0.9317985206155958,-0.1640222103875204
0.0032688745508835,-0.9685015952926808,-0.2252281183657056,0.8105932238657042,4.396506896634467,0.0217362718565898,-0.0123168416510289,-0.9286498517532484,-0.1622640619404718
0.0135580999135825,-0.973412267004699,-0.236732218273307,0.8055813267371624,4.170402878284892,-0.0414865119894701,-0.0106095055074266,-0.9308170037212592,-0.1624786084829744
0.0087399028593855,-0.9654937477327916,-0.222336968816717,0.6813609335344182,4.125412357320909,-0.0581756057223786,-0.0132053465638918,-0.9337394949245728,-0.1616934841793337
0.0108983141010113,-0.9743959969574904,-0.2217115566907559,0.4216366995505927,4.221474783208112,0.0538776902965271,-0.0142144050051325,-0.9329034689303656,-0.1653821082553368
0.015071451917501,-0.9761385305726916,-0.2396492840026346,0.1348523072568861,4.503508407347978,0.1440712964574858,-0.0138691240829927,-0.93264334127924,-0.1669232637908827
0.007323754574348,-0.9675728740347368,-0.2317072235703522,-0.026539138630094,4.856162954844637,0.2321391797749589,-0.0140725843881308,-0.9331251071313528,-0.1654008937628789
0.0113529478815412,-0.9681687469928244,-0.2293829083265881,0.1136001723471614,5.0963006648254,0.3307876860640956,-0.0135291612747006,-0.934412038223624,-0.1644467555450336
0.0084708855072327,-0.9671505635408568,-0.2334480718569294,0.4621528848278812,5.278486742498319,0.3244028440539642,-0.0126088506192433,-0.93141248403496,-0.1620623087409451
0.0064758428881843,-0.9655307639092152,-0.2379672937269765,0.8226825484085197,5.404421231344699,0.3581229245990084,-0.012196405457175,-0.9316832656862176,-0.1631636002921613
0.01357671430487,-0.9666624147248752,-0.237206216707889,1.0562035239445005,5.575089755524364,0.4075057181240596,-0.0132051493834763,-0.9344455990255504,-0.1637624856860142
0.0144187881631257,-0.9704993972256936,-0.2294858309389737,1.0369256690324118,5.824100899175707,0.4086314814489094,-0.0116747502726392,-0.9328980901560529,-0.163323522718092
0.0096770016078451,-0.969250671500094,-0.2280677768036965,0.8620188564432808,6.007305816867008,0.4126465709133358,-0.0101049221747465,-0.9342561264768108,-0.1627300212994768
0.0040705769172897,-0.9668470884005728,-0.2235370111984715,0.7658382657352084,6.192819121157157,0.3461047434725212,-0.01148921483588,-0.9348432413687486,-0.1600879644890094
0.0101980627840573,-0.9697347459918532,-0.218838030602383,0.7202619600560859,6.337331388982542,0.2722993796512705,-0.0115586672947186,-0.9347291397980376,-0.1605377337788158
0.0060644667689791,-0.9675141418794292,-0.2234084981478647,0.5806899182576744,6.393928809654013,0.2508562780551526,-0.0147217767370408,-0.936025372391815,-0.1621218177636994
-0.0017969633103732,-0.9692833881200336,-0.2349973478675266,0.3033243603383712,6.351409939770573,0.0973061343590841,-0.0192175256469534,-0.9370483966383798,-0.1630009743871185
0.0062741078585014,-0.9756545162058992,-0.2361562112093672,0.0526392607930327,6.073561818689864,-0.1528386120544059,-0.0197045401533105,-0.9367977939928518,-0.1619211418001255
0.0027868705200875,-0.9714370684314626,-0.2300728004099718,0.0250438234212083,5.696009963376095,-0.3564900394754937,-0.0211803471548936,-0.9335376797589704,-0.1589762672837333
-0.0029773312804958,-0.9682392528783388,-0.2274833490464973,-0.0473247906444646,5.327997230956663,-0.4748736761522793,-0.0233832682830363,-0.93336837467266,-0.1594631652740795
-0.0034158034204767,-0.9697826223190325,-0.2295165236615808,-0.1930219390721808,4.99400007417102,-0.4244321996094994,-0.0248573043814806,-0.931622026441186,-0.1617501275709318
-0.0064065353162789,-0.965198899560761,-0.2345874830135029,-0.2182463424818229,4.6988468106842936,-0.3727173733889828,-0.0250303137156514,-0.9303932555984976,-0.1634151789996879
-0.0037456256745186,-0.9641772333004472,-0.2296298662714736,-0.3197151164113938,4.43630386566003,-0.2935653483565315,-0.0224678444835251,-0.9322921754656308,-0.1635366320379634
-0.0015960861440849,-0.9646774299159232,-0.2305116159204648,-0.5067612620558326,4.3637219419523126,-0.1439401480578907,-0.0211036415985696,-0.9283426633888626,-0.1636447599804709
-0.0002276006952848,-0.9635525481952144,-0.236684394248788,-0.6682420069998041,4.2513746703944975,-0.0093970792266551,-0.0205442537835809,-0.928207099976018,-0.1644512054503013
0.0013123947789161,-0.9647418922277512,-0.228067339583488,-0.7772803648767161,4.036938399801804,0.1576999731627286,-0.0200490472888586,-0.9334113694148514,-0.1617987800636245
0.0053552037819906,-0.9665967142478472,-0.2182464979936886,-0.8150848627447159,3.948209294323631,0.1386202090413081,-0.020920161808205,-0.9342655552555408,-0.1612353499800334
0.0042543941751986,-0.9689665912381468,-0.2303066507750458,-0.7637925806520697,3.8286114410409455,0.0740158156223888,-0.0204169941757353,-0.9323851149358,-0.1651315247506429
-0.0044288555802019,-0.96283982695889,-0.2415756799159362,-0.6391251249639202,3.7805211852578826,0.0735094430700589,-0.0226307091802854,-0.9337469034393514,-0.1633538510597169
0.0021525842236456,-0.9662974132249772,-0.2271008460074149,-0.3437217378758388,3.846155976572409,-0.0336734756440402,-0.0233634777672082,-0.93650510655329,-0.158276876592402
0.0072187942902894,-0.9715725140153624,-0.2246602540099749,0.345717464859501,3.789476677841391,-0.1558504269969381,-0.0193690970837389,-0.93529241186275,-0.1561979507630242
0.0041628978728609,-0.9615198908959806,-0.2287112060846061,1.0116570838591503,3.725812873086229,-0.2515358747371545,-0.0216263377797101,-0.9352463362008036,-0.1546326787805989
0.0072259399995441,-0.9668584434035632,-0.2226719164152567,1.2043152956425591,3.726390794930334,-0.2010981441759678,-0.0215194698766114,-0.9358598208559396,-0.1568945137188284
0.0036089301256553,-0.9709853292510218,-0.2305696677166782,0.9613684583620388,3.721895448325328,-0.0569962238862532,-0.0182737586124643,-0.9348792213903704,-0.1600645203648843
0.0070889011687914,-0.9655703561173692,-0.2374504088269867,0.3389675723002816,3.7716739930323766,0.1165333679077841,-0.0189252850033599,-0.9330696751172598,-0.1609164333117906
0.0098766924167164,-0.9660674930181816,-0.2325576309482972,-0.2209868205961107,3.82005910097052,0.2610840371306291,-0.0162750081731095,-0.9301713544074603,-0.1620519929835915
0.0045955576257527,-0.963707868720894,-0.2269371224841064,-0.5328689226541203,3.801731717922281,0.2731357561469483,-0.013962242587495,-0.9313525595410947,-0.1595831383028874
0.0122958558523608,-0.9709134678884296,-0.2271443352212402,-0.7447166601219646,3.7792914345943034,0.3225322473593955,-0.0109944733429117,-0.9331852487286244,-0.1590000109518484
0.0085018910564369,-0.9745218859039556,-0.2268996358162357,-0.7474170977109937,3.675624763658021,0.2778137577059888,-0.0101139816206374,-0.9318404011436732,-0.1593478088682505
0.001481686911137,-0.9676866476397497,-0.231291798814577,-0.6890569556479882,3.6116861879725337,0.174921660987802,-0.0124550146839883,-0.931898937720155,-0.1583670463574537
0.0083605596280488,-0.9678202200962448,-0.2360838441883574,-0.7229568027214048,3.833369805404967,0.179894952614819,-0.0121825935949398,-0.9344208207298902,-0.1633698066878181
0.0074084832173319,-0.9651136489929412,-0.2290188916279626,-0.957594069402402,4.150290687291982,0.1466632017014133,-0.0147213029397342,-0.9343837813531316,-0.1645750982110582
0.0067836729590939,-0.9661384439778962,-0.2312190243289545,-1.2232075151572466,4.4312725223575145,0.0918356704611203,-0.0158609433826578,-0.9333472363864456,-0.1623465815218501
0.0108630021193334,-0.9751261367106704,-0.2279702442772266,-1.16127290459592,4.689608564128396,0.0621788485015292,-0.0145467577804378,-0.9353035375323532,-0.1629017179903419
0.0111112607406469,-0.972361766048622,-0.2240425452901694,-0.9001991020512125,4.985770025582002,0.1404579003715162,-0.0137405438925822,-0.934302582412918,-0.1613081365248763
0.0068899064029825,-0.968577078416835,-0.2281558319496519,-0.4899346400834672,5.435578025698756,0.2271272246644614,-0.0137866347009379,-0.9331869893559186,-0.1593366426952002
0.0046048163003619,-0.9674310720418136,-0.2208417139035967,-0.1723280420660359,5.746786217152154,0.2044596626973462,-0.0156473269844943,-0.9327984152759458,-0.1578127125794571
0.0073743848845759,-0.9644986344433496,-0.2198868846899709,-0.0914611910102981,5.8174110242626105,0.2267949667148065,-0.0149830393958279,-0.9311303269731416,-0.1571499156015871
0.0070446731107872,-0.9701584315821196,-0.2208816044505259,-0.1393034248724156,5.880386220746675,0.2567797175013568,-0.0151484684507597,-0.9322187691508148,-0.1531232823740894
0.0050958004657758,-0.966060516379462,-0.2238975444253755,-0.4788565117169198,5.88361212463628,0.1854909924212879,-0.0147836945737784,-0.9325934109208216,-0.1519502686544282
0.0007847654790861,-0.966734938438049,-0.2198766314656882,-0.8888405756588074,5.7198754462534485,0.0518640292203197,-0.0146955529916973,-0.9322609525627268,-0.1564167547252443
-0.001918495059711,-0.9710510704232606,-0.2175851587415464,-1.576233586840032,5.277356815224806,-0.1319500269671951,-0.0183016816576629,-0.9289702780350808,-0.1552871320699675
0.0018731993087952,-0.9606039390450464,-0.2301105679802657,-2.4781364816554445,4.430645264552939,-0.4183604048823129,-0.017513719275831,-0.9245782667016972,-0.155049315280527
0.0002059509849617,-0.9650760110794436,-0.2177273143616851,-2.675403082427307,3.407731883913807,-0.6986438580140705,-0.0174496524921609,-0.9254296430826324,-0.1526650260627627
-0.0031160991238192,-0.9670894181293096,-0.2158927637846441,-2.12753032794658,2.6080890791422555,-0.8517324460688198,-0.0207776105648322,-0.925344785983986,-0.1489382821816764
-0.0012222620441963,-0.9654638155822908,-0.2290423043709602,-1.3600872553568315,2.162612228375874,-0.8796870152948668,-0.0227341149724448,-0.9261873038230668,-0.1491219028487183
0.002714397389445,-0.9668630343329424,-0.2201035239001194,-1.1326097869968283,1.9369749427201368,-0.7460441221773774,-0.0258052005922144,-0.9273113433213208,-0.1503474137696159
0.0025189030545071,-0.9592546390792784,-0.2250457470685061,-1.6916515770638236,1.8665306841607403,-0.5178463731236134,-0.0252509101575797,-0.923950781489348,-0.1610426106300597
-0.0040321918666622,-0.9603302239413468,-0.2342592661538806,-2.4942299653514413,2.127089410403594,-0.2661937927012007,-0.0224734252593512,-0.9272632174928918,-0.1629249973731965
0.000815080076609,-0.96654549749922,-0.2273815447813094,-3.2731406606166904,2.446552737713623,-0.0391697319373144,-0.0213389505652397,-0.9327143971164696,-0.1552014414970019
0.0059753125773357,-0.977924037132399,-0.2244862276149576,-3.660001031640213,2.573107840780406,0.0264287547546943,-0.019420973624021,-0.9337358949521104,-0.1572246227155486
0.0013875264443525,-0.9773578271104464,-0.2277617334731746,-3.4788184812881564,2.6684570624280832,-0.0787986544509356,-0.0185787112831187,-0.9412044441212212,-0.1557051208909196
0.0060774962649097,-0.9778841066997546,-0.2267436353202757,-2.943659291797839,2.440836542184388,-0.2198398586899085,-0.0184373806977839,-0.9490879548899134,-0.152806006938919
0.0107050737745985,-0.9897742708788448,-0.2216122159627904,-2.0944577715090773,2.075486852021605,-0.3561410001201601,-0.0170012853102807,-0.951668051785506,-0.1527331778522268
0.0112233941726979,-0.9814825324438884,-0.2234018670565372,-1.1442068791623856,1.905740565554364,-0.487488024983538,-0.0158484962385661,-0.9517519295301132,-0.1547912514752345
0.0089106124561073,-0.9768055884318344,-0.2244751811521304,-0.5211449569506191,1.8732846832521837,-0.5661799816397863,-0.0145652813194734,-0.9432204885130951,-0.1621032144318653
0.0087256964577812,-0.97576175012764,-0.2248328827107213,-0.2751169764026649,2.1385407369155414,-0.6259358598042474,-0.0094483373673663,-0.9357464308109418,-0.161921397366837
0.0184819351265943,-0.9740115954640424,-0.2301181698403945,-0.2946575257389007,2.6103204572823477,-0.5978535130328048,-0.004547212400733,-0.9369589807542968,-0.1615008759169145
0.0201977423999745,-0.97073848863425,-0.2284786442518763,-0.5473931809030296,3.355772262085454,-0.4942483533286549,-0.0047443792651516,-0.9349917368392636,-0.1638986319786489
0.020032984762226,-0.9665702772084004,-0.226236142895406,-0.6273155853909866,4.152473295249825,-0.4450399157251545,-0.0055705216795964,-0.9352013600678082,-0.1591115213768297
0.0196801657539371,-0.9764691120704376,-0.2227517670209759,-0.3726078767822999,4.67879408500677,-0.3720489779039561,-0.0032431401629231,-0.9355621197311584,-0.1568285514519421
0.0174086802583677,-0.968016513128602,-0.2147358243922892,-0.1095061408800891,4.976996534381551,-0.3254459211225177,-0.0038132070594871,-0.9284337265038332,-0.1543447586039099
0.0195852932769931,-0.9640023945810966,-0.2175662294315816,0.0343423770882375,4.886689059077071,-0.2425929798180637,-0.0095470662748601,-0.9280484283634828,-0.1515529630357783
0.0098201536936794,-0.9690898732608336,-0.2188022633314734,-0.045321075762614,4.62466633356374,-0.0479004336550583,-0.0124013750253118,-0.9284609177235782,-0.1538059634713941
0.0033232143746286,-0.9643817879250184,-0.21742502568959,-0.4181633661173849,4.365781337641497,0.0668886168730812,-0.0157809353517019,-0.9288018538385632,-0.1537812407904431
0.0083262089571455,-0.9732744900763942,-0.223622619886346,-0.8322981264854247,4.314341782629596,0.1909080037691713,-0.0200840372300988,-0.9361075893880711,-0.1567159296527514
0.0125591652445323,-0.9722687337413204,-0.2252389024585,-1.098543151556279,4.547462993080204,0.3482748168034831,-0.019925752885218,-0.9359208194076808,-0.1604118693628236
0.0074234148872694,-0.9737427876000896,-0.2344987887676604,-1.2484237111570438,4.71452737533065,0.4164060893575009,-0.0224651616214086,-0.9352309172141652,-0.1592968597691287
-0.0039998391157262,-0.9801810394055174,-0.2391738245275914,-1.1421003014706606,4.8932529266585565,0.3393467844733407,-0.0234599711248809,-0.9374267581312544,-0.1578978035639013
0.0036831728835133,-0.9720278882406884,-0.2325063788517854,-0.786387609512711,5.042198826871444,0.1625432182689453,-0.0180771308424827,-0.9358778123948284,-0.1576142319312983
0.0059688626844665,-0.966700451135035,-0.2392661904202587,-0.4475731711273699,4.995765334185119,0.0711624159243204,-0.0163313722627034,-0.9371709327430532,-0.1600356366268985
-0.0018740402833061,-0.9632843983345584,-0.236201304722066,-0.2013037094691901,4.876500586482126,0.0189837836929025,-0.0173540554273012,-0.9357947483671208,-0.1589972682501911
0.0104178934319276,-0.9745653778290672,-0.2238521299055013,-0.1579219947897694,4.787638195286745,0.0231750019484049,-0.0166344813252788,-0.934410392552214,-0.1570241949882781
0.0115618712884898,-0.9799604731404044,-0.2222381965496045,-0.2291540272806893,4.733888256251259,0.0794225747670439,-0.0169465714675654,-0.9378100799235868,-0.1582745642841397
0.001165661280739,-0.9680311313561129,-0.2200579468080258,-0.2467929190600861,4.733101917210021,0.1243618584413363,-0.0170729907334516,-0.9391048065736226,-0.1553557256363152
0.0086858872191804,-0.972510902328068,-0.2236253716000632,-0.3064990305421443,4.783775656089986,0.1883972500002406,-0.0144697376813482,-0.9363479602156548,-0.1550340354764718
0.0081398639830674,-0.9737174353516198,-0.2306160475157434,-0.2551049855600157,4.815947463329515,0.1668406399910349,-0.0134748888646811,-0.934476143894215,-0.1595334175805767
-0.0015123211549053,-0.9664759941740484,-0.2287705558861459,-0.112447781372851,4.855651076802483,0.1495354426983282,-0.0159532282775096,-0.937747755993019,-0.1621061609098109
0.0042595128490037,-0.9703967828934772,-0.2260892562499867,-0.0115701658377242,4.899223968561882,0.1131380679035492,-0.0153313790288514,-0.9375506897100798,-0.1616834955426237
0.0086579963444234,-0.974139535992814,-0.2228040036624135,0.1819102769341058,4.919350435193871,-0.0014700226310857,-0.0130970304637598,-0.9353474545622756,-0.1566726717035882
0.0046051520597126,-0.9720641286266498,-0.2169500871003495,0.393656264797217,4.854909261388864,-0.0686992673386206,-0.0132030691447443,-0.9347399646607548,-0.1529094861019488
0.0067748055388577,-0.9693248607685492,-0.2169143073801203,0.5702319157126176,4.74471634741805,-0.1018383380305773,-0.0127203730163762,-0.931205642932101,-0.1525616781527657
0.01204959923845,-0.9699893945728988,-0.2170237904617227,0.6369808661797036,4.781305844295565,-0.0846936071133978,-0.0128001368114092,-0.9305512980761764,-0.151592621907886
0.0108666931976312,-0.9638963466182708,-0.2172107435737795,0.4514367488973498,4.972239464917565,-0.0993414282026723,-0.0142027604335251,-0.92980161413866,-0.1508683325762285
0.0083117032466747,-0.960665945918774,-0.2226070101272712,0.1552212499038781,5.059442954464744,-0.0755714029106813,-0.0144261553981873,-0.9265317650688134,-0.1501509332534604
0.0103626521443566,-0.9714640640246276,-0.2209761676445024,-0.057339240582282,4.9552884867772,0.0533081594386274,-0.0149775515529417,-0.9268476285349826,-0.1512777460770671
0.0035165131467818,-0.9648647231310474,-0.2202987365496346,-0.2436589145955763,4.90127609899154,0.1170369218600589,-0.0177485380557117,-0.9270244652703168,-0.1523865617441491
-0.0045526481815415,-0.9574409176847686,-0.2272914869703412,-0.6574959733394505,4.741374652550463,0.1637169497992382,-0.0198333066762026,-0.929839848230912,-0.1520971827873237
0.0025671684327523,-0.9684111901936612,-0.2273038822435223,-1.1113195031542236,4.491141858436817,0.1655299985351439,-0.0208941223521749,-0.9357755454044848,-0.1551584894377489
0.003815893378151,-0.9688180557680084,-0.2242394253932467,-1.2520857422464908,4.374152104567076,0.1167352627252427,-0.0215878017505415,-0.934133801701182,-0.1571667524383959
0.0035428530407437,-0.9707326933944144,-0.2255448255356936,-1.1780849279390648,4.146429001971765,0.134922707561443,-0.0215604525731249,-0.9355770532578364,-0.1574071046702712
0.0084576241120348,-0.9775206750451148,-0.2298353896903262,-0.9248241684135696,4.0576061508551735,0.1255089024916504,-0.0216413465782027,-0.9416030501149544,-0.1584778946747107
0.0037884143860993,-0.9758486679925792,-0.2319662008597143,-0.6366623513040751,4.328667727694649,0.0314505940399735,-0.0201632891185958,-0.9375559157214992,-0.1597918286418677
0.002155859755548,-0.9725745699442524,-0.225712772319551,-0.4626086582258208,4.681573474179803,-0.0574183728797552,-0.0197790917940809,-0.9350743304143186,-0.1628573182052769
0.0021187244223065,-0.966466882176338,-0.223953494191091,-0.3358614147297694,4.9977086294445625,-0.0866250787289929,-0.0189024387543307,-0.9360828914802244,-0.1628935349705795
0.0035710727081208,-0.9672849276784012,-0.2349688540131711,-0.22204763538539,5.201902171689112,-0.1130080026245134,-0.0146233140150195,-0.9344430675119416,-0.1637697444767334
0.0093217261635975,-0.97064761383201,-0.2356454803528006,-0.1492547133003113,5.3533885598847295,-0.1127977396210747,-0.0138246303318867,-0.9351245034964996,-0.1655315070551643
0.0103411028778639,-0.9666156274587034,-0.226274464724635,-0.3466021290468396,5.451372006895828,-0.0216850414283815,-0.0142012543663008,-0.9344360345099508,-0.1603993645742323
0.0154564671718494,-0.9705896896219904,-0.2228744141479362,-0.3326677467965728,5.417628640111773,0.1103878069530976,-0.0114940104720606,-0.9360909303649214,-0.1558973887202272
0.0132833140634185,-0.9714233607853722,-0.2193500407324678,0.1714530916356413,5.3116255757534425,0.3319497232857117,-0.011500753723721,-0.9352714427466304,-0.1533009810317216
0.0022884446908515,-0.9652148803914686,-0.2247002704498472,0.4736602500371087,5.187472148936048,0.5883409087593776,-0.0159452958957761,-0.9305080200228626,-0.1536306025400177
0.0054752347871196,-0.9693829266941356,-0.2271231941769052,0.4559801191269559,5.105793276735411,0.7658510221693671,-0.0190906158793914,-0.933861315313907,-0.1586932662198878
0.0079162793259085,-0.9678451948420392,-0.2214231156264896,0.1754810941754527,5.154862400492163,0.8461673417350923,-0.0200197036444344,-0.9347704180126122,-0.1597550393492909
-0.0001990607781598,-0.9651521333743528,-0.2303654087218154,-0.2641790787512429,5.308529080219111,0.726751698570014,-0.0225304001706985,-0.9319534742349392,-0.1598322060057081
0.0018586253336416,-0.9717877465900852,-0.2335410000033934,-0.8412351438497037,5.521448278124112,0.5700852747249318,-0.0236887785585549,-0.9313098978365968,-0.1611803210958666
0.0027471015101651,-0.9656992187992144,-0.238858222436252,-1.860356317610517,5.936424819874964,0.4707280650648253,-0.0226227804129318,-0.9283379473380168,-0.1626750967249188
-0.0089888059260795,-0.9587654112675972,-0.2484412101870304,-3.104426038579532,6.495613226919296,0.2462961842772825,-0.022058802601337,-0.9292102189953562,-0.1639160270701166
-0.0070234729838349,-0.968484000136709,-0.2363564586420848,-4.173707853262827,7.0407284698186965,0.0248991366209589,-0.023250849638679,-0.9322438014636324,-0.161259685385968
0.0048832314740972,-0.9680512685890728,-0.2293003588422159,-4.534442693670143,7.426059652719458,-0.0962407623173658,-0.0237812170769777,-0.9325104008983558,-0.1582819594168443
0.0036071178837339,-0.9593880309877386,-0.2245797663197075,-4.112331295774444,7.437694781509044,-0.2379565907027896,-0.0220000265995643,-0.9336544492749002,-0.1548028090554002
-0.0010301032182597,-0.9672012296819932,-0.2183660726038347,-3.443403427319248,7.208763174087467,-0.3155152290028589,-0.0216130433572565,-0.934949569006598,-0.155208032333553
-0.0009234610316179,-0.972563235024217,-0.2267077374704329,-2.764168332890193,6.851028420629885,-0.2350227357914702,-0.0205508155032237,-0.9370611484762856,-0.158158896820996
0.0021937961702428,-0.9768285986430446,-0.2292729589088662,-2.3075676404673966,6.419225791726464,-0.0962777666780047,-0.0219359802463733,-0.9389338188802304,-0.1567240431824618
0.0053220127738361,-0.9791953126795973,-0.2284142057805707,-1.940478082633461,6.109398007447749,0.0245185644924953,-0.0251360023628943,-0.9369778102137654,-0.1606765309369208
-0.003965448136634,-0.9684770236732342,-0.232632545605184,-1.4241261501020654,5.845070839829411,0.1385997646993715,-0.025308844694482,-0.9368273741751404,-0.1631979422201546
-0.0089413737385688,-0.970346503767872,-0.2331722667687349,-0.8361820614391854,5.470794214624067,0.1815689027853732,-0.0268351865555182,-0.938481333888796,-0.1597850542789299
-0.002590124689772,-0.9709100205668092,-0.2307916105812405,-0.1910254779237575,4.996723306685878,0.064060385806509,-0.0256817037145474,-0.9350793645034836,-0.1624118630514083
-0.0064639828396847,-0.9669001082424304,-0.2281517178480594,0.077843227555,4.545605703970716,-0.0430167309073453,-0.0225327760279708,-0.9292152153997972,-0.1639508319532545
-0.0042671198305951,-0.9671858901382332,-0.2287184400366286,-0.284152256131052,4.343535104415693,-0.0593759306499946,-0.0191656372115663,-0.9269067692791152,-0.1619006534498406
0.0023270309654978,-0.9584318240282028,-0.2309478783454824,-1.0204041968486466,4.408462770098564,-0.0481822298850142,-0.0178770480844941,-0.927143956708669,-0.1649663180348482
-6.125796375527643e-05,-0.9628353037874242,-0.2365990479140466,-1.9456005978781528,4.52531961153473,0.0473913964079179,-0.0183853108168819,-0.9262503636553612,-0.1663802913262657
0.0079483983433319,-0.967613649056232,-0.235726287892368,-2.763996889147088,4.638773231029148,0.0532982368420675,-0.013385364455296,-0.9285553307247216,-0.1611059010336236
0.0107306833677921,-0.963985723543805,-0.2230448739203362,-3.184346459181515,4.733763055301297,-0.0073220892045904,-0.0143193287448277,-0.9331744402970898,-0.159855513750741
4.6684180464771127e-05,-0.9691138037354032,-0.2255436412761484,-3.081555926728096,4.72467779516556,0.0215395380998619,-0.0164256229145779,-0.9346602951528512,-0.16039749734233
0.0042737960038803,-0.9735234495053876,-0.2349627997006053,-2.5614870736451736,4.665838014748408,-0.031955486038694,-0.012326285833163,-0.9351479528415508,-0.1607626463514968
0.0151466556651505,-0.9798980032407976,-0.2397470586567454,-1.895130828907608,4.711632960309192,-0.0765698976732316,-0.0130482166747755,-0.9376251336542286,-0.1660994191447524
0.0175463343188237,-0.9739007612449714,-0.2438693702080926,-1.30085784610954,4.792180706986665,-0.0851833605601948,-0.0151496990192993,-0.941254310955764,-0.1656045074891727
0.0149293074561227,-0.9666660393873155,-0.235507204917422,-0.903776959781386,4.680527513928579,-0.1366101561351204,-0.0145529180947542,-0.9400364782171058,-0.164023229943625
0.0129730097721503,-0.9716791402717934,-0.2281938059512907,-0.5083069117333332,4.545615670607859,-0.1233495098536587,-0.0124941644467053,-0.937429644407185,-0.1653063506774602
0.0176629125068297,-0.9717507069864536,-0.2233865071100682,-0.0377761531799115,4.5761019636270905,-0.1876452503776953,-0.0136077142730164,-0.9376021851764496,-0.1614317340288658
0.0151641875656512,-0.9803900247011674,-0.2285197434112408,0.2894535134361774,4.60357501233776,-0.2496814764331731,-0.0133747031930435,-0.9345530051328684,-0.1594347438562337
0.0076914267917332,-0.9789903239112154,-0.2256588150008739,0.4151671653803425,4.594052436599771,-0.2598654028297649,-0.0127380735258779,-0.93278041145939,-0.1594743201770523
0.0057778462556358,-0.9734376980421344,-0.2075977063471836,0.2499577576820605,4.50891730463088,-0.267741742982189,-0.0157900664273584,-0.9318431438837236,-0.1599806466303883
0.007038533057255,-0.9803811565362954,-0.2211558832237075,-0.1522645970333176,4.349361305207265,-0.1653562146247113,-0.0113032622318748,-0.927164569034161,-0.1590942594525222
0.0102603297403139,-0.9668302094711626,-0.2264526787033509,-0.5609257410115314,4.258984834885892,-0.1975284143262322,-0.010577753639198,-0.9279468902219372,-0.1562835056019146
0.0108829392150021,-0.9541662689310204,-0.2226208036361375,-0.917296043671894,4.23313353091354,-0.2201685432317849,-0.0134789244501429,-0.9310527607284188,-0.1584085740244743
0.0182222874255766,-0.9616351695982026,-0.2274649818038592,-1.2768648434846637,4.310380470221133,-0.184084475069062,-0.0087349765884047,-0.9317609044860188,-0.1591440350713151
0.0218217409354259,-0.967365049113492,-0.2213863409921292,-1.5645834163721626,4.367016465616742,-0.317708804172148,-0.0083640886693945,-0.9327131963901248,-0.1583190771067647
0.0158300615841653,-0.9662570311107312,-0.2335696818566056,-1.6663139247481915,4.465778886454367,-0.3094131068578551,-0.0105992670530957,-0.9307951324001336,-0.1616356535681179
0.0145148791637936,-0.9704373293345888,-0.2323909853428134,-1.7942968499846708,4.803132978050795,-0.2752685148184661,-0.0126092439318491,-0.9327029622193774,-0.1635019733038989
0.0059867835300598,-0.972696081025384,-0.2242726259863071,-1.9107870665074933,5.02485878758722,-0.3330166814523292,-0.0157667740161093,-0.936666626716252,-0.1631015038348379
0.0032508796273493,-0.9679472512728446,-0.2313190017489088,-1.8343103127421647,5.1603662513181625,-0.2986972193100025,-0.014751956654765,-0.9351680768478992,-0.1614667030606995
0.0085965111113976,-0.9714742916991228,-0.2275392124383974,-1.6438904535888317,5.205337887509354,-0.3730634129721478,-0.0147081365515415,-0.9360656956295772,-0.1585386617282086
0.0074725032191574,-0.97311252275258,-0.2279357193234469,-1.278580000969977,4.961354507124296,-0.4766681295994922,-0.0155251223818488,-0.938476422662719,-0.1582593341927274
0.0120701844039372,-0.9736178525001616,-0.2229085588085559,-0.8308904295420518,4.745212885951711,-0.4776570065491761,-0.0156560338385351,-0.9358497441422188,-0.1578098017913985
0.0086235504417909,-0.9712625232082912,-0.2260010678277966,-0.4443848034208241,4.426463518481409,-0.4951149071455687,-0.0196178705331575,-0.932439367736604,-0.156643565756454
0.0026191141246935,-0.9667664560312768,-0.2417254584164939,-0.3085470058972947,4.101408675969699,-0.4279702412073514,-0.0197119384235311,-0.930334635768953,-0.1611756684545816
0.0029750088931206,-0.9663086655183266,-0.2382288789571416,-0.7656669882920291,4.101107715108941,-0.3254780851082925,-0.0173996035380378,-0.9275871874219768,-0.1640236494459968
0.0025446807927665,-0.9635817045640718,-0.2346000415910046,-1.6737215422188616,4.29878718218645,-0.28684954818784,-0.0179842953123435,-0.9308789547629952,-0.1623857876913032
0.0080999763110191,-0.9736715440472964,-0.2367506810880767,-2.387931079206181,4.63658117019407,-0.2627339398891664,-0.0154619424392432,-0.9365157184924516,-0.1626441110168447
0.0057135391994982,-0.9744027555805016,-0.2275490680328403,-2.600277441622218,4.908253025817146,-0.3644758185671159,-0.0137515835661458,-0.9340817956335667,-0.161593962186639
0.0067274076254005,-0.9711663868724014,-0.2231162404126897,-2.54176090164145,5.092604454006221,-0.5643857575572497,-0.0145646877825542,-0.93550896590705,-0.1605637479877356
0.0107748433155971,-0.9735433361860236,-0.2322779493962076,-2.1885668669895586,5.04609373684619,-0.7458713094856299,-0.0141679692230438,-0.9385468788782808,-0.1601931665714588
0.0053982286565696,-0.9623119816087056,-0.2290189767764965,-1.8343743402093249,4.79712131149395,-0.8455403578603643,-0.0124428533042224,-0.9295815463254632,-0.1611647181758764
0.0057485494709884,-0.967260635094616,-0.2324894024580164,-1.995440288704707,4.733906097537809,-0.7713075688052587,-0.0125572272132823,-0.9239589171692468,-0.1636903620419882
0.0074813710784515,-0.9649645522463716,-0.2447951352015051,-2.507131230353949,4.674979824172295,-0.6673211039729753,-0.0153150796967291,-0.9270941788057468,-0.1648208327093178
0.0106394335181388,-0.957502427119379,-0.2361178816458624,-3.2745315246931685,4.721386371525488,-0.5007257139071052,-0.0150809275619357,-0.925898202111744,-0.1694627036388941
0.0067091575578791,-0.966872090648148,-0.2316710980324178,-3.8449238099305862,4.764368669832641,-0.2259990161286689,-0.0152215139333623,-0.9289661907894522,-0.1698937799870588
0.0041493472932089,-0.9668562382932192,-0.2256061428931682,-3.766325181279966,4.464347321667801,-0.2011101067990031,-0.0165293212684802,-0.9415067245762494,-0.1630714779696913
0.0065513314915994,-0.9731114698747833,-0.2222656272711412,-3.2412644416415146,4.082600471992457,-0.2386164824553882,-0.0166849627058375,-0.9422104866383548,-0.1606861306760196
-0.0017360031983135,-0.9728623722888616,-0.2321786925785035,-2.306328208589276,3.673250844027768,-0.1942564830764315,-0.0187951019774861,-0.9357948828424713,-0.1620918413707265
-0.0020947273655546,-0.9652001855521236,-0.2312458704894273,-1.3712568550332591,3.4241524413372515,-0.2677517961076282,-0.0192037639623346,-0.9380318983230588,-0.1657089993228064
-5.490333815268573e-05,-0.9703117935023564,-0.2348922566186389,-0.9180704122673772,3.414057074657316,-0.2212965271259853,-0.0196616875350757,-0.935368847482196,-0.1704659945098586
0.0051146872699799,-0.9703466169622272,-0.2399178130084931,-1.0348250603239804,3.518860073088069,-0.1855304526960146,-0.0215043049657187,-0.930714783419422,-0.1739240191249743
