ADXL_X,ADXL_Y,ADXL_Z,ITG_X,ITG_Y,ITG_Z,MMA_X,MMA_Y,MMA_Z
-0.0163563850616683,-0.9527861119773162,-0.2788404722612545,13.729148229473203,7.718464475441354,-13.673656390899197,-0.1078744233502798,-0.9175908934529904,-0.12136098030747
0.0022170933646269,-0.9081182980409556,-0.2768594045959581,13.872249780872162,10.095918150532697,-11.47561808219688,-0.0933889813621732,-0.8659166150574784,-0.1211595004504169
0.0046364479305577,-0.9021605988212558,-0.2859289207313996,11.455817491546703,12.948122611887216,-9.984902213909956,-0.0827345757002096,-0.8517966072332002,-0.1239826524145099
-0.001621421004971,-0.9183283476473691,-0.2868766272237987,7.790318642127598,15.28500326010068,-9.446055642769055,-0.0876203635846336,-0.8790607343638561,-0.1250623271238676
0.0003207942476677,-0.9601128049918048,-0.2723430594664127,4.328103247695388,16.881344977895402,-9.398104035127682,-0.0924241724379014,-0.9116461456012864,-0.11897372952238
-0.0066833478889744,-0.9847240145192212,-0.262431702633107,2.695418890929579,18.239796711438206,-9.34363253858482,-0.0887824570071213,-0.9277913274925272,-0.1037246402906918
0.0012160939554705,-0.9776035879160028,-0.2485834329802854,2.7207094914556045,19.106277223805293,-9.14051588325358,-0.0793114464020346,-0.9313106781450388,-0.0921888703848802
0.0229246551758342,-0.9826804930578206,-0.2359617732751048,2.961768265121965,19.471569975424792,-8.939764636941534,-0.0675474938215479,-0.9285535946518936,-0.0851039447368265
0.0123590577366773,-0.9821295244473576,-0.2381321111038022,2.819905791771369,19.07432237115272,-9.104795828838803,-0.067803243988494,-0.9296818712957272,-0.0771832924692372
0.0024175311406538,-0.9819754445748444,-0.2370646792969491,1.8284932906198643,17.509052530735953,-9.60752854529037,-0.0749357849276315,-0.936864974533193,-0.0716791968551625
-0.0015688815943523,-0.9983286068843548,-0.2322814463419418,0.9450692097508252,15.074116557395232,-10.104608365349014,-0.0877680060494462,-0.9520008771059228,-0.0636275704770906
-0.0205772223580163,-1.0108305574645124,-0.231934289183689,1.6617584943344186,12.81954618958156,-10.367650562662629,-0.107486156283093,-0.9651952107111488,-0.0614101794367868
-0.0459944261111429,-1.0100071706931355,-0.2389685241218452,3.8187267298313463,11.202619997722785,-10.129901950297404,-0.135353891347369,-0.9607526441632512,-0.0741740437305376
-0.0997940852565792,-0.980202442527336,-0.2895438962004887,6.124110530021696,10.1168329503508,-9.184762130024028,-0.1815628912788339,-0.934784956228028,-0.1224126494160097
-0.1795519718800043,-0.9131808810515352,-0.4029730374201745,6.54539647174657,10.261100407952116,-6.949623473703886,-0.2482234748399011,-0.8688353216891476,-0.2300072221712989
-0.2675759880620664,-0.8665652211827903,-0.5298359994534397,3.822201328392032,8.093174574152437,-3.627659892465135,-0.333208483192773,-0.8232986927372541,-0.3632554384144131
-0.2992767211833881,-0.8988582843971723,-0.629879073303228,-4.48011795991226,2.3107946556734644,-0.58481647136354,-0.3699559706133711,-0.8609909827024892,-0.4771028379256563
-0.2147283980904641,-0.9747922803043788,-0.6937156664300079,-19.19010013917701,-0.5118853577683485,2.4336915711682847,-0.309796349047466,-0.933527377039221,-0.5410608934168051
-0.0880230178874652,-1.090260747565296,-0.7003408224633983,-33.16041761869288,1.389456340323821,4.670181446598534,-0.1958288495751397,-1.0409074851775943,-0.5440109694135786
0.0335974853064672,-1.2157195405557455,-0.6623493673152221,-39.34521492427622,7.313395981405327,3.5622953929412406,-0.0582526644481958,-1.157031189977259,-0.508444988499513
0.1723609871464443,-1.2688910783570042,-0.6113432223955133,-37.20153848383431,16.884938962607702,0.2624598086558339,0.0783951957448978,-1.198900471668232,-0.459731917484285
0.2840318475631898,-1.260866408631029,-0.573420490978213,-29.793378936918067,25.351182605480886,-2.6175255791639684,0.1836852369119619,-1.1840596425107277,-0.4242984696840542
0.3227795262845823,-1.2323709988634597,-0.5656510295703965,-22.251109588746797,29.20771923368442,-4.799765576715532,0.2366137525523044,-1.16398458844589,-0.4135058583976355
0.3146460107617117,-1.2298002486528397,-0.5608408017370532,-17.29124499054817,26.580895528201538,-6.224183913720045,0.2396430623376642,-1.1607987100315076,-0.4131202956006706
0.2860571520340303,-1.2304433715660366,-0.5591369382570066,-12.944639698062511,19.118341622921086,-6.943360000739147,0.2068591872400797,-1.1569673734985124,-0.4126019019046522
0.2465244420995144,-1.2196975040692686,-0.5744009375104924,-8.291552222328873,11.514265235148848,-7.65684701392404,0.1547166521136537,-1.153886591613167,-0.4256833060817686
0.2214819404540098,-1.250172922081236,-0.5990913063046981,-6.929393707420923,4.934358293217533,-7.680197463956363,0.1350684744408558,-1.190137911148307,-0.4472090444615381
0.2304444045081484,-1.2942414964329323,-0.6063745647345098,-10.841449113080904,-1.3435070364689266,-6.016271993881326,0.1504206063576059,-1.2475527518689111,-0.4426128333525896
0.2579917439087349,-1.3585505366865709,-0.5476250843071255,-16.76474814765225,-6.828131490176324,-4.109992164915934,0.1671181316178097,-1.3068103799841408,-0.3985077063621849
0.2638895586872821,-1.4134494606970491,-0.464268899721178,-20.11537562780092,-8.901018893705576,-3.3951932987211704,0.1723233542171224,-1.3502366159519736,-0.320247598812166
0.245067240692901,-1.4049760963368536,-0.3978732136341889,-18.154087603875325,-6.413642416738797,-3.5420925064479567,0.1481064234022457,-1.343717375886076,-0.2418860111663083
0.2030238993424793,-1.37174865826709,-0.3499013184379703,-12.083414248062878,-1.7708431789147692,-4.26739081410274,0.0995526196972096,-1.3001452032858734,-0.2040730191391364
0.1373141104934763,-1.2937681625880395,-0.3631262132929491,-4.535088708789755,2.7030565194147607,-5.17746940137589,0.0471461610121066,-1.2286955545727487,-0.2140365392120832
0.0919192768767817,-1.2052350921121533,-0.419049788602967,2.9561335092480805,5.3962907668154,-5.505486270781487,0.0091436300759326,-1.1403630655391668,-0.2523639450935405
0.0708027960267023,-1.125311898077893,-0.4644034268676996,8.226783794378822,5.5496460258333045,-5.377836627567449,-0.015118266287183,-1.0599910764859073,-0.2951603225870599
0.0583561371282871,-1.0246382284402895,-0.4962922148347126,10.150783284712858,4.214174799410171,-5.495115039364931,-0.024608753849447,-0.981873602350418,-0.3402883440628983
0.0616954332825571,-0.9589022473287012,-0.5257986169610807,8.956824109877841,3.5327156816354277,-5.76846803857662,-0.0173587477286137,-0.9056920625929789,-0.3704442945096311
0.0671998402315559,-0.8954654260439574,-0.5307181849072382,5.216082229351311,4.503196959136986,-6.007035430084674,-0.0159626962622276,-0.8404052820110978,-0.3691491255273916
0.0679364657746828,-0.8367749878838759,-0.4982466244807184,0.4267091380398882,6.317112051560681,-6.293984388126521,-0.0179416878732882,-0.7917842860872568,-0.3509145098912017
0.0627423989689113,-0.8086858292783506,-0.4727413503802957,-4.975796885961245,8.179099492613243,-6.293992800745941,-0.0207398509282592,-0.7586032497099339,-0.3211116586181108
0.0636348799711647,-0.7759416465810178,-0.4592531149872485,-11.517935443335825,9.662255916905794,-5.884153589775605,-0.019743621999058,-0.7387504590652317,-0.2863588723893139
0.0771741776372686,-0.7875827962921346,-0.416296224298697,-18.40280432725006,10.410491008445852,-5.418466391900068,-0.0109530539730479,-0.745198968250298,-0.2495159004711021
0.0813404543658725,-0.8197373538794424,-0.3642836357084063,-23.417405581986955,10.402033511933672,-5.266080817701064,-0.0090427451447523,-0.7708979956249872,-0.209871129483568
0.0905691974109223,-0.8423304515706143,-0.3356313050689404,-24.688680870897898,10.154132909010972,-5.517105730689687,-0.0006277129278435,-0.7952821824433638,-0.185378387930391
0.102750287032714,-0.874860409461194,-0.3337553295032717,-22.42599860855856,10.029597028570045,-5.829864210076201,0.0105595980660221,-0.813072009269785,-0.1822716966943461
0.1031775841120191,-0.8804556290944715,-0.3636280840283929,-18.14904615532012,9.809956728828748,-5.714247614337983,0.021347531783876,-0.8261489724091229,-0.1949882638148758
0.1181259432831458,-0.8829097699579479,-0.3935773388924489,-13.781599471049296,9.151550005303104,-5.147453535402354,0.0360695428739499,-0.8339627702776109,-0.2215919131676261
0.1261737317124398,-0.896414187686965,-0.4080665953029363,-11.18771375562391,7.377275496319583,-4.170941207281937,0.0369693874762428,-0.8440209819558652,-0.2491563012211591
0.114985538419585,-0.9122267861390624,-0.4175513204962708,-10.775500514374311,4.359059279969698,-2.494972542290123,0.0302640508370162,-0.8646695410410625,-0.2627588628640035
0.1006539708208474,-0.94025181397797,-0.4141364686224648,-11.66730695684443,1.020077090037249,-0.4079996394843114,0.0164814965295151,-0.8828999559543556,-0.2613382634928115
0.0810716776543475,-0.9531289019028716,-0.399915436404262,-12.714787213444753,-1.9514755456075832,1.712895205201573,0.001927946188867,-0.8967422881045665,-0.2478010654824574
0.0797914072139168,-0.9575551939666752,-0.3759503405473908,-12.932644535975776,-4.190381369970496,3.7588376334294784,-0.0017782891942675,-0.9059593887002952,-0.2205973089722255
0.0820020460176895,-0.9572674496449032,-0.3511824288229355,-11.907622010847556,-5.248270715810218,5.348065982835694,-0.0071962226582317,-0.9003395852433125,-0.1916261609973582
0.0703964231646246,-0.9474421610590188,-0.335286050262874,-9.918686884601891,-5.285612594088492,6.533447069919951,-0.0070377797106222,-0.894776783765127,-0.1770159695150821
0.0681904569707741,-0.9385776658905578,-0.3256867632144231,-7.6385108136128705,-5.019233438861061,7.6234105768837725,-0.0038442051719087,-0.8924344268829569,-0.1716072967350571
0.0743024549070782,-0.9220544393830185,-0.3255885960841279,-5.86141068472387,-4.894584771359741,8.547790141327088,-0.0057004233169856,-0.8799851707541542,-0.1730820831477575
0.0776064293461718,-0.916529391744042,-0.3479362217716738,-5.246296573345977,-5.168012959158764,9.24679424730112,-0.0017303782467006,-0.8691245763967049,-0.1835083814687169
0.0767058341926657,-0.9186350555556408,-0.3645682751743905,-5.7003971812137895,-6.053897507460167,9.687571251003709,-0.001303885353357,-0.8723304691459896,-0.1959277659223133
0.0791118795002828,-0.9213531101528496,-0.3554848352356591,-6.922856485916279,-7.388523957260021,9.722422364989182,-0.0021782930269218,-0.881243936878682,-0.2052959319067431
0.0689574454401857,-0.931173424987728,-0.3709850174113484,-8.88249467900827,-8.586378391068367,9.286425019931858,-0.0021495740894474,-0.8870087205684679,-0.2090020748695328
0.0599589736572109,-0.9330158505972566,-0.3755317442538848,-10.59708285687487,-9.561072977667465,8.319425421457312,-0.0102449168565309,-0.8928595568365576,-0.2099506162191773
0.0694699892264191,-0.9411947956964142,-0.3518700636445538,-10.899929581333405,-10.768469466716986,6.940214986000723,-0.0127399589107548,-0.8945952762739231,-0.2066693013603578
0.0589820574349128,-0.931769482199243,-0.3552981502842392,-9.77064344045445,-12.113050390948922,5.547589880009413,-0.0188062613563894,-0.8786116629223362,-0.1985546877851036
0.0481293964024708,-0.9020839012433224,-0.3580031261185655,-7.781305387775889,-13.475670062338958,4.317538718947289,-0.0306382258034311,-0.8510999939554817,-0.1965732798264007
0.0467216577413397,-0.8833004587148852,-0.3650499105742916,-5.642001712977636,-15.085452153386894,3.3328329871570843,-0.0342940627819691,-0.824851160069719,-0.1958338303145595
0.0428445068199084,-0.8413315689063458,-0.3713091825800558,-3.981216248056183,-16.82825407002808,2.828040307354303,-0.0374242392726302,-0.7960032242566843,-0.1915324431273983
0.0517767847346259,-0.8020272291217645,-0.3539620493998189,-3.3006232414607872,-18.33469006983948,2.5677278136066533,-0.0352985943110395,-0.7616585728436123,-0.1892255394265772
0.0448126808251826,-0.7826063953258251,-0.3451164155399958,-3.1471293958415285,-19.40170047702713,2.207474131732936,-0.0381618697234082,-0.7342033683227737,-0.1839970363113501
0.0312354594596771,-0.7498682338192019,-0.3403809940626474,-2.675600744535433,-20.04556613604904,2.241941285786171,-0.0468759784163139,-0.7147716821987683,-0.1821786921363467
0.0313548000418197,-0.7304257382365154,-0.3488625781215811,-2.186175826057741,-20.42159258901749,2.8562552563210226,-0.0447110302937097,-0.6873521991436825,-0.1896085094209531
0.0275760046289155,-0.7165982647115954,-0.3687739786799405,-2.7742109896909133,-20.74231774589617,3.693839895489432,-0.0446253368375236,-0.6615391458241824,-0.1986910252170776
0.0337814179169783,-0.7067644683291537,-0.3676905115404771,-4.611771530308263,-21.20928417313061,4.7944855505651205,-0.040688174166593,-0.6613067398177961,-0.2024904110487965
0.0523784248269608,-0.7245363465607879,-0.367877368656764,-6.036567752413161,-21.800397623212323,5.868529547730375,-0.0287318998758091,-0.6791819586162792,-0.2046585834194958
0.0744674621682986,-0.7378253607321936,-0.3809792052646482,-6.703962483843026,-21.879773552344805,6.792350942744209,-0.01308317574842,-0.6902209541752851,-0.2138698686502753
0.104653845697363,-0.7469090835420202,-0.3834363100974362,-7.526992486009912,-21.02748191841144,7.634402140880407,0.0118053580627414,-0.6990624978347435,-0.2198794896484797
0.1153690587828759,-0.7679715859827217,-0.3801070459764697,-8.444319945127212,-19.639342204891328,8.031153044666173,0.0293323208403917,-0.7236086268221603,-0.2229871894947906
0.1161182300125576,-0.7983726255237209,-0.3826675251483858,-8.972631526466254,-18.1968598560692,8.456599255656046,0.0384015738356093,-0.7600806273029175,-0.2275652522160929
0.1392129223550547,-0.842705259285648,-0.3887941375971616,-7.867825548567391,-17.30384559652086,9.216558329821208,0.0450125004391386,-0.7965324277331708,-0.2247587216853105
0.1386428557585587,-0.8850705668450344,-0.3859402432985638,-5.428289330955266,-17.316155994703465,9.663025795341207,0.0475992708735884,-0.8268724933848518,-0.221767991919872
0.1241800907767635,-0.9099483179059792,-0.371814774867606,-3.3472939533877226,-17.9083279061635,9.74295464503266,0.048050831482555,-0.8577516142672487,-0.2157262991071608
0.131681055018518,-0.9236067669061696,-0.3535996193897222,-1.9486439775249016,-18.463867663669127,9.602542651451213,0.0464579465261416,-0.8820925623711791,-0.1999901049465792
0.143526559367805,-0.9471419567552576,-0.3354571132285205,-0.4821874725256578,-18.796079851116364,9.25698667656132,0.0528558571159149,-0.8941032328357998,-0.1874198806881842
0.1570340484258579,-0.970215480104498,-0.3415274428592278,1.4807448410385982,-19.21256015873853,8.826756705344756,0.0581975477330788,-0.9095271342649852,-0.1814529721903792
0.1577197628996556,-0.9798164102266128,-0.3510242520882174,3.1347825564388594,-19.54640512228885,8.316883474728792,0.0645830872557012,-0.92555640381034,-0.1803905909544915
0.1549092149379055,-0.9924585824188012,-0.3392741343894724,4.4197826181256,-19.980767369199864,7.777334503439082,0.0730455067372117,-0.940354064844155,-0.1820219426162741
0.1471564201190004,-1.0095768921357688,-0.3330885843876098,5.608773734519621,-20.434551577626525,6.99675191552269,0.0642719630389827,-0.9599558768330472,-0.1786695460563866
0.1400054278023904,-1.031126797987018,-0.328635854064588,6.711061843008401,-20.56032288179487,6.142478816041127,0.0630846759042897,-0.9808678999797654,-0.1728482138595547
0.1515288290703252,-1.0446552028780298,-0.3164482633853757,8.036300885342284,-20.828751585974544,5.6253234397568965,0.06480637054945,-0.986690880457642,-0.1633261767440113
0.1703671063219676,-1.0348576799137768,-0.2996996902604943,9.46569534196938,-20.91348851464816,5.303321314622687,0.0728774427819054,-0.9752194292655284,-0.150949810968196
0.1934019749715327,-1.002354890673808,-0.3093814193668618,10.69328232419013,-21.084153816176237,5.301815668090215,0.0979741715259823,-0.949535598155432,-0.1577667627052723
0.2161452841779792,-0.9466784948999774,-0.3416370153288458,10.836448381964043,-20.82504711049858,4.937091625940743,0.1268069092264789,-0.8927123261939643,-0.1761651564714328
0.2925246605649421,-0.86674912810898,-0.3782338088811965,9.88822977296136,-19.466386007808868,3.847383807946849,0.2073691675788723,-0.8230410423813309,-0.220701620527203
0.3247378059424522,-0.7704137204417016,-0.502556869939421,5.466648132205318,-16.820479443511342,1.987116991478648,0.2231416337066576,-0.7392195176176619,-0.3480863851707652
0.2343372474756658,-0.7223612696243191,-0.6573624584753146,-3.1968075242379346,-10.113647295230646,-2.766965109064954,0.1299780975160963,-0.6842577284277622,-0.4933492822289484
0.2006152478419119,-0.8089894476256395,-0.740784657899809,-10.37726751183226,-5.576505571495369,-8.375143380817532,0.114263279656018,-0.7696889318443592,-0.584762228477909
0.1643368361451383,-1.010320116640151,-0.7930719252157207,-16.216731364742728,-9.807687358660113,-10.87410083105845,0.082391774042401,-0.9617142045816792,-0.6449437219681158
0.0372661702814985,-1.2250279377524356,-0.7789803593939568,-18.86943520938539,-12.489884273722188,-11.254563921564843,-0.053902602225942,-1.155012175726699,-0.6365950097267763
-0.0734250234921212,-1.3673958850493375,-0.7233042666770007,-10.53620591276579,-10.275642466415542,-8.896261110581277,-0.1648601368811345,-1.288214081896682,-0.5754935641524221
-0.1558482050721256,-1.412897976300208,-0.6980255723796686,1.9380139342548004,-11.447229228728762,-3.157179295135931,-0.2353441055070868,-1.3454783235230494,-0.5430736267062334
-0.2054510173315428,-1.429423255791327,-0.6575780609209136,6.634661981803347,-13.909206797983936,2.885275413606288,-0.2781977138680259,-1.368829336959354,-0.5117735872502368
-0.2320644095466664,-1.4694578400687863,-0.5975505112413131,6.04221392883535,-12.880315516463744,7.670293835560258,-0.3016086007048241,-1.4001366329171092,-0.4536930890394139
-0.2528157833847665,-1.5249419051279087,-0.5527801147727237,8.789590757440289,-7.669885569032344,10.612775080816656,-0.332224870521789,-1.4568790012951989,-0.4038300339572737
-0.3052723600267792,-1.5766777215972865,-0.5151505218975053,15.849507009564148,4.883174477855041,10.311774271201172,-0.3939540661142279,-1.5083676541836877,-0.3696846096252646
-0.4057261116981339,-1.601363066463207,-0.5011598849337537,21.47126190223213,20.74986184559889,6.231695005119017,-0.4806298991128415,-1.5364393891916066,-0.3523075753074792
-0.4611709822831096,-1.605061934316187,-0.5123583693160556,21.98094798154338,29.048457933960023,1.034177915610512,-0.5202382503588713,-1.547411766451472,-0.3505737215795843
-0.4376343196677312,-1.580444747840454,-0.4909706870095289,19.630969037172104,28.6825418601282,-1.3436306532798583,-0.4960425156300737,-1.5151889330777126,-0.3354751067766945
-0.3598582078346866,-1.518798118291766,-0.4744401627870046,19.101053315689413,23.599029970766047,-0.0363662750791545,-0.4211961709935393,-1.442528614248909,-0.31463001449881
-0.2435660029557687,-1.4197732381394883,-0.4883154507700656,20.86880378759061,15.825322359131269,3.179046107140198,-0.3058061881506783,-1.353639367593474,-0.3255867074439677
-0.1074060320575235,-1.2952327748414396,-0.493391249432327,21.6867515626856,9.708599058389783,5.660887937655958,-0.1922641728717113,-1.2498996565990743,-0.354032649241908
-0.0058278766366905,-1.1871279565750692,-0.5088560824762045,19.8087037671076,6.539272565290604,6.2846214401791,-0.1018884706503197,-1.143197709548747,-0.3609897276474421
0.0312537407845269,-1.088532106840451,-0.5072228600524973,16.148852105635275,3.987800015466104,5.511146617310697,-0.0473650208819637,-1.050397291937606,-0.3471191297163342
0.043395531771208,-0.9973823964538502,-0.4873322539018884,12.703509113479056,1.5954933017629795,3.640924174493048,-0.0342773158258702,-0.9582070156902897,-0.3334619723772422
0.0298470277672635,-0.907056825631236,-0.4780640303583374,10.149481875312633,-0.7236485422997095,1.426538265375222,-0.04664621445025,-0.863178929139913,-0.3160831661368167
0.0056353544219738,-0.8142746851234687,-0.4655462610734465,7.8924253956708625,-3.371943513785533,-0.4535954919695287,-0.064871684310738,-0.7862430312158981,-0.298505937417227
0.0022546800001302,-0.7547614586281659,-0.45161524791592,5.362588448255602,-5.698515532010817,-1.56760799070708,-0.0827383484415688,-0.7265372069597273,-0.2952788279889737
-0.000995932509498,-0.7125653791448028,-0.4358193589539488,1.6757570640277992,-6.706113326158272,-1.870769528326495,-0.0980056376535818,-0.680523947090691,-0.2893826884700925
-0.0099516996777302,-0.6968388291214315,-0.426820487523018,-2.980209166707499,-6.566105462598573,-1.7207722746477738,-0.0991617447164118,-0.6567405096817058,-0.2745572965496695
-0.0120761453287968,-0.7061267349439883,-0.4165675888167842,-7.206828131384787,-6.040370507891848,-0.7580686348970928,-0.0955680057054872,-0.6574889327152023,-0.2539280567077691
-0.0018286240220212,-0.7169657177920103,-0.3908097522251073,-10.349122408081552,-5.234783024859409,0.8865676882040712,-0.0935322447073214,-0.6736618481487162,-0.2271497896056492
0.0046571254128788,-0.7465055817372872,-0.3652540687936593,-11.83352486289998,-4.066413354765657,2.7210208361363644,-0.0885652667493662,-0.6981532400935107,-0.2070571444525921
0.0013910973413496,-0.7719707496203876,-0.3574533506022632,-11.433078777925695,-2.6455929862674474,4.657009246432546,-0.0888678753948516,-0.7258858386266342,-0.194746928555453
-0.0016108428258719,-0.7878890695803042,-0.3465456482493487,-9.923237759331684,-1.0189466516362864,6.142734326583981,-0.0941892716059855,-0.7420898078209357,-0.1862370935328555
-0.0185248285382255,-0.798446782495307,-0.3309516695710573,-7.677869393485811,0.7363648730920916,6.943036845749818,-0.1067670242032743,-0.7540610794955078,-0.1827331759931444
-0.039499446378431,-0.804708714584937,-0.3478167381107086,-5.163115753555538,2.306994384373447,7.162794413658451,-0.128357722117241,-0.7673751508402796,-0.1890013141070499
-0.0560203672141122,-0.8217535991914465,-0.3653580073138404,-3.5238120148154577,3.681362805648345,6.645953365447053,-0.1420792583999783,-0.777817666673698,-0.2016805676393658
-0.069937914572046,-0.8515745035320512,-0.3729680687946509,-3.183520309723303,5.1160739886503,5.152314426312143,-0.1465327670679643,-0.8006054629382147,-0.2160211143983242
-0.0766748712120698,-0.8927637616971777,-0.3909799175287141,-3.5744470363538827,6.433701542164913,2.6882693224781677,-0.1588886300840134,-0.835766851102059,-0.2287368041485464
-0.0918432689675385,-0.9176379313902456,-0.3933596844408895,-3.824818282142125,7.208184880263173,-0.1847529357168609,-0.1724815057004112,-0.8737929568990559,-0.2280694022565537
-0.1007298768155279,-0.945753106784494,-0.3788105777691508,-2.998562163879735,6.877276818579461,-2.982419671889248,-0.1778996557478667,-0.9042325854528824,-0.2151629660462409
-0.0985120368391445,-0.9720360965598976,-0.3513008179386554,-1.2646968818558328,5.100405123709848,-5.378812398103912,-0.178666258452133,-0.920062903934556,-0.1921414033725661
-0.0902683852945684,-0.973202594273773,-0.3154319889235615,0.2447517502021773,2.228179981208344,-7.405186526878743,-0.1672120720451654,-0.9255390222836885,-0.1650693554561847
-0.0623079388735554,-0.9855069743244008,-0.283794892861173,1.1814087766421015,-1.351600661603869,-9.53531456988497,-0.1474418988842587,-0.9250009323514604,-0.1444230892062394
-0.0333513120613886,-0.9890740983571418,-0.2697980036972132,1.492009358930171,-4.874543006584016,-11.820048079883046,-0.1256111979125899,-0.9281720922920432,-0.1257637611016301
-0.016322177213203,-0.9870344655172194,-0.2752338791092494,1.1436119838858432,-7.155602716735007,-14.358159819879278,-0.1032603634994293,-0.937669322406762,-0.1131544838106497
-0.0074236926735244,-0.9995340950403262,-0.2726612648533543,1.0047716520548045,-8.196708086830233,-17.19441045521291,-0.0932534229134627,-0.9522351085701328,-0.1111265110994002
-0.0010595035203213,-1.0071892659124764,-0.265867121288406,2.165283769948154,-8.518994509203939,-19.56939995917477,-0.0936048838201607,-0.962880890010114,-0.114107297783306
-0.0014988832111918,-1.0048303517598214,-0.2736126484662442,4.466031661504716,-8.237437612814137,-20.90584235827653,-0.0953861500771413,-0.9606328049175848,-0.1216323375202168
-0.0045917391165336,-0.994014465392509,-0.2913797525664179,6.336427055734254,-7.483569035280461,-21.22238666057691,-0.0978439977184035,-0.9469356391299176,-0.1305252699922895
-0.0055566535004297,-0.9723210054347798,-0.3021864499543172,6.725758481055228,-6.207610663104325,-20.76421646856896,-0.1012352023890242,-0.9214613887801376,-0.1372543812768693
-0.0147943650015674,-0.9356233181548445,-0.303142903146785,6.201482210243815,-4.887021127242512,-19.875753496727825,-0.1003603537604865,-0.8966384515302313,-0.143504829906734
-0.006436570606515,-0.9117300018931076,-0.3067367866887618,5.384091187436194,-4.146226073347338,-18.77694794754877,-0.0888028912429066,-0.8711193765368501,-0.1484512702173354
0.0064684692648131,-0.889019035498228,-0.3119337072494997,4.507323768087985,-3.918660818590265,-17.77960280837618,-0.0758364116338111,-0.8389473223980022,-0.1472246891752204
0.0018913542533783,-0.8548637269811796,-0.3115675272297824,4.225458266788249,-3.979886741737901,-17.125999771767727,-0.0704650740081628,-0.8115188930203887,-0.1443009236233136
0.0005489774225023,-0.8278686281733112,-0.3014244711585779,4.4236293473384585,-3.997558679862796,-16.80402944112723,-0.0756969412313126,-0.7865002641865149,-0.1447595353018993
-0.0021504513769861,-0.8080455540622401,-0.2999721541611997,4.05292441535151,-3.9919951417902975,-16.707951910169243,-0.0869235745742435,-0.7717398872662786,-0.1456949295590692
-0.0077236233382128,-0.8150592235098972,-0.3157302459361867,2.653802796267378,-4.179267904791366,-16.755422613527866,-0.0942902763790356,-0.7736756347224085,-0.1505937884139934
-0.0161980659949313,-0.8238287540503686,-0.3173510817594142,0.7420482599136101,-4.549553605968266,-16.969292288107305,-0.0994435091974334,-0.7772809543921959,-0.1516895245893433
-0.0150072091487877,-0.8271082836550268,-0.29634357309498,-0.5666418845315903,-5.204123340470126,-17.121594958541948,-0.1027128645225181,-0.7822397233084051,-0.1460633292077898
-0.0119331674175728,-0.8336774927048304,-0.2913710082097311,-0.8491947783866208,-6.265195565262573,-17.00617750901436,-0.1021788074435889,-0.7846797536173442,-0.1436924509903112
-0.0154106929220226,-0.8229061727330405,-0.303148923923784,-0.825802624160015,-7.908143546646408,-16.663894119432314,-0.0970991212805769,-0.7812673752684998,-0.1386080457206022
-0.0030623468336582,-0.8206613672135041,-0.3030582354529699,-1.319882385735879,-9.864330789875956,-16.397791054076354,-0.0923250289170734,-0.7830425822086444,-0.1350406801927515
0.0031616662521264,-0.8311578488853253,-0.3068094986435338,-2.2200631723308817,-11.015324167055494,-16.38798222958863,-0.0855233377018209,-0.7871513755177819,-0.1360784365678572
0.0074225293198479,-0.8516749641802537,-0.3077773599349214,-2.633260074049842,-10.670855859107036,-16.497847063869568,-0.0729567901546585,-0.7988009964310608,-0.1316191498562449
0.0121584703249673,-0.87151135650899,-0.2943284313200097,-2.773689368483252,-9.678833353462228,-17.026584716630058,-0.0684243351132504,-0.818628694062394,-0.1274610623287654
0.0024759279828526,-0.8831206417410238,-0.2882622004887546,-3.201150601329771,-9.537665237566827,-17.73026903651444,-0.0698436627930683,-0.8413577367050367,-0.1287533874793188
0.0019603997635883,-0.9141122228244318,-0.2928552997501565,-3.3668864646274552,-10.826560999577463,-18.318276679938663,-0.0766080410284098,-0.8741436538300584,-0.1346106976601759
-0.0015479064573931,-0.945525093760443,-0.2934962881921327,-3.170956448325735,-12.7248928438417,-18.854479729244986,-0.089517415158907,-0.9001054920049547,-0.1366576984592499
-0.0116124628806597,-0.9696444095629791,-0.292346958511074,-2.70191827753623,-14.251624146444245,-19.126674663102307,-0.0936817273951328,-0.9179726807331372,-0.1306858178201417
-0.0064708215995664,-0.9850469156423696,-0.2989713325205144,-1.831857121451916,-15.585186104567883,-19.705701361813887,-0.0892477189963691,-0.9340395668076976,-0.1273129743307402
0.0022229713630892,-0.9823079829392148,-0.2847736839597556,-0.6092605023128652,-17.15366201522648,-20.055001619066864,-0.0839411371405547,-0.937085749802957,-0.1199613162532404
0.0008492852477427,-0.988831239062754,-0.2675702187643067,1.0430865043453277,-18.593319143348506,-19.5752746047387,-0.081109990920044,-0.9408853447641128,-0.1107246188182881
0.0025411718383355,-0.9939630268904748,-0.2716859855732921,1.9019988802218384,-19.50430172360313,-19.03455493908265,-0.0738322086904938,-0.9484678285220856,-0.1060624439087627
0.0157992155627408,-0.9943714605800852,-0.2631600514464254,1.2653877876098734,-19.893286471139803,-18.318113749636883,-0.0621199018557749,-0.953590637745805,-0.0942542192845131
0.0237859747922289,-1.0064888585360108,-0.2528101180371236,0.9513553821778148,-19.990600968402877,-17.77334654124262,-0.0551108867320299,-0.9571636218250864,-0.0814951294599469
0.0286008586265538,-1.0018964485739643,-0.2369055421645138,2.0945884105633947,-20.309485382923683,-17.505161417547228,-0.0476754877895779,-0.9544318138562248,-0.0687560853251959
0.0384120284389552,-0.9916107788889766,-0.2217376120273853,3.8081476728394734,-21.2701076861282,-17.247916059477703,-0.0403783212418608,-0.9469272816112532,-0.05542911736904
0.0391623701347093,-0.988362642161978,-0.2192821884129319,4.672880158461721,-22.61725327347302,-17.36550206918359,-0.0441924395287867,-0.939227597917182,-0.0490568601130131
0.0273499225376493,-0.9863547092622148,-0.2039367062275257,4.383842935151417,-23.79895751554017,-17.678797450982906,-0.053485163839169,-0.9435532258087632,-0.044000682849785
0.0184923696086271,-0.9997119237925997,-0.2042372296612438,2.9684069886300657,-24.741597998408213,-18.420630353073538,-0.057400335331784,-0.9531950775809372,-0.0382465910004512
0.0309690620633022,-0.9999949918410568,-0.2025725104060123,1.198621994314495,-25.29471494484577,-18.77497223757269,-0.055839248653637,-0.9580892679551224,-0.0243612243988804
0.0439229305869658,-0.9992595535571837,-0.1896784838336137,1.3495719545720213,-25.65885761870204,-18.495908113421887,-0.0454551532945084,-0.9687219979393772,-0.0115777357335495
0.0448969192320019,-1.0019111007224566,-0.1899542239176593,3.215887884058989,-26.367777491886397,-18.154446588384594,-0.0271433975487578,-0.9606208218519844,-0.0185218787527191
0.0668964905878295,-0.9706586700660929,-0.2171558107539011,5.250351308383126,-26.115776594970335,-16.828809186586433,-0.0143167838720768,-0.9232589417141512,-0.0613887140623049
0.0374701897281486,-0.9311993638802276,-0.3356182497719884,3.783777871560938,-24.90592455824312,-16.072803760224136,-0.0578711527191377,-0.8932303869352599,-0.1670141478519481
-0.0547854130720391,-0.9233566677581844,-0.4626423314131673,-4.721083857819935,-25.380849917051695,-15.202628364236793,-0.1396244346047275,-0.8867231503866025,-0.2934279445542948
-0.0555176333529091,-0.9762017396912476,-0.5430420837298858,-14.528100313499824,-26.880919362576527,-12.160375265818825,-0.1444535892855015,-0.9234853856559472,-0.3951070758200181
-0.0030067103152075,-1.060329165140326,-0.6405845930963863,-20.317594746861317,-27.224137084942424,-9.879410920814047,-0.0999544348917808,-1.001567219717825,-0.4859851568890344
0.0073157523832795,-1.146218510727299,-0.7040471732101048,-23.60459412046319,-26.91104470393138,-8.73093775303229,-0.0782898070327992,-1.0807434996530407,-0.5499928083614272
0.0291673531889549,-1.2309512679623045,-0.7292907569522431,-24.188493737133715,-26.821941471200216,-7.468505866713161,-0.0480797229691228,-1.1553579300640673,-0.572960444476693
0.0795093801278297,-1.2806776755655176,-0.7106360893262295,-20.955114349292717,-28.762747154520707,-6.666255235475371,-0.0017529253486386,-1.2105751595607122,-0.5538537076311694
0.139829068763871,-1.301877177900293,-0.6525971167081401,-14.170103430205156,-33.88128710860091,-6.134754877962863,0.0562154874725795,-1.2343735047921784,-0.5068631086530178
0.2033560233781477,-1.289443445932458,-0.6329767639465183,-5.315603456298241,-39.92744361328037,-6.310331573217309,0.1136904854700541,-1.2271821155958649,-0.4836371536014485
0.2430521174964049,-1.2485741564176709,-0.6304621617594836,0.8601568264186606,-44.412246876453466,-7.5296457554942435,0.1462903001770137,-1.1898596583797445,-0.4861253729235242
0.2314785513664531,-1.2670379113768302,-0.6348437242478318,-1.0162961723609083,-45.888339202855775,-9.42828555812285,0.1479667670912118,-1.2027047339722474,-0.4801801982706938
0.2181796592291451,-1.3649865789608928,-0.6250554472775103,-8.593109499136286,-46.89782099238486,-11.503895386145665,0.1318330681091833,-1.2936466616784048,-0.472921350200207
0.2208836115190827,-1.45846103318183,-0.5861086334926506,-13.13411493040445,-51.74426605710454,-13.10847648328238,0.125717102715289,-1.3853550821621008,-0.4604929717994102
0.2039836297993978,-1.5004883899712456,-0.5575000204383591,-9.791523089494763,-57.850090249122495,-13.018930235806096,0.1207048975228371,-1.4244010095985276,-0.4191027619752974
0.1919377538144394,-1.4543479865564182,-0.5181839630273892,-0.6996344905303499,-60.92233056815948,-11.082255509627112,0.1006395348824835,-1.3764708881925414,-0.3721879941552739
0.152164941711251,-1.3161571270846002,-0.4689568542434878,7.173688797383039,-60.68615409481436,-9.045111659951536,0.0616381959771201,-1.2550313687991326,-0.3223642035515111
0.0937677130797867,-1.1851664898245002,-0.4133854732579251,8.585880832418923,-59.348623909032895,-7.435077239223508,0.0159287908715504,-1.1349264839812614,-0.2605317922684619
0.0716969768574384,-1.1083004360431614,-0.3826813058229579,4.497577182281937,-60.35141334938729,-6.302335796671333,-0.0089220891519895,-1.059598765091459,-0.2283033844754205
0.0360705530154394,-1.0568339501700674,-0.394745111172579,0.2087656525866758,-62.7691634088514,-6.218626564790082,-0.0404402898015251,-1.012126623914028,-0.2274074247319173
-0.0097580275061048,-1.0215637867274143,-0.4110334840137701,0.3100419321813651,-63.80391968828784,-6.966072546327196,-0.088192263056841,-0.9772826953267004,-0.2501055918754131
-0.0323029192555524,-0.9952708587214952,-0.4541454670976244,3.0557424243827,-64.75964918423003,-8.03802461622079,-0.1136102665538766,-0.9487054526903528,-0.2945816577533091
-0.0350872280549865,-0.956754076690472,-0.4891450504252946,4.962747138008718,-66.3829997751081,-9.440882801924424,-0.1198815113186025,-0.9148949913745864,-0.3244193859458028
-0.0315975754060285,-0.9137825779490696,-0.4902891617404195,4.972121678768543,-66.9391261763507,-11.619234555414083,-0.1220406136430653,-0.8741897069562281,-0.3293873359827622
-0.033672098936172,-0.8746317584265847,-0.4827138478534074,2.8572555502232806,-65.94266106900696,-14.156260234161431,-0.1180744407319621,-0.8252697268748279,-0.3146366226873467
-0.0147808956236319,-0.8270839997697357,-0.4555973364817281,-0.3014049517353808,-64.66203458360795,-16.075503206086903,-0.1084642637957376,-0.7819017071458512,-0.2924466544719843
0.0028938884617414,-0.7882431947590396,-0.4432298408400248,-4.182958700321393,-63.81102264658721,-16.868863135692482,-0.0916760206580996,-0.7495011129584154,-0.2737821697645925
0.0169517508839046,-0.7626214661890462,-0.429859172534943,-9.080249801324433,-62.602228952705616,-16.264578368064587,-0.0673929390264041,-0.7257269985646643,-0.2585220816520328
