ADXL_X,ADXL_Y,ADXL_Z,ITG_X,ITG_Y,ITG_Z,MMA_X,MMA_Y,MMA_Z
0.2487675400941274,-1.097704196779448,-0.675045633733758,-2.4364548064868923,29.315082434113947,-9.520128395726145,0.2221841028396356,-1.0569370685928623,-0.5503897862022087
0.1457022331968754,-1.5629166404976471,-0.5710381999758367,-11.669588135550384,37.92638476628472,-18.273735793262865,0.1221583774797023,-1.477804867907102,-0.4580609709980697
-0.110816975539506,-1.93134693175263,-0.2362444942199126,0.6426602815945032,38.60239480370385,-29.12688988736205,-0.0811756103346742,-1.8326343340952849,-0.1378116178267417
-0.3713893456128295,-2.050482718380024,0.266206284188025,31.38095073952168,26.162206962081846,-35.82961294938009,-0.3285509919600483,-1.9587794911052416,0.383762369296369
-0.6215840468630911,-1.88598471049826,0.4759891521133881,69.67443741174009,8.006832794954486,-35.97212911651603,-0.5958808774396271,-1.8040321642820516,0.5802004725492813
-0.7375917069545465,-1.5599589555318123,0.2722372221789317,91.361680223594,-6.410197263117562,-27.899580918241444,-0.6986430645776867,-1.5294499286835488,0.3638151615304659
-0.5729451115307058,-1.272173962389327,0.0411049832222036,71.21329270754993,-18.398733544954705,-15.591096750942626,-0.5318151991717,-1.2856872972915694,0.1591821489928523
-0.287653686511868,-1.1385249580948706,-0.0313209987221912,25.593406972345605,-27.02632897216469,-6.238105303656236,-0.2711121606074931,-1.1461464878863472,0.0730766107183771
-0.0407816418144047,-1.1437488855847069,-0.0369404064366706,-9.313423177614087,-23.21728141021807,2.124182878474861,-0.0414099874388236,-1.1378971483796585,0.0753591357264722
0.1890791100254517,-1.2689257181931264,0.0174697772527212,-24.759056214276423,-11.772099320421209,10.71574091499158,0.1871591933882852,-1.249830926671009,0.1451831946782184
0.3796886352583168,-1.4035216642404842,0.1977168027778554,-28.589749229105976,-9.140007309293948,14.404077385413032,0.378173996384107,-1.372420902616053,0.3054961160965667
0.4510512662288793,-1.4525863126874523,0.3198055421819329,-22.982717075071477,-18.020586756970932,14.95396519346203,0.4430643441071009,-1.417198483550637,0.437630616818739
0.4170167668802073,-1.4775291100281651,0.3475371225395102,-20.204361026669595,-26.755482825876296,15.947783195088688,0.4091018501783123,-1.4524078530066398,0.4567333758051958
0.313586248727275,-1.4601782306032156,0.3876952055779782,-27.26802772450557,-30.135119023247164,18.154818916595957,0.3113569500277485,-1.4438414917793307,0.4927905939257419
0.1812793509665968,-1.4079395284884046,0.3462942826189271,-33.26026081195993,-31.962815979421634,22.313721072414697,0.1912600189233235,-1.38441374389257,0.4771239925248194
0.0397177597773,-1.3136616456634551,0.3112061794339879,-36.86317383163789,-34.49454831632836,26.288435132592408,0.0579574501290859,-1.2951737725022678,0.440394298516113
-0.0654810850257618,-1.1713063070036511,0.2844987630371061,-37.01663431657053,-38.44842276086243,31.603912444330923,-0.0545153189751027,-1.1586052616686384,0.4192789024510377
-0.1548098431200722,-1.0372980713901456,0.2338817370171029,-33.92690435401693,-41.49675517508527,36.65034979449128,-0.1333083169992601,-1.026562799251174,0.3652240968556913
-0.2634551953679654,-0.8605524651615412,0.2382607548965796,-28.707794526572368,-41.54182785585954,40.553650122741146,-0.2480857700389785,-0.8511588445799181,0.3564261326787475
-0.2700835644881984,-0.7578696538325997,0.1676575710635651,-19.508872771330427,-40.308820205071775,45.94367866176984,-0.2773299496774211,-0.7439969085270948,0.2915775660944096
-0.2822273010098199,-0.7263953039586675,0.1404075275040423,-17.187947462086456,-36.33282669494635,46.16080630803203,-0.2764228742156742,-0.7159220689029787,0.2635883163078799
-0.3373717442836041,-0.6366712073868674,0.2240178112426019,-17.7949636908481,-31.324668342020026,45.01429915031711,-0.3277533321709558,-0.6168409048725128,0.3471414296251514
-0.2795480441246374,-0.6417064588105112,0.2231206500978876,-11.340542486540098,-30.704902253144397,48.057808882575664,-0.2713402645209941,-0.6097914921112778,0.3472001188659537
-0.1933615724141624,-0.6887889219287507,0.2032308542477173,-1.7792220436094914,-34.96737617314616,48.11163867331632,-0.1817986150882694,-0.6614153194098267,0.3265862146406081
-0.0982052805494568,-0.6734040908954233,0.1922639310438383,10.408798375211887,-41.8706545440896,43.97201794859719,-0.0971473120979638,-0.6437918427474074,0.3154974827199981
-0.0153905034816441,-0.6526682524752866,0.166808927616083,20.93421251303937,-47.621283531500666,37.66897539279928,-0.0151873304784958,-0.6177751736135106,0.2924249579008509
0.0246261907649533,-0.5522611933113521,0.1644040706789086,31.218287111462622,-53.53839533209064,32.15925617130434,0.0249019727367327,-0.5246407911646847,0.2889073315550582
0.0819614453508413,-0.3731995794567908,0.1002237377174024,47.7873462915201,-60.17771885004359,24.359579383604142,0.0799333816041662,-0.3554533878780042,0.2283826564349293
0.1311088232836206,-0.197621527795408,-0.0595343075762553,64.14345160867555,-62.632217610472566,10.01302967569154,0.1130485508054578,-0.1842719717937157,0.0900057724829691
0.1832305415294537,-0.0578692803013554,-0.206087225497709,69.90452034690139,-58.50943046362642,-4.387001900687305,0.153444660274589,-0.0547543511608999,-0.0639664661102175
0.1853367403368712,0.0647146397204807,-0.2822432506056218,62.27661341959811,-45.20862948919348,-17.585516743471867,0.1649208619630306,0.0489672405980334,-0.1484776710505268
0.1501497489216395,0.1299021708676737,-0.3286149961720048,46.5853817138952,-26.3693452956371,-27.606740651568867,0.1177897065629712,0.110278356020161,-0.1811164630607452
0.1229262811875978,0.0546556925547573,-0.3101537990592298,29.753521459079536,-7.129029952225165,-29.8700716174732,0.0903015889877986,0.0526536986828021,-0.1803874043941589
0.1196310796087526,-0.1241137397517506,-0.26837022040872,18.33143060875708,10.210740163282065,-27.868111117057943,0.0958970895451888,-0.1079433862843262,-0.1441028301774221
0.2043232952586676,-0.3793771032364186,-0.2713322977203256,13.613900328206208,22.44650708615104,-22.59698653285581,0.1787576883867759,-0.342852601609363,-0.1366268667067685
0.1704689910866338,-0.6428217603044262,-0.2809445850039839,15.942031334527655,30.234946534284443,-14.044983394061637,0.1804161938875162,-0.5926713036943031,-0.15733543156576
-0.0522258618671384,-0.9196923313798198,-0.2497172694261146,19.42186038406217,25.7516906267125,-2.119894866957518,-0.0130311388819648,-0.8807840940290619,-0.129462627856839
-0.2183850036187571,-1.3038359860932711,-0.1234596992126316,12.363724869854144,6.334351630372844,16.348414192008647,-0.1974586400574484,-1.27951887683752,-0.0013439959559983
-0.168801935788753,-1.7643479311150494,-0.0202765611800302,5.853022164508789,-4.778886098986829,35.72074869873411,-0.1856352773867553,-1.729621638017194,0.1060789894596747
-0.0207346049411505,-2.1940332013203,0.1232443820969315,13.007085574957053,12.303459323807688,45.00187031362458,-0.0509433391067379,-2.124879987279168,0.2480918927654056
0.0851836560329504,-2.343679083472132,0.3278751881824824,34.70336987481943,39.45643944839752,45.35667567900959,0.0782966651660291,-2.258607143233876,0.4408768831929017
0.2479957276752222,-2.1699017091301505,0.2291514001652574,60.62219450939238,45.94650840593867,41.26329307645574,0.2444046056723147,-2.112134087008177,0.3388548167302413
0.2827749253452053,-1.8336854120966917,-0.0001338070125759,62.4639576375233,40.024257332172255,29.412039812984148,0.2678497359006008,-1.809786342338921,0.1163658088289744
0.0560736741490252,-1.4445407475844672,-0.027568002232533,37.4387703102369,37.48157385059709,12.508702040128156,0.0546898653019573,-1.4415615895127043,0.0912977898729343
-0.2065207427959335,-1.2247846839561525,0.0362616973934021,3.425539764610132,27.294591010622195,-1.9079638514628383,-0.185833452768755,-1.2329142821800116,0.1457727077404356
-0.398911242862013,-1.2250556158214714,0.1472905572094909,-29.030807545395483,8.42118005151889,-10.9535963076689,-0.3710643719683703,-1.2212502147312865,0.2627314131121816
-0.5016083959237634,-1.30805403315256,0.279798360524062,-45.11926044429017,-6.7045909405139525,-14.642177101611487,-0.4843596234898041,-1.2770370979231074,0.3965642476102231
-0.565140778299714,-1.4002001296898487,0.3429506160109011,-41.68140491050659,-11.527261676027408,-14.067035534044102,-0.5542577839132943,-1.354919645749945,0.4559583673432412
-0.5552539339196532,-1.4940339415953925,0.3361427678819537,-32.81758618601377,-7.245876765339097,-11.30124668132981,-0.5447225450128467,-1.4586806657014488,0.456785102107766
-0.4336329294166925,-1.548246181870769,0.3249186037473822,-30.026777751996963,-0.6060013248434398,-9.54630348558756,-0.4335874682049551,-1.5236738387174444,0.4403662966503714
-0.2970206568230582,-1.5011607668803246,0.3001297429194328,-32.78128422364914,5.529493874880616,-10.432330801174375,-0.2972084015416812,-1.4765360323023686,0.4197663375949658
-0.1967177398793343,-1.39815332714173,0.2540259421809189,-38.63317165547467,10.039702813814175,-15.364026155458196,-0.1886944813769563,-1.3793244289827415,0.3739670690376782
-0.147281572847166,-1.258660451488852,0.2147565924091888,-46.96750278367721,11.240911768826916,-22.416024423969624,-0.1506432980905416,-1.2433987288326531,0.3407724486090091
-0.0911381837145086,-1.1199990708963257,0.1614475200601386,-53.87449879093101,10.279583868003243,-28.19495073379291,-0.1022991990420822,-1.0985005913365704,0.2926850938583406
-0.0441851201505756,-0.9725137691719524,0.1444916668524114,-60.50361869314752,8.8900764070872,-33.82527878030327,-0.048964216696705,-0.942217847114431,0.2618097966913034
-0.0376818629796222,-0.7702517619291271,0.1456136976829554,-63.25216141724019,7.145227603008566,-38.72716867445408,-0.0352445541632321,-0.7345080765331444,0.2709950301353671
-0.0129759325894048,-0.5906871583831101,0.099225896713763,-59.10286125372844,3.414589436895396,-41.84423390663156,-0.0075628209866798,-0.5668768923039322,0.2212294676979273
0.010106312031113,-0.4736936566594243,0.05530891322187,-56.7469067918362,-0.8504164083773438,-41.31912756027108,0.010275176816565,-0.4577461112951874,0.1754673559139706
0.0425479025886167,-0.4322455949772376,0.0290359641929818,-55.76994792143458,-4.82709027480864,-37.2337716203547,0.042535344649562,-0.4123951619817434,0.1460521232423837
0.0790002540116179,-0.4030648030931134,-0.0067938228412177,-54.1843055660493,-9.645932446014466,-33.82062944907935,0.0690659102231524,-0.3953929693793966,0.1119962165334833
0.1015237924310901,-0.3888638955216916,-0.0137031359201212,-55.89289734981136,-13.246829376595306,-30.25937757208381,0.0790656377675626,-0.3853427043908306,0.1305264547139975
0.1198333206366899,-0.4682370478676526,0.0615033787923211,-58.54660783396336,-15.257868402148604,-26.93596421375401,0.1102221127390752,-0.4564804217888482,0.1858299439652491
0.0909720448545678,-0.5514746517795335,0.1673530974649553,-56.10903889654127,-16.513902628577817,-25.37652083147654,0.0879805160672201,-0.5253937379414937,0.2813294834310244
0.0308967274282646,-0.5768071785158453,0.2216171069706456,-42.33137889033781,-17.137411492395955,-24.265894716205317,0.0243175365606225,-0.5309369991477152,0.3424289912774174
-0.058893511695096,-0.5171007609974656,0.2086132192291429,-17.927503805073904,-15.854294258158578,-22.662955605063438,-0.06622570075504,-0.4781028043183757,0.328643005609042
-0.122433736812523,-0.3825789241983389,0.1515727577799897,8.588183622034656,-9.701455585744831,-17.942719142829723,-0.1419316028077253,-0.3609648483207018,0.2956114905079224
-0.112911612387476,-0.243076641146969,0.0997060598520096,27.9354209143495,0.5459838211887227,-11.415348723428272,-0.1337420683428628,-0.2426290331200761,0.2438772606778167
-0.0973411254513856,-0.1557380416855935,0.0716025711009028,35.17587900949311,8.331140778827235,-4.308965523449859,-0.1066258566555905,-0.1578319697892468,0.2071210957096919
-0.065507697961267,-0.1428611683372518,0.0398021129475169,36.223764668817815,7.537272265787647,2.625154087001891,-0.0685577186067787,-0.1238367897141668,0.1769713553299524
-0.0531865736704649,-0.1424279529532979,-0.0049746617851735,39.61932589787102,2.380402803304841,4.835731362476294,-0.0484015400760711,-0.1232217287373943,0.1300095765959111
-0.0618792739166089,-0.1612196067921936,-0.093530019046798,45.67155650500348,-2.3151139710577917,3.285313351357974,-0.0587044149551301,-0.136099164968811,0.0449412107799782
-0.1223068020294175,-0.1839134711100191,-0.2532512864949624,49.787412787030135,-8.792525825580173,-0.7905066120035771,-0.1098364593887174,-0.1720865680346268,-0.1158559265428724
-0.2499368606397856,-0.260560625330442,-0.42855311109957,45.99135091895212,-20.104216439207303,-4.601637415780813,-0.2230992361533559,-0.2635804575000525,-0.2939749255134233
-0.2335502312935642,-0.4648032527715428,-0.6405148211124608,35.22375549032549,-36.170253380326,-4.139812631279209,-0.2352914967283097,-0.447868644121637,-0.5040873649159978
-0.0881715997955474,-0.6864383228132401,-0.8375303676536076,18.72013257149673,-39.92792295807475,-3.356227520086545,-0.1324221754071709,-0.6871227688414171,-0.705508907749299
0.0784022205651228,-0.997734122436188,-0.8331445444156784,-12.893832013954851,-16.72503459400736,-6.493837578438406,0.0207771528407242,-0.9957850251052548,-0.7166335444721668
0.1648883157360476,-1.4344206848361076,-0.6418972183692431,-52.52380054416871,15.771177925593312,-19.111056271871977,0.1381266489541386,-1.3824861282839915,-0.535123452078656
0.0643998978335251,-1.9513526706693616,-0.2466105476507313,-71.64050291914597,28.95519235352577,-37.95992259304378,0.0813437450990333,-1.841491619039279,-0.164032308393174
-0.0924980264642966,-2.4920748886496424,0.2982855906829614,-42.15244869164433,12.30624030716586,-52.63385633439326,-0.0481712059275025,-2.319879855452852,0.3612186233169153
-0.4342703508057364,-2.635085937024424,0.5622502352878602,36.47324265049424,-17.480958067135322,-64.67394198690083,-0.3657441447216637,-2.501259541442873,0.6643231271385116
-0.9000174485517602,-2.24216785833554,0.4316344229987774,103.20446756362897,-41.30482406226559,-64.93736433551209,-0.8265152600393907,-2.232057772345338,0.5639477993931126
-0.9382667519616829,-1.691465421379202,0.2439030001397955,100.20822753884728,-61.814068405539466,-38.66927784882525,-0.8970077253158086,-1.7557596797060864,0.3696478408346906
-0.622421819401856,-1.405184752912863,0.0919413411379371,51.574319914256165,-77.42586325697447,0.5719802612772541,-0.6316206306872578,-1.4482174034748494,0.2226185286609932
-0.3589023193914518,-1.4926069159486075,-0.047723872857747,5.414731470944322,-80.04169336134242,28.194964452428064,-0.3800950284866023,-1.477512026686834,0.0887769001064167
-0.151096863324956,-1.6201005859005722,-0.050698778255411,-22.41608269669815,-78.14547266394484,35.07482694918987,-0.1637245058185524,-1.5818297783157862,0.0735345969081221
-0.0001661235331943,-1.6307972737309604,0.01839818195964,-31.04237860763634,-82.02709730598484,28.863822434933024,-0.0132093522864561,-1.5863420077252044,0.1269462975239994
0.0650067799666108,-1.5717472280080431,0.046307464151521,-28.098577889486315,-91.92229612793982,21.89254083135249,0.0662343909123359,-1.5332847895105155,0.1559244780469034
0.0601297543713029,-1.4801904557346457,0.0692945399576517,-25.6492179890395,-103.41579277009777,19.621499857063665,0.0633290635505264,-1.446292416301008,0.1848802505234489
-0.0163622698470667,-1.4129939396916478,0.100094280600905,-28.169718370115,-112.70744299410208,21.97345527937195,-0.0085574361634029,-1.3806035888040886,0.2213033202897511
-0.0744097936781134,-1.3105766371424494,0.1334698902730715,-32.796354094465,-119.92682430714092,26.577724633387703,-0.066715453575919,-1.284866207888275,0.2520447574729665
-0.1092160284443201,-1.1837917204688235,0.0994798424430939,-36.30411837196914,-123.25205746900905,31.587493731147426,-0.1198270076296068,-1.152598058085912,0.2176700673036276
-0.1239354872861304,-1.0421628172973585,0.0364730859875337,-42.56828692517453,-121.57912349488196,36.4562537829974,-0.1325016684815857,-1.0272081558931734,0.160343727685525
-0.0496392349892128,-0.9078377377857276,0.0340008676762341,-51.6567495537338,-116.48991453042775,40.18536073876755,-0.0633074105182123,-0.8876058454132694,0.1524895988509625
0.0448258684281505,-0.8217274882057871,0.0128759395249178,-53.93956509652188,-106.67108749871338,41.11574873571973,0.0277929572558347,-0.7803020739963784,0.1425888758198776
0.0869199321724623,-0.7502612386078583,0.0011490758583004,-48.17375538071672,-93.53898711240984,38.22442351226055,0.0731731746091005,-0.7259778846115648,0.1299517987676724
0.0500517399313007,-0.7078513215492461,0.0323782748205302,-39.06143555721359,-81.91233957708407,33.67026589219539,0.0330245713388826,-0.6842487839433948,0.1458285565345862
-0.0307781145879491,-0.653347610132728,0.0564785012346619,-28.40195377855385,-73.44154285903599,31.874988590116534,-0.0373916947072382,-0.623289069184787,0.174106467273248
-0.031367885253996,-0.6100221068620353,0.0793390545487194,-18.64319746188057,-66.21640206766192,34.25453938868607,-0.0441947858222452,-0.586737627781212,0.2020658616083462
0.0166031503622606,-0.6397923619739267,0.0778201958638066,-10.134457887452765,-58.10279259805827,35.141001231992675,-0.0004423097069182,-0.6137928449373798,0.2093590611743147
0.066817522675552,-0.7070795406170368,0.0811793930793721,-4.275138825082135,-52.01749776873877,30.712330605714545,0.0597734866848762,-0.6766988008595394,0.2060905153575925
0.1022466648602163,-0.7506297657226787,0.1247426224324827,-0.1273573209506526,-53.06403149337694,21.866834152728053,0.1017991621265678,-0.7276892126806586,0.2381181392088234
0.0076604545503087,-0.7304751805990874,0.1601741307151958,6.702214910715333,-62.51635345691973,9.235139954336343,0.0283866471992762,-0.7108388003137438,0.2739552062627747
-0.1335419145958133,-0.6521962642043384,0.173793456590804,15.652128514881,-77.73952405383139,-0.7321399400752975,-0.1115388122069579,-0.6305512941720348,0.2862008356565006
-0.2230115275333753,-0.4770188873160362,0.1688493388233203,27.60785376037397,-92.03325846572464,-4.57737022710418,-0.210808911615298,-0.4657711579750091,0.2943031294829491
-0.3000563808895674,-0.2669569323712962,0.134106010521953,40.59466330942943,-101.47247978649416,-5.608834066394526,-0.2851435312462371,-0.2481429257156214,0.267093017915897
-0.3312815649240795,-0.1185335101209524,0.0746543235423803,48.17310829284055,-107.07468131407684,-4.243096273972059,-0.3185680807897204,-0.1071124818307301,0.1973372251546397
-0.2951969064718771,-0.059548735986794,-0.0091870833247247,46.932887642980816,-108.40770994295752,-2.0221049062074914,-0.2841965542042726,-0.075016654416296,0.1162298819698532
-0.1442741231608841,-0.0737128925917294,-0.0697999744837182,36.01332692852914,-104.19715787704573,-0.1917079423983842,-0.1467693327295434,-0.0795684968065455,0.0732555217721896
0.0833079716506295,-0.0946968743113468,-0.0898056935301091,23.04151996261898,-91.40576278633846,1.1247836887282685,0.0664918972531788,-0.0964560448538257,0.0509530119177357
0.2656704406250615,-0.1981485123022279,-0.1139691121522508,11.955482768188997,-72.90070361742134,1.759460870245144,0.2455960297055894,-0.2033173182985991,0.0187711910468324
0.3828118329559817,-0.3434123327375292,-0.1157623206230451,3.8461354511491,-59.5672185134733,3.7436622545006952,0.3683925439243226,-0.3350141651331412,0.0225391199851666
0.4898677144067815,-0.4495704355348306,-0.1342363246966245,6.211386892915868,-56.28749030471673,7.368489983706993,0.4665394470946674,-0.4260395824949761,-0.0033604316917786
0.5136276685262365,-0.6066919408243348,-0.1853569457725862,16.511335961258332,-57.29026019748105,10.29169956815236,0.4724306214741202,-0.5709887852477978,-0.0485818479299916
0.1694221297358107,-0.8057404267670033,-0.1728042149664742,31.05319002577049,-59.42582601540482,14.369491023408,0.1664620496906327,-0.7701496103558492,-0.0351986462216244
-0.3234502419745365,-1.0104312490979228,-0.2445519322377031,46.63387195687502,-74.37031788966677,29.249987598799937,-0.2987006471538908,-0.9842598085179838,-0.1256881813977378
-0.5148190443373181,-1.23805625864154,-0.5269714613824801,52.46568761362021,-87.4175742744854,52.5306649873067,-0.5192929603711258,-1.221039110925502,-0.3927755415636244
-0.4755026268966267,-1.5388034209239063,-0.6089908975642105,42.61444480806434,-67.43843678395802,66.87893092974103,-0.5121450080332659,-1.5096229557258236,-0.4966857010791939
-0.2521769620221082,-1.7603213452610378,-0.1819621142460042,20.81462738967422,-36.77493382296502,69.16601755525824,-0.3044352053153774,-1.71393091314179,-0.1358643501960044
0.0615711393178553,-1.7504446048066975,0.3350457389555712,6.514409113967387,-27.84249139717504,63.35288523980778,0.0300101271869636,-1.7035873239983197,0.3881900136876946
0.2375116891568518,-1.6436853569492798,0.4925467592166652,14.279879481346288,-37.64513837740388,49.22001300507926,0.2203461853474975,-1.611365674833697,0.6008070888481587
0.2760803749320735,-1.4687781013518115,0.3704786989399125,26.807282013238343,-47.570921768082144,36.51627073512137,0.2561548273404109,-1.4549698354099063,0.4972311357487051
0.2680935347187709,-1.2453671710160554,0.2302686944168469,24.52304383617156,-42.902134211089,25.94673212268889,0.2410256850496737,-1.2338253037114442,0.3489286041153465
0.2777067045035275,-1.0927834709308282,0.1116008343333855,6.951201891431814,-28.639024633946672,8.295178210729826,0.233646269357466,-1.1073983137512766,0.2404904703898313
0.1875153534953716,-1.2709421197615154,0.0349955438086173,-28.462941384087635,-8.50022789976057,-1.80441041449494,0.1632958652824902,-1.2809456032189848,0.1617607175886969
-0.0438609811071908,-1.7861930240411297,0.1897932914599119,-63.12975981231168,8.793986267775356,6.936376259111681,-0.0396505714172454,-1.7148221975426483,0.287308997673211
-0.3341899252340077,-2.055027089183322,0.4370137626621287,-55.3690032840784,12.289215415382724,15.988855475853049,-0.3128960970631428,-1.9518500324679524,0.5311487529648644
-0.6539270641563075,-1.8899440099209803,0.5028673068489931,-17.08263635263036,8.700653291528615,13.898028376188025,-0.6133414014802616,-1.8360200818205663,0.6153513745626726
-0.8550620638843697,-1.5840392537137782,0.4543857790974961,3.1396007853664347,-3.0458565014873757,4.711554743201925,-0.814594861584631,-1.5788018838090023,0.580607747401079
-0.8994434980972978,-1.367378162992943,0.3163956143156967,-6.596060608069971,-19.962327852427894,-9.774389745198691,-0.8683690562880931,-1.371255765056293,0.4552060306747963
-0.8100177364324319,-1.3180485050755075,0.1514658172005249,-30.40726842403324,-27.25577381741637,-26.448496798105896,-0.8043186130937338,-1.3092739713945811,0.2967603026062624
-0.6168308684673955,-1.2466442743499937,0.1285034835224438,-46.81563012416885,-23.68675954397972,-40.69502773019477,-0.6293271367841334,-1.222984016231776,0.2611719704382108
-0.4449796559765794,-1.0988586496613044,0.1504074882138512,-46.75138661696933,-18.667401995394982,-49.01495075495583,-0.439740520043106,-1.0779464878261926,0.2701902585231537
-0.2724891084261385,-0.9507200172157712,0.1710497415235535,-41.690757863466615,-18.788650479711265,-50.05324346372453,-0.2696682874573878,-0.947126995352424,0.2841341045669264
-0.1202026824789369,-0.7807573275246609,0.2165696481603177,-37.32899177222965,-22.611206982966426,-47.15843973412953,-0.1319958049300673,-0.7721060476492292,0.3252502022530218
-0.0623579487484173,-0.6603954761985271,0.1874591320471515,-32.70775746498523,-27.74198361646553,-43.741765867351056,-0.0539856979911567,-0.6497118619898368,0.3138486450957157
-0.0608003871191033,-0.6231165216877532,0.121299308483635,-32.44011670388591,-34.2460469285792,-40.55413180248159,-0.0437943736306921,-0.617401949851462,0.2600063014966323
-0.0799285774950511,-0.6130159145048459,0.069393716994637,-36.65780583746434,-41.7872195339083,-37.10905865056876,-0.0709505377141114,-0.5965312862108857,0.2018423360534033
-0.0740865250435579,-0.6233540001812555,0.023454061609464,-40.96470693061767,-49.38310657060149,-33.861411111349284,-0.0655060299106797,-0.5972655973290777,0.1474529106545617
-0.1031801210660283,-0.6145098973036902,-0.0049427841108194,-42.444034802189975,-56.562698061126106,-32.58984114858441,-0.0989110563775787,-0.5855021862360935,0.1152082154065851
-0.1739390849369516,-0.5720867399321572,-0.049371815321718,-39.14252035243431,-64.37141678213312,-31.91626826909988,-0.1624653987816136,-0.552134592823819,0.0764729141172954
-0.1475277692238778,-0.5581797128373933,-0.0970456370858645,-33.17771744589259,-70.83307135119671,-29.45684280455712,-0.1394705189613219,-0.5401538345567252,0.0270548612318485
-0.0604634379962064,-0.5207365619055113,-0.0956031816439223,-26.994452751413224,-73.69420884676931,-25.88025335167542,-0.0627000491867575,-0.4976685108382965,0.0308229610326125
0.0191275990805846,-0.4303690565059535,-0.0598742344476929,-17.11677819186668,-75.61307879152035,-22.85897306668503,0.0206059556330712,-0.4076319424568339,0.0750423726242354
0.0984223652471382,-0.3593897926591876,-0.0321949406485296,-1.824597878934383,-77.56775978873117,-19.26242034901067,0.0862503186895509,-0.3278806735959628,0.0985436117055531
0.1501918523221083,-0.2831788031089512,-0.0061328406843514,15.295802434907834,-76.41291768363182,-13.36335190696616,0.1306854155255945,-0.2581278044127944,0.1200146755023663
0.1704605118298347,-0.1966853230725641,-0.0171856472586423,33.30660192983609,-71.94967001842082,-9.496139994930044,0.1579059964201565,-0.1766562571500274,0.114534713554989
0.1966943480288742,-0.1375322929142011,-0.0939363578822741,48.83729346848361,-66.55172323313077,-10.188286583165077,0.1766977051772971,-0.1086000223064401,0.0457306544248299
0.2312115031493233,-0.0774083940540874,-0.1740773763434848,53.37533356755958,-61.35934611846874,-12.424456158651472,0.2106620247894947,-0.066912713644778,-0.0346544799086053
0.1778547993317788,-0.0335039045929516,-0.2220310985896396,45.35873664890623,-56.01929212567282,-13.937056233028956,0.1687530182676333,-0.0446920155267931,-0.0852909106179008
0.078792239993295,-0.0900920050878922,-0.2222190221454829,29.418079707620254,-52.92535864364422,-11.83105041382858,0.0803650830775183,-0.1052603500125984,-0.093394326078478
0.0658071717787775,-0.2963302099712694,-0.1974791192419384,11.233593827765938,-57.66115375321443,-6.644763571223805,0.07447364453795,-0.2866834622096188,-0.0769537630266929
0.0655790945925938,-0.6606105582133347,-0.1611572120968386,2.6581996837740425,-65.00153928646586,-3.1067610473559992,0.0711270829054501,-0.5911757506021857,-0.0321089533644477
-0.022083163791675,-1.096207119597379,-0.1470240837347368,17.70425032687701,-68.30011609134986,-6.444958596032761,-0.0201084491845477,-0.9951459325315196,-0.0097262011511955
-0.1228990696074174,-1.4789294981981853,-0.1783342455820938,47.54928196483941,-69.74164634063006,-14.746003488953958,-0.1251948590624683,-1.4003793139168152,-0.0497450914620273
-0.1203515007160274,-1.806881012577676,-0.1728948606105257,66.62164299177647,-69.03382091926524,-21.799925699199225,-0.1259814781998268,-1.767380242043146,-0.0509616152089657
-0.0835728258408929,-1.9926010931372644,-0.1398289253592224,67.28406892243602,-69.65739895848276,-30.06097395807286,-0.0825386547716786,-1.9698812703289976,-0.0095282704090374
-0.0923333976426655,-1.948017843382567,-0.0010417580345652,54.031366953023216,-72.00555143864065,-34.97101956079558,-0.09102931277932,-1.9125480438644396,0.1215205891854258
-0.1084333490204928,-1.7354564596109654,0.2070061085639067,38.82540454657386,-73.18713571211319,-28.17557257137948,-0.1148844271730818,-1.695984484945587,0.3178860351723271
-0.1042296112558312,-1.429737350058394,0.2457695359924189,29.234670658317825,-71.59682787833013,-10.37893557090958,-0.1132460796624851,-1.4195617830944756,0.3664736729088439
-0.026936646281524,-1.3220515593717883,0.2328067046774291,9.096715098920068,-59.28174782493207,13.285587390139128,-0.0377028443205739,-1.3309293250255845,0.3541076703111697
0.0683100464208901,-1.5549072195844238,0.3152177432337257,-16.935402217828596,-43.9296577910023,27.921028810841005,0.0570885192348715,-1.5318345678676797,0.4326199465169416
0.143019101541427,-1.8864584393831825,0.3987124445741961,-19.177651073045933,-35.888371564996014,29.933894758524485,0.1379261412242756,-1.8287043072793896,0.5160606427739673
0.2236383826985558,-2.106843637006456,0.436680007298979,-1.2374003199202686,-30.602154030841938,29.408166685215683,0.2245460040809213,-2.048131415559164,0.5480288766034078
0.2200922789844104,-2.072721760906394,0.442470791604654,12.054399901951038,-33.89479135973406,28.52563052331422,0.2351790748938304,-2.0237793341307078,0.5489587900038936
0.1666770779447328,-1.8788117486525036,0.3716517549754927,12.535523902159133,-54.01475659464995,30.14691360806162,0.191463074875881,-1.842012114130083,0.4775837318408287
0.1161623144074756,-1.6574936116390322,0.2706369208885561,0.8213566711033874,-82.86891316906498,38.91122729499134,0.1305910049801329,-1.6312672591147257,0.3783031120041007
0.0773994901418932,-1.4307173510382516,0.2546869405993109,-14.27395167626221,-102.79110517554489,52.99734842533971,0.0746249161799362,-1.4094030986462538,0.3562661608849831
0.0745344777351263,-1.318074617150207,0.2553002619910524,-21.350944891849934,-104.1284464707912,64.04029492311197,0.0513269723837984,-1.28700922570713,0.3520726122551868
-0.0125123900451209,-1.1806003781518186,0.2592332550363576,-21.766504827394385,-92.1436515837518,70.59915533031182,-0.027843923776183,-1.145044160006166,0.3747940347434425
-0.1043805388517878,-0.9262705217541928,0.2649703026975147,-17.095882788878008,-78.1177474274842,79.15061886199503,-0.1092325148410149,-0.9128360163713628,0.3968438180105639
-0.0838905427069695,-0.7585118352756242,0.1856670413051937,-11.3063429527492,-69.50968059640228,85.93338774669141,-0.1012371046764141,-0.756314916742989,0.3075699809425219
-0.0587544869149027,-0.6955739267139524,0.0932317409764793,-15.724680152102408,-64.71188851962285,84.98425104983406,-0.069962530378604,-0.6945034529484508,0.2169979526717804
-0.0182313458915404,-0.6711968363359622,0.0642845763809949,-29.765579594748917,-61.123377328904446,78.49700753319794,-0.0269579531552499,-0.6660744659573143,0.1974028379809158
0.0440507496700584,-0.6738666429996499,0.0590310067636571,-41.13756588067572,-57.5603479574982,70.28853362496714,0.034092352499021,-0.6543548930028789,0.1906940333352852
0.1020570698037775,-0.6572295549234122,0.0373453964772938,-43.57929745607113,-53.05500148415159,61.22635374249239,0.0899389313347555,-0.6336709575131051,0.1710072766173331
0.1706778679459911,-0.5713436800770586,0.0282570039838947,-39.04275686048081,-49.29554292365518,51.067002075254585,0.1477044248179621,-0.551437382978713,0.1519324847404244
0.2420077365267595,-0.4777683890558201,0.0101471354195255,-29.96442711467743,-44.4724059945022,40.96624531855797,0.2245418683144625,-0.4651881943196304,0.1293051631177162
0.300720165468733,-0.447595714716851,-0.0305115568733483,-20.239372134223466,-37.15903866309119,29.996711497095585,0.2878785143505846,-0.4245773910019186,0.095725116441939
0.2936775566460686,-0.3572997357781932,-0.0613562391659821,-10.23932202945342,-31.346692897425356,19.23414850551154,0.2833627682140525,-0.3307995234257174,0.0733149733317521
0.2212762493225446,-0.2164748406612107,-0.1357575144848691,1.1716406839037048,-31.166186721172476,11.904403352157656,0.224610842132848,-0.2084604982682235,0.0067441603836426
0.0744787638520844,-0.1020803801828515,-0.2082794531874472,8.401847906312417,-38.10196908056241,7.250856655613554,0.090915977277321,-0.0986300131959185,-0.0752369223460684
-0.1120542906854306,0.0447636626359038,-0.2624738751913034,11.270644291757373,-49.6160170993801,5.567238269848833,-0.0965508330835178,0.0342472944701874,-0.1299098882425899
-0.2286594950244505,0.1060083595532735,-0.3197816925489183,10.109624603981244,-59.1979534441673,6.506579560802388,-0.2193310123642617,0.0941051975828647,-0.1874645499941402
-0.2385587940319605,0.0672270018647615,-0.3041172005124559,3.092815702218716,-60.960358533272654,6.526421383589231,-0.2394437237035332,0.0713671953984821,-0.1788337035195223
-0.190353520709742,0.0443272116851331,-0.2409809284404017,-3.2947027991634865,-55.66507823758284,4.934590216524146,-0.2073395851117221,0.0449512549306193,-0.1095560289066236
-0.1896568285800717,-0.0167388512727604,-0.1489736530619372,-4.2413705713205045,-47.687092961716615,4.113994000587762,-0.196697874343431,-0.0054157980344521,-0.0217950571964155
-0.135446570076177,-0.1037893087388418,-0.1120310043834695,2.0728932269567304,-41.61984752237633,6.170176604645779,-0.1433963022410009,-0.0725401933892481,0.0197507610974235
0.0740109449749447,-0.2233152186134935,-0.1934052411263473,13.045746785727022,-39.61794597741456,10.307115485359342,0.0443541251122104,-0.1918487958544733,-0.0552929945361695
0.2128700503042739,-0.4257259099029907,-0.3150752211952922,24.15999313525124,-37.20557335593353,14.179833613611972,0.1992545719560006,-0.3970994600320067,-0.1880470634495187
0.1267310824592171,-0.6673445900472893,-0.4246709910999124,32.432291080071785,-33.80788051546126,16.438357461342573,0.1248883198084476,-0.6406007119159387,-0.2991327687530101
-0.0738142087624639,-0.9759171253405589,-0.4323859554733423,29.01926236794758,-35.57420603763126,21.00229151317353,-0.0785420433636973,-0.960982964792986,-0.3108822862110134
-0.2176510477811315,-1.3875961387644604,-0.3573048288348451,15.064999192076794,-43.161531153216224,30.557260290167346,-0.2094827669761945,-1.365705965009376,-0.2347802837078994
-0.2312709454822602,-1.7868834535054063,-0.0796274071499615,5.182361743938795,-47.29515040204404,39.5833454790763,-0.2279008328133955,-1.7328183086170994,0.0293648167841706
-0.1378243378008629,-1.981897218006847,0.3499244369242437,12.93645817007205,-44.42164634489387,44.82847171696309,-0.1385113222800036,-1.9118967787411725,0.4471165118979566
-0.0414158503474186,-1.9429452446477664,0.4261625011934027,31.408097688145745,-47.245756217153655,44.31050641845663,-0.0335422523040134,-1.88890795501603,0.5536282144433256
-0.0127448289950715,-1.8342366896901745,0.2456576495939331,31.762651965284967,-53.89504405074928,38.86414331723684,-0.0164585506507649,-1.8110804035625636,0.3737502269142892
-0.0360004311289932,-1.7923620233525086,0.1814057946785562,12.554438169975295,-48.09662193702079,30.59067549349244,-0.053578483252584,-1.7632434058488082,0.2987444088698236
-0.1137908032823003,-1.8652406847103764,0.2372706317315487,-1.2172117111405305,-34.72134546622702,17.868281056116306,-0.1210091279145111,-1.808848777542648,0.3554719015564492
-0.1701008306104209,-1.9557891515744736,0.3761674965716323,-3.201464283675289,-24.86086573852428,5.044773998715617,-0.1668195934764372,-1.8996749988133728,0.4889675029167772
-0.16092311196117,-1.93306201881184,0.4670506784408041,0.8826168040944862,-16.34467487367182,-4.663755374303358,-0.1746997708592155,-1.884695602343523,0.5945342898215804
