ADXL_X,ADXL_Y,ADXL_Z,ITG_X,ITG_Y,ITG_Z,MMA_X,MMA_Y,MMA_Z
0.0675172136531206,-1.0236785153815275,-0.2290960638273753,-62.31532602034781,3.1294337112967128,4.513420430224542,0.0520386412421901,-1.0029213075248935,-0.1033683111899276
0.0735831352524568,-1.0320729243009288,-0.2456418604022172,-62.40265530621975,2.5433401457390823,3.8228850127104512,0.0579144053544747,-1.0005904619117565,-0.1156231841030122
0.069577774298511,-1.0192158096191053,-0.2700371861419638,-62.46841570872276,2.5063411963105278,3.1985285756768334,0.0639712864045664,-0.9967233293877168,-0.1452769791126225
0.0826188611859994,-1.0194653665050335,-0.2964500470762657,-63.07383034072701,3.708065970462324,2.753830635951479,0.0740020990317904,-0.9934036296068052,-0.1702624573087863
0.1005415248834115,-1.0271249643018163,-0.3314881388303844,-64.6541402621278,5.059733126491083,2.4878737038167564,0.0857537276087541,-1.000792737606952,-0.1946156863254862
0.0965971892380542,-1.037567861351285,-0.3340155386030514,-66.34807719465141,5.742749046181743,2.2123014108228034,0.0890469576871994,-1.013193899856617,-0.2104095980313521
0.0922010376050144,-1.0651106998398183,-0.3378215833659707,-67.54707426878801,6.1995991451448,1.8912140451903472,0.0838792393442701,-1.0328455473475302,-0.2148576803952534
0.0791739792488801,-1.0873707304835536,-0.3606662402045598,-68.16498758162054,6.769669452414329,1.5099953287628034,0.0724514387419416,-1.059392358679461,-0.226487592577859
0.0551252819910906,-1.1145612064732584,-0.3744507190658419,-67.71080783362456,7.879293145956669,1.2301278830098477,0.0584325717275902,-1.080283453391521,-0.2465101072567196
0.0512726253758512,-1.1202336946798035,-0.4142032418407628,-66.7727037522643,9.413199877923716,1.1919408144968844,0.0464888555908787,-1.0892203243579754,-0.2817041736055726
0.0516428522385447,-1.113227701816477,-0.4588775184778778,-66.23670607814722,10.5238343902931,1.2492910168333784,0.0389977391464323,-1.084057559199265,-0.3276996278717427
0.044802692511409,-1.1078929976296652,-0.4892917638913629,-66.49174942933048,10.76902703957438,1.334010893027496,0.0399478385448573,-1.072452219612399,-0.3728086904550139
0.0593962780390571,-1.0824748088489755,-0.5218318028158007,-67.60181374423632,10.583730675955715,1.1331358725789944,0.0460321971603993,-1.0592589520692757,-0.4079022165136957
0.0816424011172591,-1.0837270799534973,-0.5413219417436359,-68.45763149074894,10.60712730755794,0.7413124352498991,0.0623936132205737,-1.0487379767638965,-0.4240632349525233
0.0851352807655693,-1.087724793408693,-0.5622021319656568,-68.63610065654508,10.465043549619732,0.8155894219886158,0.078675352865795,-1.0477044378265157,-0.4411734054760683
0.0900690532931131,-1.076098684632442,-0.5877466045180597,-68.445948102143,10.11599641165638,1.3366800101259366,0.0817083858816302,-1.0476797268424152,-0.4598018036034635
0.0940236942095585,-1.081651361788637,-0.611684734553763,-67.43792811431953,9.980141204068978,1.9286964532819744,0.0807598669185779,-1.0463323548391357,-0.4753487789679982
0.0868016533905654,-1.083505766233135,-0.6363287469654737,-65.87262338966032,10.062367035285789,2.4528982512970128,0.0746249465869525,-1.0503181669189845,-0.5049972092809814
0.0842226959074971,-1.0865810987950422,-0.6465447725657286,-64.22773264147476,10.926000738950732,2.5133568194305376,0.0738476435481298,-1.0518181332230367,-0.5283579428608547
0.0846969966270539,-1.087609249180277,-0.6552342575795344,-62.3378903139188,12.235852546252412,1.917973457513577,0.0796239426438721,-1.0508640732762604,-0.5336992840618111
0.0874750243862884,-1.0928917719236728,-0.6624732528165169,-59.98233618075556,12.903087357677254,1.2134701188432764,0.0758918080684582,-1.0535273379120218,-0.5385906822822546
0.0834591283471057,-1.0952589691527717,-0.6580416078235822,-56.49785772381325,12.764463998386304,0.6538471990746191,0.068926763678677,-1.0462596501784835,-0.5353883282121723
0.0713020674470293,-1.0713691121461262,-0.6467873023265847,-51.48109143893077,11.952506977457055,0.1526172281905332,0.0595335024173125,-1.0299769888134145,-0.5260258099636739
0.0596153402415603,-1.050958653709299,-0.6409070324579502,-45.56934511414049,10.91268681228181,-0.153045499882545,0.047738591861113,-1.0188455568167556,-0.5247879581841592
0.0520323782813073,-1.0239762354997717,-0.645048365343789,-39.72645558261522,10.070658368176536,-0.152034559203029,0.042899882557357,-0.9977494530108832,-0.5208303957666948
0.0595386682976016,-1.0026852205557288,-0.6367502022433097,-34.4246446228261,9.59399569343442,0.0921693306639902,0.0442448673394386,-0.9667102861226788,-0.5164359470189072
0.0631014235656978,-0.9857241757309684,-0.6267663929896033,-29.994062488033865,9.36428490784577,0.3273516588392213,0.0528234602653547,-0.9441662082682616,-0.5143523502771357
0.0698788224250732,-0.9538386232501062,-0.6139769199882602,-26.62552005464358,8.910908599380187,0.5046563547632331,0.065729127798488,-0.9249722724009128,-0.4969353892195917
0.0812442091766192,-0.9442152453191744,-0.5992561716845932,-23.65637485644926,8.425623763955157,0.5699167096321072,0.0727863326344521,-0.9116135735096648,-0.4756866880081105
0.0800779203509006,-0.9348485909539656,-0.5813865424398973,-20.415397122785752,8.11653842985823,0.3658740829642771,0.0773280764674249,-0.906800168604036,-0.4564990757592786
0.0889652881118152,-0.9310543137980564,-0.5441945435874562,-16.33971899327465,7.771810875260926,0.0398780478671952,0.0794531905354029,-0.9004232330256721,-0.4364353445301782
0.0922111044429446,-0.9302490918396126,-0.5382276992092343,-11.430731387857042,7.740463818081984,-0.2629218232835214,0.0792988256442558,-0.8895185551136846,-0.4303897163644419
0.0909958270710858,-0.909373257075065,-0.5409672900311986,-6.840783427833842,8.05067047070311,-0.4662080002469914,0.080895617345122,-0.8788069141587158,-0.4209496614692387
0.0842612428952386,-0.9008528541591608,-0.5277337406430769,-2.6338936383407794,8.09327024156727,-0.573658929806499,0.0703903612814658,-0.8656294535160045,-0.4049235457486588
0.0697710219827193,-0.8828283245406161,-0.523449653661032,1.6392526404811312,7.685484267648221,-0.5171151576149322,0.0563712652998598,-0.8443213711998258,-0.4003620377796164
0.0703484443999524,-0.8536644326855845,-0.5101476624596346,5.387974368158361,7.088105961113941,-0.2203560674129046,0.0521712487294379,-0.8255865640067925,-0.3946495020870739
0.0548431052979221,-0.8297290670094946,-0.5136295152555422,8.6644386287075,6.996023818460491,0.1184441729547602,0.0483946018242219,-0.812113670514255,-0.3852381116877704
0.0524262664648503,-0.8243565380772084,-0.5020771386743319,11.753494327184251,7.636270838874706,0.3951551017076976,0.047494349411938,-0.80379825056619,-0.3708432210611758
0.0646052346000571,-0.8372642344324811,-0.4710754835255795,14.959083554889036,8.391838340977653,0.5682381528700501,0.0508100631172751,-0.7979297028630078,-0.3575076734390869
0.068643939390583,-0.8249503710841868,-0.4689977851164608,19.098491153181552,9.304731454398928,0.4610457552302371,0.0591129397913762,-0.7884277054757703,-0.3520540231434131
0.0857061207338139,-0.80964516071084,-0.4574491042018139,23.72034002538873,10.508976963905656,0.0686118969020765,0.0667914753791503,-0.7785869478987892,-0.3344257699892491
0.0749099779468156,-0.7959817648657919,-0.4417350971987185,28.532941930579785,11.5207538645397,-0.2177508908456461,0.0710058794433527,-0.7632006548525154,-0.3185957550730233
0.0768959569176087,-0.7789342448622947,-0.4394689061394007,33.63002278620526,12.288421311143654,-0.323501608211783,0.0761384267613034,-0.7520977447167011,-0.3151909568416854
0.102459728030107,-0.7734940093536513,-0.4349860578705529,37.54416005186802,12.999909833608704,-0.4244700865565099,0.0795262461579624,-0.744437681987171,-0.3086708226019533
0.1041997420668961,-0.7558715182311349,-0.4323034503662198,40.10207178880759,13.793462230713017,-0.5714348429033911,0.0884525761193585,-0.7302168128657074,-0.304439953373849
0.1113486925712781,-0.7452410135882891,-0.4350672990340196,41.976785582234,14.872689561440934,-1.0571346238957,0.0960219058096464,-0.7204230237220135,-0.3054176358722901
0.1039946419834313,-0.7429278871157952,-0.4359665527596845,42.82982163421128,16.003402461827264,-1.6439950121177964,0.0921125262567139,-0.714251371796387,-0.3081777700692699
0.082844979125856,-0.7364059124648786,-0.4375780228853945,44.311375454497785,17.214583250751204,-2.0914367675606145,0.0796089058424552,-0.7140891197568484,-0.3103004866207542
0.0720730932817039,-0.7431976996353651,-0.4504278928253915,47.59291760709045,18.80135480227105,-2.4447231737582027,0.0692645166279712,-0.7201075558068128,-0.3202907040430979
0.0632184282411818,-0.7510702404045473,-0.4625086310754663,50.35842603838393,20.07804704298725,-2.4810740975182606,0.0587400215951791,-0.7275381125737154,-0.3370403326946487
0.05292897016459,-0.7529115439826286,-0.4778929521873893,52.25695105579325,20.38207180810359,-2.4251038011225834,0.0417045769431869,-0.7287725667975313,-0.3517224197058768
0.0459238223882509,-0.7476597658853998,-0.5059622611957093,54.558731884011365,19.87498910619019,-2.0469229840826184,0.0407951566736507,-0.7211265337954812,-0.3769351154010296
0.0531302736928003,-0.7400795545383945,-0.5346103580466379,55.90127747558898,18.38321807153832,-1.1042919072315005,0.0454464414454525,-0.7157793707596745,-0.4046984544893678
0.0520357989334769,-0.7340455037217577,-0.5500886551620401,55.70320086275679,15.530066384837676,-0.2746718905696978,0.0466529446604923,-0.7081323110186535,-0.4240424453727238
0.0450184893139898,-0.7214871702828323,-0.5661724013771481,54.63069362112541,12.101398849178423,0.5143375382250824,0.0474244670444334,-0.7041765599335688,-0.4434981212278253
0.0458867636619124,-0.7133498525727953,-0.593367667643899,53.42069209336362,9.193709773047852,1.425320480373292,0.0379255178811662,-0.6948941450544264,-0.4605672200088624
0.0493776334964891,-0.7034377080669885,-0.604225267784682,52.7655306679152,7.2307764000638945,2.062494194789532,0.0386327033424169,-0.6729888900653713,-0.4720375581998793
0.0568506708411881,-0.6775058372215834,-0.6073348316326251,51.82926011991494,6.283919840807007,2.658137121279681,0.0497840595550828,-0.6549730786814805,-0.4786377726733461
0.0590613087423765,-0.6593039384740982,-0.6040329743881292,50.473993554238994,5.08874434342485,2.996950017979525,0.0579463503894682,-0.6333520719675958,-0.4782638835469269
0.0633274679916236,-0.6512588712899525,-0.6000185362859054,48.41870814892973,2.70529828880514,2.9742100887507448,0.0596060245689092,-0.6197274524846392,-0.4776645381335431
0.0690818657749418,-0.6411426630198074,-0.6148452064128421,45.37494740623836,0.3005587365194929,3.057487577971918,0.0627484083084616,-0.6176289988791055,-0.4916320365788516
0.0802100740717365,-0.6570437873765884,-0.629444359132432,42.197597777920265,-1.2214045087125722,2.759477556771315,0.0699365943466314,-0.6274269202389687,-0.5141202808992016
0.0880196886680268,-0.6800870479948273,-0.6544611709116962,38.11012206181251,-1.8993055222811064,2.247828167258551,0.0715752873014597,-0.650160444951847,-0.5285550719024488
0.0796103542165052,-0.6833229698488108,-0.669700135192237,33.660948029902045,-2.3062892057209057,1.9654229632935427,0.0750245362789397,-0.66042105314363,-0.5392172018489994
0.0847761330028014,-0.6886332518489091,-0.6748099224594873,30.61276309866952,-3.3176048578744592,1.7357370136190122,0.0769562995075017,-0.660533572163911,-0.5489450134529716
0.0865715615737676,-0.6743716059340468,-0.6798454616409615,28.670833208581296,-5.042985296796919,1.671397717089911,0.0787873038563381,-0.6404661167331633,-0.5521629523906675
0.074358159161167,-0.6392365339674702,-0.6732799899734503,26.855442158553437,-7.430238785221797,1.5322580371714267,0.0675700803599924,-0.6062413646837814,-0.5548322881574824
0.0510194107990442,-0.5972923357048914,-0.690002667018312,24.033002066216977,-9.951767404435536,1.5477161746086143,0.0434471087116918,-0.5751414725735557,-0.560041452479602
0.0266971533569362,-0.5513053946229132,-0.6840446755241756,19.859100613777503,-11.234724262936776,1.9165421151220456,0.0330404515665314,-0.5418943341908884,-0.5566973241545241
0.0353979593203472,-0.5423228009541421,-0.6491456862702375,14.833109913278816,-10.944395009897422,2.314071155471573,0.0290397920391444,-0.5309504799208755,-0.5346329804906089
0.0377340124986126,-0.5547027653331964,-0.6177346759791643,10.228642404756313,-9.606655413768443,2.8693959695015634,0.0340355773898449,-0.5356951267976195,-0.4946212901357092
0.0421413487109495,-0.5689358961346922,-0.5788922047738196,7.129832951649799,-8.117669105200664,3.601022136855413,0.0419849836264461,-0.5481591498157908,-0.4524890439791417
0.0559080684002586,-0.6051125133087849,-0.5519343498012474,5.093286756835375,-7.418016744549063,4.397581299234744,0.0449656941483083,-0.5762990866063145,-0.4241459764090701
0.0444295177798559,-0.6315812480352477,-0.5247384361998272,3.982657425887527,-7.1498659996456135,5.098784197015838,0.0503233387076024,-0.6006952518048674,-0.4057213704026414
0.0530936647243435,-0.633049941157403,-0.5197480527662346,3.8530444195700473,-6.841970851187485,5.661139874792918,0.0517328364689215,-0.6107556375007118,-0.3968611390469667
0.0592575235432383,-0.6242813782202492,-0.5272887057385108,4.117058865014802,-6.590549808911483,6.114033771158262,0.0507627069432599,-0.5964021172084852,-0.4004084366007291
0.0370398856396269,-0.5885074382509144,-0.5286625517749448,3.892925766812733,-6.820854209102184,6.463966514061606,0.0384632264480587,-0.563996955735989,-0.4107237588924859
0.0215787557908294,-0.5371139501887563,-0.5488458191948606,2.5404018772253782,-7.942121966676215,6.95288229191521,0.0173733102473006,-0.5268662033071574,-0.4210514314517862
-0.0012425069376562,-0.4990092447780474,-0.5568419128542534,0.2495056840824096,-9.30617121197105,7.632404231678767,-0.0041384649713346,-0.485915287516391,-0.4240591152914935
-0.025007348705577,-0.4641975010545908,-0.5581553989947333,-2.708620757149132,-10.246304026204996,8.540297343202038,-0.0273510300520522,-0.449573993980737,-0.427123236642304
-0.0347866459695445,-0.4438148339778014,-0.5371580349118326,-6.378479692710847,-10.810312351442647,9.893533852728256,-0.0322010325402603,-0.4320739996469486,-0.4142347094176468
-0.0366209210704299,-0.4501562754469295,-0.4987384943270065,-10.399987514313104,-11.491880096379786,11.312824676655373,-0.0301478137454554,-0.4379281975631133,-0.3817257615745588
-0.033988446077129,-0.4619021695757177,-0.4707060627976934,-14.05034558114897,-12.493062400384002,12.24224177453558,-0.039467375722782,-0.451438869323563,-0.3452931490283482
-0.0365890023235087,-0.4743531460585456,-0.4289443781803767,-16.165044363968427,-13.558789020471313,13.117704430768908,-0.0409462997240652,-0.4627792909688084,-0.298182881372918
-0.0439375509964899,-0.4773889481771696,-0.4058413797631606,-15.878436144931907,-14.28073950953888,14.19662821612753,-0.0408234799936926,-0.4588738149836105,-0.2786519099590835
-0.0346911819015898,-0.4625030300527349,-0.3917056679819907,-14.2741494999581,-14.063596013170445,15.316417244745034,-0.0373729638543975,-0.4408813737942618,-0.2760721547549749
-0.0112444980410006,-0.4404956756294785,-0.4034237141063199,-12.603706377800476,-13.579700109046724,16.399599667564953,-0.0235929876143321,-0.4223065716111009,-0.2767914817289356
0.0022573382454112,-0.4138476561122691,-0.4428384793739122,-11.982618520857676,-12.99728580119551,17.179275541663827,-0.0135188063868964,-0.3923983903722664,-0.305894474613906
0.0240933455284121,-0.3880693457661023,-0.4731286293798793,-13.398144740877072,-10.907886642369496,17.849857720980985,0.0082265264962885,-0.3646142573527614,-0.3459753799451816
0.0585171374712664,-0.3798930652654848,-0.5338037697825063,-16.677900177717323,-6.7425165084365295,18.62565640103952,0.0440774839262268,-0.3628889993398184,-0.4074051250562467
0.0948347862279112,-0.4316040575135511,-0.5487743697972669,-22.3420352932409,-1.8845341280624928,19.304202915792317,0.0829883858965301,-0.4181744428963013,-0.4310188527890335
0.0959743820231957,-0.5587376272610303,-0.5007347526400204,-29.89098546038997,0.3027283605457666,19.075457060525576,0.0817348277450996,-0.5416728148901864,-0.383537376213288
0.0505863052918392,-0.7234278270438274,-0.3925865983257395,-34.888401842180656,-0.903132931263952,18.095602503256725,0.0432888545681577,-0.6908844876072797,-0.2710101834780937
0.0270428169967005,-0.8996085342615673,-0.2474639280796228,-31.32002391416228,-1.7666148556381105,16.652599403517407,0.0218386874147544,-0.8465143246198884,-0.1257859493355895
0.023056336622058,-1.0590214974976482,-0.1399879523454316,-16.290665930333112,2.392214195413126,14.740508880432406,0.0048866513351067,-1.0026743148126442,-0.0073753063423804
0.0529704488397835,-1.205677631457051,-0.0454285270441574,10.67534730025357,12.177331477603069,13.374336589231747,0.0382844328221201,-1.1520475285882184,0.0779949539709566
0.1015162751917039,-1.3160984214079954,-0.0916928513704455,42.80149440669866,20.860256291450757,11.559807248816224,0.0962742288123378,-1.2556426837381165,0.0298536484397145
0.1513327338573836,-1.353417273053652,-0.1605016330750628,70.03377384890278,22.255585550103444,10.271746752212836,0.1467634220008691,-1.299216224050395,-0.0392106327419824
0.1726279693586228,-1.3654385409404233,-0.2617464270378642,92.78139003712958,17.72538817719529,10.40673968914073,0.16140332244034,-1.3129989285273838,-0.1569031375903533
0.1251003933438857,-1.370702948713402,-0.3871496092381465,110.54236565691252,16.83878984372818,11.057658328659247,0.1036577978827873,-1.313933092693235,-0.2644859612492808
0.1181340481983644,-1.4479593934943695,-0.1728636030230004,126.44345736093328,24.94925737868629,11.267655101963657,0.0891285427748444,-1.3880223169897477,-0.0398457876704786
0.0337683623073379,-1.608988476253112,0.2125916132306456,147.9122480707483,31.01423193811615,7.726295607437055,0.0207179165402315,-1.5198901030213954,0.3394589996625368
0.0425384030982352,-1.85354310944941,0.851803179235847,182.29135634426768,30.27927030857377,3.12039319539577,0.0501427338989646,-1.7543900618881196,0.9930149042015072
0.2277472448154916,-2.1929311122449096,1.1154487053890088,237.7867672308291,31.449707162396376,-4.702007875709995,0.2150118542999744,-2.1184566835953524,1.2560435950505895
0.1386106012989247,-2.344848730153613,0.394467210565487,275.39241473929144,34.39865722070325,-17.884748922520796,0.1364790775282614,-2.3302746014299083,0.5318000794034408
-0.1983715962183257,-2.5420908413132843,-0.1884549414718146,238.34554913547527,31.69773474066702,-32.421243082831495,-0.1636981458346131,-2.608901321150264,-0.0454453247133743
-0.7047934741679884,-3.070318068505122,-0.5146611445895601,133.31012769406726,17.492699262687193,-46.27694731243317,-0.6620849366879051,-3.109141868356946,-0.3941594068465665
-0.8298563066039037,-3.224377024238636,-0.6083173481323316,39.99025062825049,-2.2509873340278648,-38.83202506089296,-0.7932706189845476,-3.155741557402878,-0.5138258996086741
-0.3750649902624509,-2.642073101848702,-0.1952904254053719,36.631976856476605,-12.99182323646401,-11.85670289334022,-0.3707164855943484,-2.5257609445825806,-0.0950888948854668
-0.1585858399248387,-1.6671123825522889,0.0404534477447733,89.26305874976866,-17.171582842459674,5.981171414349071,-0.1628215795912977,-1.6022150695066053,0.1457136523368139
-0.0238941998875238,-0.5798472980488301,0.1608569454868929,118.3621821363328,-21.89086572907744,18.93750688544323,-0.0280435908101836,-0.6292228872968039,0.2731128804982383
0.2219281027588426,0.4586736334096708,0.3259121491965931,107.30765902203734,-22.48553786298778,29.489356602811963,0.2071604864974852,0.3891611708743278,0.4605317610920086
0.3584128376741206,1.2073462620468145,0.3345138472969783,65.58326718805931,-17.937589237290386,23.909797213528627,0.3428866252918184,1.131109805782652,0.4612568751140704
0.3987214125319689,1.1175164813828666,0.197247856323541,-5.0589551543681,-10.248054742008094,4.59781790487082,0.366461870472473,0.95293515272474,0.3189308229712669
0.3388858911242755,0.28569439830087,0.0576827370602227,-86.7560314127952,-2.461788461178233,-15.504276050808915,0.3134421398956443,0.1645442033038222,0.2002704596733779
0.311935065056704,-0.5512715678884171,0.1126767035037658,-130.82131514391617,2.306643718564305,-27.425535491840627,0.2930452183255588,-0.5508778497256757,0.2490410925165216
0.2113306782400341,-1.2050449294809031,0.2178598699054437,-115.67222256538533,8.203840234490368,-31.84732864416348,0.1852873331866173,-1.1450986785718782,0.3418913455499671
0.0346977986776013,-1.6796923327448936,0.3305701895006005,-65.80365283257284,16.537981698901053,-29.77718727877144,0.0235260056724506,-1.5871716200468582,0.4470239893304458
-0.1292681151115439,-1.836667728382665,0.4143096618549503,-7.891497762851918,20.040489790548705,-22.51624725288297,-0.1213621979187248,-1.7438605349415506,0.5194502685907214
-0.1815338144472229,-1.6515178826489678,0.3763418644623721,37.28427676764293,15.314679552409116,-12.860193321908907,-0.1641113438752218,-1.5799967649671671,0.4926032352315835
-0.0399210264914486,-1.3060620279320545,0.3438760038761389,62.40282180345579,10.883607120113965,-4.170765615446855,-0.0400631500454879,-1.2612672558353424,0.4717812448665121
0.0223800812686844,-1.0175542500177337,0.322386544887092,73.03341562208549,12.142831962280408,-0.3657434828388902,0.0179262672467027,-0.9884366227270804,0.4474831279632884
0.015872651475849,-0.793634901646089,0.2998861243700981,76.80638256293183,12.51938211822811,0.4427308859359524,0.0251216779955707,-0.7832774918807028,0.4259354389346335
0.0415408747169171,-0.6723971441895271,0.2659616279995568,76.07648130550702,9.039473052006649,-0.0571850002694126,0.0424345897457792,-0.6714475641188369,0.3960033473024601
0.0643239246869161,-0.670059380380574,0.2191284231972081,67.44556637194945,6.024213585782411,-0.888514793832815,0.0559449986290664,-0.6597830176190896,0.3491897529091237
0.1004522821912439,-0.7065643594967889,0.2254634099415171,54.00416474180929,6.292056727066025,-0.949819475846108,0.0956022996735643,-0.7118804589844074,0.3450066913462725
0.1131524984919984,-0.7873477046754129,0.2337822653424434,42.35061329086869,7.309778221243107,-1.2697049945680676,0.1137184235120118,-0.7846521008688425,0.3464168826823255
0.1475165653773504,-0.8784707936968932,0.2167830953585966,35.2757573984572,6.133173222144586,-1.7707031856030035,0.1405197252412079,-0.8537385120734324,0.3425140893386026
0.1563842666492973,-0.9356208905577555,0.1949056595226331,31.28830389461504,4.081535906412059,-3.045850517098632,0.1494804758864762,-0.9160255061659944,0.3289725680611718
0.1431489386679091,-0.9890472367341956,0.1611994139105101,29.51628290652998,3.1346346019445748,-4.37110835478098,0.1351781955665814,-0.9596858789080378,0.2868687038706088
0.1421899152253221,-1.0186118375089634,0.139535027381386,30.735437855514483,4.010064614932847,-4.390403383814467,0.125831502832724,-0.9934516305971745,0.2558418588482103
0.0958803135511037,-0.9930173202664812,0.1292636173901158,30.96415109387866,4.638959311241867,-3.417673368325756,0.0899138601269026,-0.9834192012312176,0.247836801287885
0.0689477995668935,-0.943807055876584,0.122204890914533,25.553496125869916,3.7310183577159313,-1.5114295058073075,0.0669449488257739,-0.9315681120744158,0.2544056357501968
0.0489657262933092,-0.8840069860178084,0.1187054736006955,14.307216809169816,3.2728872202717967,0.4464825812778131,0.052048234371233,-0.8842524987968974,0.248630900747215
0.0341419979643023,-0.8245538919125521,0.1033953289292007,-1.720152189282838,3.847471062591634,1.6094146456933711,0.0343609237144905,-0.8348323609210593,0.2240556788355188
0.0443083076937433,-0.800361713728375,0.0932135351070601,-21.316434849645635,5.238382304246902,1.2059306631295053,0.0382420184661498,-0.8007243485470572,0.215450609724452
0.0307577735186881,-0.8280863510323742,0.0943165564884864,-37.94416877434326,6.344946997414933,-0.9825827043898008,0.035928884525968,-0.8106875046698337,0.216661371161688
0.0338535113196524,-0.8899445746119404,0.0921556135991488,-44.44586282400025,6.305717908204479,-3.5644072196764687,0.0255755907703729,-0.8552536350354631,0.2139628693267568
0.029452075993945,-0.9382465771494594,0.0837287251521587,-41.45118310049878,6.657234418418924,-5.695631451070923,0.021049072832355,-0.8999104565199447,0.1967463768743112
0.0113534871237317,-0.983004834674593,0.0632153003474782,-31.83462286780614,7.682736589384294,-6.696824582470656,0.0151603039776591,-0.9375241767306262,0.1740298368447668
0.014769771489337,-1.0241854614398176,0.0499626908718507,-18.4492281734276,8.021895233708785,-5.791203524302433,0.0071004256391967,-0.9770692539075114,0.1690461875173661
0.0026651866713643,-1.012218048474692,0.0495732558897811,-4.684180132411819,6.876603936537225,-3.5639044714461314,0.0028016724277035,-0.9837761882308356,0.1696487619252988
-0.0045933095702841,-0.9663153035728148,0.0628576330671597,5.338981224699689,5.010480784464113,-1.45733219356391,0.0009173368287474,-0.9478379832801044,0.1896275129474115
-0.0104353257873685,-0.908520779346085,0.0888481059249504,8.022837381123486,3.4120695788576314,0.1097974934147937,-0.0068283236209154,-0.8973460869131076,0.2137584612686815
-0.0217220245947039,-0.8764596424449436,0.0986791515698289,7.070697222249673,1.633631300392964,1.5003249343637288,-0.0107317346654895,-0.8717655976600114,0.2093649965491761
-0.0053189844851378,-0.8942827597059311,0.0977065961415385,7.017809364408965,-0.3403728662892418,2.656862464893511,-0.004037696088879,-0.8793196021656136,0.2141490131129356
0.0255346879639575,-0.9073999299432096,0.1014351218211383,7.334704359580259,-1.6577757191586129,3.829067575379183,0.0149525401296131,-0.8820588224787966,0.23188869009008
0.0482694649443137,-0.9129365474418302,0.123619750826855,6.975056019365875,-2.2278609042061976,4.580817391327537,0.0417914759659295,-0.8876332433418719,0.2468667605700656
0.0479693624652607,-0.9188806151081952,0.1448932880690275,4.891980583406774,-2.6733369081322538,4.454435178293348,0.0477536454089841,-0.9005416448839865,0.2637119788849734
0.0500859180927048,-0.9289430527630268,0.1576625993674706,1.7912232064185465,-2.761738167170124,4.0650291556604,0.0452023522059892,-0.9130874369866666,0.2799826295807183
0.0578379285749965,-0.9448247216164752,0.1911852653674761,-0.7844310973745403,-2.155281750285264,3.447682426493264,0.0518749610779452,-0.923298841525537,0.3051285087414865
0.050609085451504,-0.9375994708611608,0.200649136354809,-2.363230314599509,-1.8176022573665476,2.9626747329197096,0.047369962313721,-0.9139216879585028,0.3146912010684708
0.0384715996474819,-0.9307364054767684,0.189342705098909,-2.5724260523465805,-2.4796101928545418,2.6570979242538484,0.0368864561630722,-0.9102640987816863,0.3041808728463674
0.0228560595427996,-0.9276920875804776,0.1868710444752676,-3.07403841281573,-3.563591052504681,2.228347212799748,0.0253866775540009,-0.9059081436764862,0.3042681715502642
0.0246244700017995,-0.9199075368606754,0.1851703022151266,-4.764934370359549,-3.6241910111987177,2.3201007443417905,0.0229925084137106,-0.8931771513763604,0.3095452864145032
0.0275731498764832,-0.9086830096737892,0.1863718837037248,-5.6812806869875,-2.621674521996677,2.593905374405828,0.0314013796544761,-0.8894447332042126,0.302895428908121
0.0313359239995413,-0.8909234437523065,0.1695050322118718,-6.066123455022628,-1.871920680741718,2.7486699028316712,0.0308952359080843,-0.8804125014098663,0.2847166841152813
0.050947195463271,-0.8928617078204293,0.1741701460644143,-8.165393130561153,-1.2781125084227736,2.8940796748211546,0.0393768497484351,-0.8789492202983075,0.2872480443094984
0.0516215833876656,-0.8851089911175827,0.1754590690470037,-11.7293047014608,-0.8875124591300668,2.8365877699565747,0.0502995358829751,-0.8710821100237618,0.289320805801279
0.0520929340375322,-0.8840239262000544,0.1430816850757792,-14.9164850657504,-1.3220704539530326,2.931065264583089,0.0486315583711069,-0.8652155793417642,0.2691638402586062
0.0441729779790944,-0.9136198147998436,0.1349669454779534,-16.483593861183504,-1.959769127854628,2.9009850953934837,0.0449295624777441,-0.8845393554826728,0.2581454336740752
0.0344288314911915,-0.9275643903068498,0.1209980015836556,-15.257359124001418,-2.058830061649254,2.758408280219151,0.0371763128593645,-0.8953502667944839,0.2431338007701733
0.0497259431402879,-0.9401856337710968,0.1200071448591941,-11.951628493305112,-1.648584431048841,2.860621410222985,0.0388551575765915,-0.9052124644463788,0.243594713175608
0.0510131229581135,-0.9352270496197684,0.1345398117903827,-9.68510048212629,-1.319555576208594,2.790083567235399,0.0473467868149985,-0.9077401913248366,0.2593350315536851
0.0469552941294702,-0.918102267475652,0.1222103779079138,-9.700587359101416,-1.7145616672675692,2.4591629428366737,0.0504441518633599,-0.8974605419882811,0.2527523511289598
0.0450171780186971,-0.9249301729162628,0.1193501030884001,-10.35978184412339,-2.9507924132762597,2.047241185144413,0.0502124389855015,-0.8979137185891135,0.2364644811912609
0.0472488666139606,-0.9230098451578668,0.1054860391074664,-10.64044731180241,-4.16850593397886,1.7805080717497783,0.0473736406156425,-0.8980058511830377,0.219268560826383
0.051181462080259,-0.9150857716924624,0.0898664844736094,-11.583181377693355,-4.800704997118224,1.6291931130982444,0.0443095482098072,-0.8956437916042421,0.2169894075518268
0.0381146826526845,-0.914990580718955,0.0924932734934928,-13.115932901362804,-5.875709587569665,1.5185932556295625,0.035978155710582,-0.8959634004434982,0.2164239704254746
0.0369733970994159,-0.9295302458557192,0.0896204897878634,-13.661323487247843,-7.43893850610974,1.472549991002876,0.0319800898253497,-0.9096414876220228,0.2102280915353747
0.0423541468163766,-0.948999067277262,0.0967533889925421,-12.724350454156596,-8.409297119345682,1.2645437339756789,0.0340506731563871,-0.9283891762497912,0.2184763073874568
0.0404888507222425,-0.954462790023013,0.1020953254065239,-10.720146174437495,-9.149143929384486,1.0723396443839346,0.0333779200719268,-0.93355411367963,0.220503462530955
0.04020417073656,-0.9593529147783796,0.1011056403347634,-9.096007485634429,-10.413062555611267,0.8903184073571074,0.0355956115857409,-0.9363586880697842,0.2173256145409511
0.0386330752708218,-0.957299564365641,0.093297631644568,-8.165187438012822,-11.793960990741551,0.4888633061818567,0.0374714917228338,-0.9368151397438702,0.2188466599184649
0.0449796834472053,-0.9466675323083946,0.0904727588803534,-7.092498538288206,-12.414317362899729,0.0154150396395651,0.0381450292911247,-0.9335078991997244,0.2201817262700696
0.0497324524750472,-0.9431324530227494,0.09583299723338,-6.117488089077307,-12.154300410383492,-0.434198960896287,0.0386821246328822,-0.9293148450759684,0.2137707582366912
0.048139634061383,-0.9481255266530124,0.0664828691011548,-4.814250679315292,-11.237940617282762,-0.7622976574198663,0.0406521522206342,-0.9242110493762834,0.1888049423494585
0.0518781326433824,-0.9496984842616178,0.0456717820836485,-2.937979445461256,-9.74809727279652,-1.0103476619465872,0.0457471018076705,-0.9251277050943846,0.1668291435159416
0.052753213067205,-0.956069130780905,0.0523347842732739,-1.041557190126865,-8.455761780389665,-1.2852841246917288,0.0475752825264225,-0.9334850616107984,0.1681436218827358
0.0537287534493541,-0.9637058504268986,0.0554977808934575,0.5148113269480136,-8.066286068342876,-1.3907948477302994,0.0490527364440111,-0.9378618237472734,0.1832209139258467
0.0567713750789452,-0.9514248116880946,0.0744923247921457,1.8301103793203184,-8.322702791915049,-1.3038889138919103,0.0507229154627039,-0.9311307551570096,0.1939234660153535
0.0484116233852923,-0.9397464797488212,0.0790949585483516,2.785821691268033,-8.662731509680711,-1.1907683382201395,0.0466945973073738,-0.9227779331933892,0.1947705290990435
0.0400565080300322,-0.936340853577739,0.0693424140507931,2.749022176458611,-8.713317167995019,-0.9972114909733202,0.0415163051115799,-0.9182016994989536,0.1945899266724522
0.0403746196028036,-0.9409826388640862,0.0745221553211389,2.749029668810874,-8.16145665217463,-0.7278509558454128,0.0404062508184767,-0.919784924279802,0.1971282050720235
0.0377128419865671,-0.9508592130600968,0.0735330375479344,3.7926438583576583,-6.915387524476095,-0.3766620552981898,0.033380969073648,-0.9219351715856632,0.2006703146085298
0.0297407768122204,-0.9496183836011164,0.0802205194994597,5.392994564910426,-5.585283655303857,0.0500105465075709,0.0225208094286838,-0.9218118609034276,0.2045182762812778
0.0272685780255688,-0.9449688158984048,0.0891712925701054,6.395317441636388,-4.764734326068831,0.3250182221302127,0.0222500978686807,-0.9223993526312642,0.2067569367066853
0.03101203690778,-0.9436388861295888,0.0802111622900374,5.685951642336059,-4.432824306922446,0.395501147491355,0.0243805874461301,-0.9191781627453548,0.203499847776117
0.0352820969323081,-0.9459389630462186,0.0747876072378445,4.242079293028094,-4.324811606184585,0.3038606140747508,0.0294373747106807,-0.9213866817608468,0.1979874395457869
0.0455827207079631,-0.9469425691256984,0.0709342850993317,3.601396768829582,-4.198493469401214,0.1701905947953286,0.0373859627962589,-0.9244289244058814,0.1990096681945845
0.047872219272187,-0.9504045823480498,0.076405450977394,4.225148888154664,-4.101434148270928,0.1793380426765224,0.0430353511268216,-0.9235442748903668,0.2042193400518828
0.0580518283054112,-0.9505174276744498,0.0925110617229529,5.80361756470248,-4.02089852574403,0.0549611104118319,0.0533079134993814,-0.9261033998095188,0.2076190957000367
0.0703955922061617,-0.946796768837232,0.0911694174419732,7.550659946617968,-3.6023061550674904,-0.2726912592292945,0.0541658345844527,-0.9254454143454428,0.2127963455416502
0.0445333128738576,-0.9557737262581673,0.0835592079592047,9.258863265615966,-2.562923958050847,-0.4202108003684772,0.052063842697281,-0.9270466567514394,0.2087718202482486
0.0444679139924028,-0.9523540024608904,0.0694215999646734,10.29074485262101,-1.2575807715848752,-0.6128870379884931,0.0572324142331851,-0.9280950308869071,0.1926919278027902
0.0734602721134349,-0.942995399793348,0.0653181702695193,9.959787207350535,-0.5252691728583695,-0.8669921682156899,0.0619218565846548,-0.9238790940622263,0.1896244505504379
0.0754721392234569,-0.94349659921718,0.0779682112923607,9.305752412082914,-0.2682086024425786,-0.94509408721592,0.072128284224271,-0.9246393645319936,0.1989667080040728
0.0775422534131052,-0.9482958079644656,0.0876585256942157,9.666345904186768,0.0810801873352651,-1.1528558143990548,0.0707626123214178,-0.9279073385802772,0.2129334753249544
0.0753118572189679,-0.9627675938859284,0.1172980391877618,11.128291219907451,0.3025886452739505,-1.3292118924305942,0.0605169038561004,-0.9286395173000888,0.2322564665830061
0.0622247822897797,-0.953280059238329,0.1202344325860413,12.675909006511224,0.3786171705061659,-1.3649579304712982,0.0559253338254178,-0.9218452821287844,0.245163519749764
