ADXL_X,ADXL_Y,ADXL_Z,ITG_X,ITG_Y,ITG_Z,MMA_X,MMA_Y,MMA_Z
0.0998842754050973,-0.8111837142876164,0.0288050530222823,-15.765982348176443,-38.173037823857086,-3.3823482119750574,0.1018877647023893,-0.7934010793568327,0.144454056547217
0.1038786290719493,-0.7800078713908014,0.0432489149178767,-14.236533569052694,-39.05943338480224,-3.4111467700261864,0.0982653663856764,-0.75885151093001,0.1511578354972196
0.1221992064475148,-0.7564499648166119,0.0380394440695207,-13.281525208089612,-39.80216378632032,-4.274279720406515,0.1117561062563479,-0.7391440301587144,0.1591091188501794
0.1687132394286232,-0.7489914117181453,0.0520043367537789,-13.859149190329074,-39.80331775935535,-4.776320311554057,0.1600804718021599,-0.7314437426860052,0.1784570905155271
0.1802173211470683,-0.7542947784391497,0.0768172568906663,-14.370128086577168,-39.04020494788616,-5.469180971698534,0.1723411810943218,-0.7377326376498458,0.1999692753757886
0.1767719123320619,-0.7932916559291601,0.0957152195003129,-15.104663973893016,-37.525969333080816,-5.291308396832025,0.1636889049889542,-0.7732877986599694,0.2193832821140759
0.168526296601415,-0.820797831042052,0.131163008766984,-15.990561633583228,-34.84964685929428,-3.3890305818847137,0.1569925594317593,-0.7979557978552806,0.2484085790550645
0.1442706486875322,-0.8284366527280361,0.1512277508499195,-14.43920838652716,-31.218914720206477,-0.6897262544513427,0.1361586609644376,-0.8093925316976278,0.264667882221632
0.1269765238918955,-0.839502863285223,0.1542147255916987,-11.817361506575642,-27.732082153648037,2.883904473893196,0.1201886242370795,-0.8107993247366072,0.2760429680949944
0.101122724486274,-0.810999400036495,0.1533420334268229,-9.167314278892714,-25.022076333530052,6.972675686941279,0.1001754178555196,-0.7896285602082826,0.2829282051406314
0.0935320174991102,-0.7720167554766268,0.160998108904545,-6.3493763166289625,-23.11230102534337,10.723085705672457,0.0801506789829647,-0.7586527985731404,0.2838016548454116
0.0765047185818837,-0.7512233482819235,0.1706472895355599,-4.183072628144128,-22.508298058004083,13.617904439504937,0.0605592092973687,-0.7297108304186146,0.2866973853408825
0.0251635994671218,-0.7390473109641511,0.1692335376031613,-2.7762392747078186,-23.58370464609319,15.515679907205138,0.0248959852377368,-0.7262437327562086,0.2919738244605325
-0.0013298735284687,-0.7462962615289713,0.1909182833102582,-2.8344012911109835,-26.25823781879914,16.930224555024477,0.0028009109492616,-0.7387659550615722,0.3089700473975329
-0.0083408733059512,-0.7824889037965423,0.2109615186582914,-3.216331329715643,-29.140176584785426,17.8870241391192,-0.0071647266949068,-0.7683278292138944,0.3213233609873462
0.001175833772859,-0.8561197206659654,0.2139532996426827,-3.084676188221528,-29.22147311420892,18.19374234734905,-0.0089107329755333,-0.8320244593352639,0.3353416505896193
0.0282158094523622,-0.930933030315354,0.2309497745143659,-3.3777936157677058,-25.65862520597465,17.65858251530797,0.0218505814884644,-0.9048919511030468,0.3548281221712367
0.0774236741780122,-0.991019545170566,0.2484094519688707,-3.16430306010956,-20.020344832375503,15.852894026136385,0.0718092999202987,-0.9719560117163324,0.3588319422743172
0.1468615957533832,-1.0512240522495144,0.2402811481612186,-1.598219101338413,-14.461639839098908,13.008500051311229,0.1333658380437011,-1.0269462020563305,0.3504813225503841
0.2231942307862408,-1.109752036291107,0.2185932713299812,-0.1347949390107454,-11.532042129671026,9.49756822717039,0.2155958226772095,-1.081186577863771,0.3384420042153745
0.3192077874805058,-1.1596267267128342,0.2272799302206159,-0.0296356348107147,-10.984695066653371,4.7738055070930105,0.2989364292517832,-1.123774709956149,0.3474802447793981
0.3697613922180527,-1.177175019283217,0.2686728797501441,1.417070447467039,-11.112424835752748,-1.0772620829098325,0.3468965396043542,-1.1320603565449887,0.3875461679827613
0.3314896483940967,-1.164365198676646,0.3324053565793651,6.808420534801373,-12.123618739954516,-6.140197009622593,0.3268293290341114,-1.1205767216970557,0.4518984323424794
0.2576013160050446,-1.119296871773657,0.3980707237536175,15.299588478496284,-14.094221374104633,-8.359155632810657,0.2588103572372977,-1.082255379530832,0.5215696561492044
0.1853358392285569,-1.0406484735634272,0.4146893259800088,25.672390301319837,-15.962181307310551,-7.143888406450586,0.183333088462998,-1.0194649997765806,0.5419649703014708
0.0842192841009749,-0.9908318809999016,0.3575293859791325,34.390893487465846,-16.95609962404585,-3.580423138438355,0.0812470116463217,-0.9757280646484114,0.4848325806478831
0.007252861417132,-1.0390742095025791,0.2237706889251464,34.47163864197302,-18.47079082362921,-0.0423430177632302,0.0128714015680997,-1.0343841148143955,0.3510354974202492
0.0240142077106036,-1.176038305015693,0.0539762024914238,19.51221217951974,-19.21777658637899,-0.1729422160009708,0.0120034760884533,-1.1879532121229903,0.1670484355770514
0.0424545410469777,-1.3263603763469178,-0.0706574055970709,-7.315916569707557,-11.960441640917148,-6.047002523600544,0.0090100384184168,-1.318054235789098,0.0440118188623533
0.0996679583976668,-1.4372382648002933,-0.052181750534969,-28.93037087746974,4.171619544366264,-16.874709006910724,0.0740382952517037,-1.3994127211705187,0.0727580055998043
0.1880457946499687,-1.4815251169174957,0.0549702559800003,-30.689781581069145,18.48999688080053,-31.189224114094625,0.1751627879070077,-1.4277026578703054,0.1713475505078673
0.1848901237027983,-1.451184518606747,0.1088919749364729,-15.134363670408517,19.986871183039973,-44.44224444528129,0.190734296044842,-1.3896489205752047,0.2313035760613552
0.1509159940449267,-1.3807848123685196,0.1037378088629748,6.827935323663317,8.312509643265162,-51.5494424326801,0.1580127689113604,-1.326945408525411,0.2166877345774364
0.0648618406427371,-1.288714473210096,-0.0098761472905833,27.075747842506168,-5.074250788109963,-50.8463911102978,0.0663123161614823,-1.2426461967289468,0.1064478711689368
-0.0513837550024103,-1.1577052831151922,-0.1898524124685198,39.659098829801245,-10.46549803177088,-41.32882509283135,-0.053179806600036,-1.1286258703057048,-0.0497976108069278
-0.0828319652518308,-1.0169397269338314,-0.307301765008746,39.31881184498856,-10.474491290232708,-25.69844522837936,-0.0948566417108597,-1.011472031029899,-0.1796810768112114
-0.0745635506075179,-0.8942973655386937,-0.3508322901126921,29.180938812134823,-15.17200532819016,-12.24629733312932,-0.0707276249840874,-0.8845341164093801,-0.221017883435239
-0.0617015651052381,-0.7776179916641102,-0.3161951846138311,21.043597590613988,-30.08159390978572,-6.118667704190605,-0.0442145245675242,-0.7589712120668421,-0.1868886179473899
-0.0536180954902726,-0.7654761233220999,-0.2810293720357395,16.249895842360836,-48.19356116541089,-3.872888484855854,-0.0472983884557891,-0.7522996460766375,-0.1622583649359041
-0.0713850527336999,-0.8830634762893674,-0.2508948296240443,9.635088027463752,-58.92641044546429,-2.7416996742769264,-0.0790035457342592,-0.8614110021514039,-0.1242793922264507
-0.106964509049701,-0.96146072755095,-0.2024418055093136,5.47510695836804,-57.96924654001244,-4.027509857969841,-0.1245808056259447,-0.936313729494522,-0.0746335269385938
-0.1198855234020509,-0.9694190567397912,-0.1912182732189282,3.995806967681877,-46.56084070467456,-5.803660381792679,-0.1428336960772293,-0.9554549032336048,-0.0608697620762432
-0.0798201637641117,-0.96380730841478,-0.1676411517703089,-0.0273047807490777,-30.84832785244165,-6.536511207179012,-0.0982834179000259,-0.9498534299512312,-0.0402515119462479
0.0108934722049306,-0.9511379658667928,-0.1257903524142824,-5.754226674405434,-17.390432346634277,-5.839854813792663,0.0050978514101345,-0.9391314276814978,0.0060103388140985
0.1515410120015627,-0.9451987923951546,-0.0683655802521697,-9.38626606264516,-8.468062715580833,-2.9575514688584503,0.149656138024331,-0.9307592719549896,0.0594542971815523
0.2891257075749561,-0.927256438723208,-0.0233463436690029,-7.788514308048314,-2.795218824739023,0.425597197860993,0.2825853138909148,-0.8977564176941916,0.0969568321214713
0.3913927224054073,-0.9063488281576764,-0.0320027548851898,-3.422966245028536,1.3332260796812878,3.674217149525217,0.3714244582542732,-0.8778095178397956,0.0984241278727555
0.4543654963349954,-0.8995470248582341,-0.0367230095888849,-1.447763543275146,4.409926513217454,6.289535476353373,0.4255103719896475,-0.8789050522815455,0.0850476954400703
0.4449368862974258,-0.9020405679666792,-0.0469787460511896,-3.2197735125749336,6.891320753566005,8.655407409636004,0.4162691095735358,-0.8792304114222337,0.0773342973913662
0.3846483346275728,-0.8919875816030318,-0.0356120317284035,-7.0399780625084825,8.629533216904246,11.41466057380205,0.3570037019265145,-0.8742953749474267,0.0816223864466942
0.2949453753233924,-0.8688036303531876,-0.0183073479073589,-9.909909375554784,10.742669042740491,12.910247414931462,0.2784394599082128,-0.8504815885602675,0.0898387544474728
0.1650298962769386,-0.8656723315522932,-0.0381447204787148,-11.972171000641952,14.234184151831933,14.35432361616456,0.15106412774095,-0.832015507063788,0.0915554043562029
0.032495147193349,-0.8382558738483555,-0.0337415449377001,-12.871910609737553,17.10249389396858,16.021333872079353,0.0215850063967054,-0.813792843490356,0.0938318719617525
-0.0495392608007303,-0.8174471917877,-0.0299283105005251,-12.597914357044166,18.490507363765637,17.01641711433082,-0.0456888267554686,-0.804118638097392,0.0997218500299999
-0.0782125888367058,-0.8239627337118627,-0.0113780301622155,-14.27141569527893,18.01818623896429,18.003691429699305,-0.0759795617841582,-0.7997432281836818,0.1239095121610904
-0.1010342479748602,-0.7886494384938462,0.0285578181949434,-15.086633075870807,15.654893295821308,17.773601638644305,-0.1004106540842426,-0.7720838977101921,0.1526477944163689
-0.1185964095877225,-0.7755387025174268,0.0401368623687777,-13.433757538882428,12.658458012786824,17.03031646081067,-0.1125608689699682,-0.7648279530066402,0.1555873028258454
-0.0822202177702944,-0.783970781990829,0.0465287233695191,-12.851786801628611,10.078076529943718,16.676870060850217,-0.0900923388218873,-0.761447394466288,0.1582607655401864
-0.0408552884727158,-0.7605972767255245,0.0451626143873384,-13.220884029321535,9.86920985075883,15.481653441484688,-0.0474635539853055,-0.7427515597059844,0.1683040386515141
-0.0143023656371791,-0.7487058478907143,0.0444445533242581,-14.148505605489166,11.352348585942684,13.772100968852774,-0.0047849642017093,-0.7407817540570321,0.1676792209185382
0.0432075178567645,-0.7692474577638538,0.0465082794543541,-16.28622906645491,12.455369836985843,11.94317059148975,0.0344470437320256,-0.7535044607721881,0.1651097363840045
0.0627525891936151,-0.8116015261251576,0.0484086191087434,-19.362967744882194,13.324667510775258,10.050338663895785,0.0496702503409547,-0.7858724294950818,0.1761739211786264
0.0471046670883699,-0.8432112357489665,0.0677610315438344,-21.074261793923814,14.087227761556148,9.164145392940672,0.0461518139979224,-0.822337810568418,0.2020824510670547
0.0385553221176223,-0.8798906183740117,0.1063739077264213,-19.025462728856557,14.977008276544836,8.741779143195181,0.0304520515041995,-0.8639319574226061,0.2280522819640748
0.0042939230364413,-0.92442666649379,0.145969565240516,-14.580572090122324,15.48766884842446,7.393204508203704,-0.0022292481922659,-0.8995145978907996,0.2523549023677727
-0.0239246753639364,-0.9297316110967248,0.1437973203395042,-8.982385662358471,15.203089197494084,6.137080958087049,-0.0285083085087211,-0.8993707522824644,0.2689032437562241
-0.0381880098184124,-0.915012942394572,0.1378206791662757,-3.558162748675492,14.604057842773296,5.339622270455974,-0.0380043165785353,-0.893203974794416,0.2695233552919068
-0.040671493288301,-0.8866293746051208,0.1522671311145367,0.2792348806763439,13.285277171517926,4.364807217723919,-0.0402696565182724,-0.8672674031570912,0.2724601571278121
-0.035064830368872,-0.8380766579864681,0.1554148674873871,3.377905027415585,11.179609415675282,3.571988469766128,-0.0390076480047367,-0.8173324369245965,0.2812525309701381
-0.0214793415921097,-0.795529896664824,0.1719506494976667,5.55658142452432,8.992050576968444,2.7206222023305884,-0.0244554496764568,-0.781077074995637,0.2941220136498114
0.0278301438391704,-0.7631023573676105,0.1965360309014218,6.727302889064987,7.834161253238927,1.7153058957998806,0.011343204580322,-0.7482328460071785,0.3191221157129326
0.071238724506024,-0.740465809295789,0.2207703775130538,7.277452391537537,8.18885728111051,0.2989636048947276,0.053344930656824,-0.7282673057627563,0.3448906086783114
0.0990714667712252,-0.7283271977501613,0.2513562602227737,7.041623132003077,9.596701842884908,-1.8179505129619984,0.0852832755284389,-0.7183634212565857,0.3659585244664087
0.1323081431962728,-0.7303281341314488,0.2484952294189776,7.024912982805347,11.758544149093042,-3.8668922915106014,0.1166218145365141,-0.7166543849056325,0.3710634753060537
0.1519304780480442,-0.760259239477378,0.2267794046954259,6.615012210412758,14.238026691175415,-6.221641583888216,0.1383525893778732,-0.7480444584665223,0.3524315685130664
0.1377829306390605,-0.7990562104358855,0.2189411181913192,5.013781841902422,16.686966878584215,-8.825516178333487,0.1214288992339553,-0.7831308803858603,0.3362669389397457
0.1008370887278924,-0.8400921201583174,0.205500142767437,3.1278684200968554,18.710149414400767,-10.373701228064656,0.0939420102194356,-0.8256378507947316,0.3210336676626113
0.0654315922591566,-0.9060123037433644,0.1948174047302826,-0.1891465382754403,19.55764682388647,-10.785362033142274,0.0659073038143195,-0.890039211435824,0.3116777999121159
0.0236622295484793,-0.9646998519472616,0.1970061033581264,-4.703213727539791,18.54233997687562,-9.621257530044147,0.0222311505201387,-0.9483442916133236,0.3217836064049387
-0.0196789711030107,-1.013483788289305,0.2257445353131948,-8.18220040804177,15.940191877688074,-6.857824612393122,-0.0079991149138827,-1.0004528486375823,0.3426556440951701
-0.0578478634746303,-1.0696578830325478,0.2740124752889517,-10.060309802842264,12.568457948066085,-3.9368066485883975,-0.0395488979105262,-1.0489712847426351,0.3889229016498516
-0.0856520263407234,-1.1118600205491114,0.313393742013378,-9.679134261711528,9.137685407798276,-0.904345754417527,-0.090474758880515,-1.0905538069387588,0.4456936144292054
-0.0868360279410341,-1.144441167053229,0.3759030752199886,-5.595964385463278,7.315016207662683,2.490123398247989,-0.1053194215909919,-1.1047837294862084,0.5008960525854287
-0.0762803260960793,-1.1353737859597923,0.4392587187473218,3.12329999098493,8.56454770329006,5.172203437283839,-0.0820478027509319,-1.0875321968928366,0.555399100080006
-0.0511811015246632,-1.0914698159735714,0.4458982210931589,13.759421474294198,11.092254207826722,6.846491882085285,-0.0546474279983634,-1.0661558128471174,0.5720305640213751
0.0240261606422024,-1.084266295685819,0.3928534191742012,21.65937033919962,11.037336494037955,7.569403997386991,0.0175906744913331,-1.055331265068781,0.5290307674087384
0.09168765637482,-1.1391254468553709,0.2912100858452083,22.01806909828199,8.365344181643014,7.864593713961898,0.0817381767725702,-1.1110697409508186,0.4292425037465313
0.1188593212561456,-1.2589981842749047,0.1502128281871186,9.672703987866006,5.8242953852160895,10.308014420019788,0.1018078909726037,-1.243601950410439,0.2912006483854173
0.1640487006845062,-1.375367068895155,0.0130111092045282,-12.679975082412138,5.931131469459417,14.78496944992777,0.1544453649778346,-1.3494562848524638,0.1476313582751955
0.1572732652797301,-1.4382995461509194,-0.0496116623648852,-31.74300912855843,9.002469474838266,20.16139016741434,0.1539147026397667,-1.3994291595797947,0.0649644127398613
0.1026686563394065,-1.4856181072673793,-0.0972457254298609,-36.124072123226114,9.0212494010616,27.888196650559006,0.0993738104356518,-1.4353681572570172,0.0289413346700129
0.1100936441385754,-1.4653236115575308,-0.1785843908051751,-30.37454346178046,3.291604573094544,36.08979230055567,0.1066337160889069,-1.4148000167688708,-0.0436494156695959
0.1298540363733588,-1.3400950664734248,-0.2193031954300506,-25.11397354571088,-2.278968450379846,42.29422116516307,0.1206219804411999,-1.3036537693864183,-0.1008391121191319
0.1194567506665512,-1.1692666370261238,-0.2287579362550384,-18.81528968170273,-2.8661195790164777,44.707244997781096,0.1064065618361784,-1.1294847270463166,-0.1089743717863612
0.1044698321041242,-0.9451347675927984,-0.2346866760079941,-5.271412242798736,2.334043613625097,42.6626789205314,0.0833700535633059,-0.9008551043024854,-0.1077152090837985
0.1213956544338436,-0.7097730583085469,-0.2620023633006388,13.557136545724342,11.439975582773007,39.52926845757965,0.0926123653598717,-0.6766883691497909,-0.1242435553784458
0.1747875463569489,-0.5814154312688155,-0.3446937640504449,26.49545693852776,23.010571926084083,32.7494479914293,0.1489106801241498,-0.5606223928375473,-0.1997372182852531
0.1793114537130397,-0.599777515573539,-0.3879496341363911,23.392366552817062,36.62053427353699,20.171429482413835,0.1610225649188787,-0.5877824501828639,-0.2530780740329877
0.1392595508389658,-0.7326058502080499,-0.3086215376289436,8.998423700844805,48.80790697722525,8.51061710694233,0.1235618013920373,-0.7137868118017686,-0.18709742387139
0.1129110480142463,-0.8926998766388795,-0.1754278591306788,-4.400924736717593,56.43020979354829,0.9113069764761552,0.0966065197797549,-0.8669044721009236,-0.0578334866189877
0.0753613769416348,-1.055891296215023,-0.0555240420541572,-11.832030569671849,59.72764985489487,-3.377421532802932,0.0740696682195827,-1.0239285195276278,0.0641061416900921
0.037034541704073,-1.2178157197563366,0.0433115844171633,-13.003828947656284,57.87241495210049,-4.1497550449816165,0.0414553879565006,-1.1725362889051678,0.1525571416197825
0.011852744338919,-1.3160807261695635,0.0719575139478181,-7.73096365556014,49.87294471540125,-3.1454183751749296,0.0202977243426022,-1.2710134345288115,0.183094348394015
-0.047213512011114,-1.334508379047447,0.0380188859866971,0.593571909461974,37.62987281150081,-3.4821561190039687,-0.0191452966954297,-1.2984331055754,0.1603113774439622
-0.1363463126790167,-1.246363015419815,0.0034238781694338,7.081914559302379,23.34857622546712,-4.977377853336509,-0.1137186324624896,-1.2260008362713328,0.123737188938649
-0.2044908875783122,-1.0991447178826377,-0.0383954451277183,11.525794968203606,9.606345442391694,-6.066449723457368,-0.1892223080394007,-1.0831871662378152,0.085906998934847
-0.2472961721935858,-0.9936678268031506,-0.0655685887698012,14.475692851013136,-1.585666002115746,-8.401528316246774,-0.2320402651283063,-0.9683290469116697,0.0563286411044637
-0.2825423481351061,-0.9086840043929606,-0.054284040141218,15.475381247244798,-10.810922713635357,-11.18025574104144,-0.2682154780551655,-0.8843751801667139,0.0640820926732915
-0.2801942089970252,-0.8287345136374463,-0.0309800361346671,15.709189136443564,-18.557193817291253,-13.244538865709783,-0.2657682776081134,-0.8108605193954264,0.0913585420029568
-0.2441243781497572,-0.7501903102716215,-0.0077906288329967,14.738176988805398,-24.731073490037083,-16.547567079834643,-0.2446027029467589,-0.7410603246568721,0.1118224195004567
-0.1957640740614289,-0.6924530625635748,-0.015568187802111,11.572978092104652,-28.488820726707196,-19.41482201078453,-0.1994895499079276,-0.6817970683237995,0.1067042344263831
-0.1041663196715865,-0.6938084839230321,-0.04588116828009,4.236620838509413,-28.73632048076788,-20.98089470612108,-0.1105039991335348,-0.685200760255614,0.0828209725716723
-0.0208450262306891,-0.700962266616056,-0.0365065660336481,-6.088110297170709,-26.23319779031491,-22.32292701362684,-0.0320593879197317,-0.6964563608451456,0.0915522117881958
0.0357688221884007,-0.711980482763076,-0.008662428877508,-13.430037840859123,-22.477258916536663,-21.88956909941,0.0256205356638499,-0.6985099557555848,0.114540951595266
0.0966481437749829,-0.7408562305228674,0.0071185415112151,-17.437242969127826,-18.566850056674536,-19.99106881274086,0.0793264712151514,-0.72907869496185,0.1286487370586934
0.1028665379376493,-0.7707703842189972,0.031511343362172,-18.8409122251377,-15.38200936964073,-17.071115947144285,0.0906084557404978,-0.7512216393044933,0.1535603854157168
0.0876627950746701,-0.8003838872010405,0.0507701541525529,-18.135854258427518,-14.943304515097427,-13.13731303554028,0.0797965815168399,-0.7758110366506792,0.1728998537168746
0.0878541653690848,-0.8011585102586023,0.0632577974978308,-17.70487862181088,-17.896065146810447,-9.471864331028568,0.0840753480000498,-0.7811472589700054,0.188920306118107
0.0816337967456325,-0.7902341065745009,0.0864719448784632,-16.168747185182976,-22.07433255326003,-5.893272368033144,0.0798869221749232,-0.764982889321864,0.2071201630852252
0.0915592350189442,-0.7846205050843816,0.0953037635733328,-13.48049236208382,-26.73337847942335,-3.2571390950591157,0.0796756985002822,-0.7655051842805749,0.2153222763494271
0.1062231877346577,-0.7802497234328444,0.0771303081324504,-11.187615576211014,-31.240902977622994,-2.36903661659037,0.0966478566138372,-0.7591988294894991,0.2126248402896778
0.1429906203056305,-0.7876521901964991,0.0780826304449237,-9.611680983998834,-34.041533168068135,-2.4334512871558145,0.1320604977472778,-0.7617774185216981,0.2062735850289416
0.1832972590766126,-0.8026097341424666,0.1011503597731027,-8.189309333017283,-34.675658156305886,-3.4271870050859343,0.1691011679199023,-0.7723097766365535,0.2167811581402841
0.179785364212523,-0.8098479103129997,0.1111040948997672,-5.328944605838603,-33.45029444193348,-4.333324512722124,0.1668164168154402,-0.7746261310789526,0.2348744013363984
0.1714886894433218,-0.8077532587265719,0.1261125310066881,-2.208893641553598,-31.17447324725497,-3.871425473169725,0.1568788344347078,-0.7871808837890204,0.2492771098160584
0.1610384074447389,-0.8167952908434908,0.1503966911839246,-0.3964929481523019,-28.43149492312212,-2.463442393316523,0.1483135125816342,-0.7934790637258438,0.2695775999746964
0.1303445945892199,-0.8105960288264018,0.1680276561669621,1.0038821631476271,-25.194592102964005,-0.4039035326616384,0.1157300680188763,-0.7812439785555594,0.2849893647258243
0.0847058781378575,-0.7733672551403632,0.1738523419893046,2.1161139142189413,-21.206472462406943,2.472419424878804,0.0766993241970363,-0.7606910962279996,0.2933869000817357
0.0346027633331301,-0.7296535956910666,0.1681399952553181,2.045856104838817,-17.659447572728848,5.62114383441938,0.0391034394816014,-0.7280372914727298,0.2924068585002128
-0.0105024136564865,-0.700714320232171,0.1654727866856273,0.4190111350379633,-16.63769653665897,8.648896868033747,-0.0005155551220392,-0.6958441724641643,0.2854988801967701
-0.0531062458803337,-0.706599397692378,0.1572651771568969,-2.6506140525818997,-18.899858449091152,11.88102543296952,-0.0507810648432866,-0.6933570109767713,0.2829061551904076
-0.0702116104025423,-0.733444801602088,0.1379363490892165,-4.415310441240976,-23.262224030004266,15.090463795077255,-0.0766911365014524,-0.7180830124746349,0.2681795494872029
-0.0567519738377237,-0.8035077418114157,0.1255935479359064,-3.567469284977251,-25.73583850831218,17.5378458366785,-0.0618000297513903,-0.7831880730395924,0.2503023927942839
-0.0216779422940886,-0.897218173508393,0.1253618082324876,-4.070543512662817,-23.888073587033197,18.54906991312448,-0.0338108085279847,-0.8731997382814931,0.2468563805223408
0.0292380459528323,-0.9538891885215532,0.129348443278557,-6.017520841870099,-19.87649236480468,17.86141319803232,0.0185417575072783,-0.931904438443294,0.2485220019445837
0.1059381155241938,-1.0047137179931416,0.1149313155482322,-6.956463014805286,-15.296135669112145,15.8129137853725,0.0895351087279982,-0.9826455715709408,0.2391210354745295
0.2148083713998974,-1.064360069213229,0.1049756434926566,-8.03161888107854,-10.294155894365254,12.523864120005502,0.1839861063924756,-1.037010816786731,0.2277492242421981
0.2954047348143534,-1.14584041509756,0.1585734477503192,-8.872266322040174,-6.911663764355016,8.091843780123567,0.2782750859900139,-1.1060926280549983,0.267475719057806
0.3341293073645064,-1.248322820862266,0.2582533343943801,-6.677445930684469,-7.285434255982119,2.19274971501412,0.3199785854935058,-1.2111992045193287,0.3702485127243254
0.3388605816804089,-1.3187039616416516,0.3737349777957547,1.1426016245466564,-10.013445512267303,-4.850967533475189,0.3214813690764135,-1.278647785351604,0.4898985580949541
0.2787063542919703,-1.3015515142521643,0.4506939316199962,14.442815644022538,-10.967476028200505,-10.597549057799329,0.2701073358885033,-1.2498817594515863,0.5752950243186306
0.1670646227225141,-1.1644068471835918,0.4618538349112757,28.643069415840348,-9.20576288698434,-13.089705739907677,0.1598941728061587,-1.1277548361209788,0.602648204521435
0.0363081350756331,-0.9850495320667148,0.4798980558137432,38.33249614315755,-8.92036451710257,-11.415395791168915,0.0448966793747698,-0.966039143682203,0.6087678880721843
-0.0658269097477376,-0.8239962196147126,0.4770585518577311,41.2288715899326,-13.166778242819758,-6.536309253359003,-0.047209138972867,-0.819664295356918,0.6063768749497362
-0.1269296438672931,-0.7442699769939758,0.424319394276181,36.39216533342468,-20.950259484119474,-1.1564294332205525,-0.1225960979222392,-0.7489701049918073,0.5565958880254369
-0.1230128138312014,-0.8411828522025702,0.3412065034134527,23.751558013746397,-27.8989184350722,2.371394761189799,-0.1243603168944737,-0.8432748438996922,0.4681145522195667
-0.019328617842513,-1.0529777851651143,0.2167692198918555,4.180198230465745,-29.48592840576857,0.1501293143850603,-0.0253073961532492,-1.0595727512333175,0.3535068391514828
0.0741022175354684,-1.2586258487813968,0.0945566486473578,-21.298600845031054,-27.33681567881935,-8.654374647873682,0.0580829771051435,-1.2491751616340154,0.2171361911507428
0.1405773606142422,-1.3544185503045212,0.0121979299924933,-41.94715479938281,-23.272603555674,-19.59319315551949,0.1169319579838828,-1.319674370698287,0.1306616917022597
0.2257594171769515,-1.3735214127584257,-0.0066222667600797,-43.44125746806065,-13.364662456943378,-29.431646847061984,0.1992142587029627,-1.3248485196529187,0.1154720819871213
0.2543807946598164,-1.3880259447421266,-0.0262220218983456,-27.10676838515869,0.7767533778229634,-35.122688190823474,0.2405131365004177,-1.3227876377997232,0.0976983237937049
0.2359377551543783,-1.313657393772108,-0.098279170476115,-6.6332136825147865,9.151078685974742,-35.756678739323426,0.2348373276090701,-1.273634153481583,0.0390734421469923
0.1980813859240437,-1.2224467017766565,-0.1496808996076029,4.159834660588497,6.181362282675112,-34.264232984850445,0.204325063250278,-1.205914367512247,-0.0219584890103819
0.1676688732807225,-1.1839859155268164,-0.1769810600292595,5.88685276503257,-2.629664522116755,-31.349149974874734,0.1664037015486543,-1.1450010233173358,-0.0424272641498527
0.1519846862360799,-1.1183453395337046,-0.1981326776754471,9.55149314491864,-7.306968670550511,-27.766835901504997,0.134485215660119,-1.0789023600667578,-0.065006999425514
0.1099417250882469,-1.0410948468391683,-0.2281637957710029,15.100372102437788,-6.4485214086294125,-25.37760249880283,0.0954163516101054,-1.0007836169650752,-0.1092684375471613
0.0505710202015342,-0.9219712942526116,-0.2647985921317761,19.43899327225708,-8.558467052295436,-24.85946080421197,0.044044464464947,-0.8788181669812993,-0.1381589233837379
-0.0580633683061758,-0.8230895423986079,-0.2933435440509153,22.15310084462064,-18.694931709777425,-25.159940704049443,-0.0507784445854669,-0.8041509087671526,-0.1796745503598238
-0.1646640288046958,-0.850876344200429,-0.3255502135036148,18.62498040922428,-31.404754254789204,-23.234944008731254,-0.1579471228038522,-0.8348269107970068,-0.2059862419183796
-0.2169144572096299,-0.8885922684767819,-0.2999909268651763,11.954475059460416,-37.317014511654826,-19.54004676635474,-0.2243563217750435,-0.8634559005164875,-0.1650743032431337
-0.2446290456432224,-0.8855861541367658,-0.2267809837932346,8.864311397389649,-32.505800773096055,-16.235485226171118,-0.248415729568884,-0.8635337456665291,-0.1053545108434406
-0.1984431984391576,-0.8806971009239869,-0.1561399146743142,7.684988117114907,-21.77435503692275,-13.288474581969291,-0.2068468842820583,-0.8609267005261699,-0.037781698607105
-0.0996592774410384,-0.8765835181147199,-0.0857374391806979,6.657681323254219,-12.823316529067718,-10.316107512478908,-0.1111785633673294,-0.8570469860523471,0.0435167417480802
0.0243864042608404,-0.8961641470709139,-0.030492903251436,4.826628169391501,-8.196493172225631,-5.90324096161932,0.0178850738805355,-0.8757025250473653,0.1031813464493167
0.1831979214306965,-0.922444398436282,0.0261097101739982,1.2106187026551871,-5.286399935408549,-0.5915732038414727,0.1755653389075128,-0.8994557301318101,0.142992291878058
0.3207370012252095,-0.9362575882378432,0.0556946331450069,-1.527389135656266,-1.2350889553323885,3.717383989097627,0.3012630043780153,-0.9130043817049388,0.1676087055322186
0.4011973826472316,-0.9509109628171027,0.0399800651634933,-3.628119131058156,3.698375939402764,7.459787412383425,0.3672404115836416,-0.9356615330329424,0.163946891378624
0.4331278858614532,-0.9727394373955964,0.0288174570398614,-6.631055630069503,7.7635415098712866,10.32907253921551,0.4038162087915004,-0.958081744148112,0.1450879445803286
0.4262533838781129,-0.984878790010182,0.0235218608198108,-8.663528875271059,11.247154273011368,11.546695256524668,0.3965079402735888,-0.9598159030194848,0.1366945146671671
0.3654031185431089,-0.955603232563093,0.0181508347994767,-8.50483383639364,15.014299482762526,12.09426678521261,0.3387791402603243,-0.9300468998514948,0.1385308803190403
0.2937717177155161,-0.9032871700500892,0.022431060411958,-6.151749581898068,19.50306943432214,12.41471020217882,0.2666909885031966,-0.8770284355531164,0.136754787885607
0.1989360500938284,-0.8501783473829259,0.0269499158979302,-3.9649688316610856,24.80533570459178,12.118644974605408,0.1670099683312795,-0.8231540875921258,0.1406762316823268
0.0698480940488884,-0.7974411232781117,0.037306690754377,-3.2044470637160343,29.20226113951898,11.954801882645787,0.0592304413808447,-0.7818913452128288,0.1563463084541352
0.0063829528102188,-0.777021525595313,0.0457710829223571,-2.19305441053175,31.068646434917014,11.539031138035863,0.0050124798581598,-0.7620686451006093,0.1668300197313983
-0.0258701126836646,-0.776886872382573,0.0405164572502818,-2.528159367411728,30.64442175853576,10.555479835945675,-0.0288191918814554,-0.755384706767979,0.1727470120996144
-0.0358322458292088,-0.7708601861959476,0.0568025471784708,-5.098676922624984,28.90929755421116,10.82043969770588,-0.0428952416176611,-0.7508771268283276,0.1842426966531722
-0.0113850980919587,-0.7685690728161514,0.0744241522284939,-8.549505239352458,27.11330110915602,11.356980455325631,-0.0165758337612364,-0.7547275587496595,0.1927398978252099
-0.0083812365773805,-0.7796300065019539,0.0835936720458367,-12.85660087985592,25.716856035182,10.846598307583916,-0.0037680570085077,-0.7706502636329617,0.2065506860535554
0.0087880730418773,-0.8020566241355331,0.1003128721476347,-16.55634534746175,23.96027629246745,10.382498695505925,0.005619083363197,-0.7804044179230223,0.2218350406126926
0.0155318240257532,-0.7991648929870538,0.082701537241982,-18.304910197346334,22.789375525613853,10.588813476057574,0.0174408160913669,-0.7775143235667131,0.2087799368518006
0.0063824702860831,-0.7922052101204171,0.0707676705320778,-19.44433005545965,23.811647461633665,10.948937095768848,0.0085697906516502,-0.7798056269045964,0.1887366879479876
0.0051102941738903,-0.8101188481313215,0.0716407102606271,-21.22792613834436,25.67494866086778,9.98140467466634,-0.0038644402945474,-0.7851768625006899,0.1873602955966804
-0.0282952361165903,-0.8118177129139086,0.0715466250901622,-22.017484185199468,26.59785179816294,8.381204922342105,-0.0283169264163039,-0.7912838931429769,0.2011628240578641
-0.0626729131532778,-0.8238407527145035,0.1000088432428175,-19.597903057614413,26.41918975801472,7.243540647743945,-0.0578259274447687,-0.798763241313137,0.2262026243014828
-0.0767228296206382,-0.8476356665040917,0.1164443583373152,-14.969266304443,25.221337625854897,5.871288292529384,-0.0776737071540409,-0.8109966613159626,0.2481643903748824
-0.0907513190109174,-0.8374038251919707,0.1383828851946676,-10.160961927681209,23.081105291873836,4.580671327384482,-0.0952882335803625,-0.8190695914194783,0.2731016528804036
-0.0946067589812808,-0.8260068711247605,0.1741922392343389,-5.733564880228117,20.46699829348325,3.896891531581607,-0.1013859275642394,-0.8002468655699382,0.2994008800694097
-0.0814366766696397,-0.8031582209317905,0.191271813932155,-2.143948770763341,18.287823614865776,3.590909730388105,-0.0850442913341685,-0.7761440318268809,0.3129735312645986
-0.0627467515158712,-0.7578537347722731,0.2007645852113179,0.1262175950734665,16.70492779873191,3.368818373969895,-0.0522637394269031,-0.7500128642817078,0.3210837530134913
-0.0127319043815774,-0.7292574335786699,0.2114191956686724,1.0851929997257983,15.322876989936216,2.733099372030904,-0.0066149760604104,-0.7135376712414108,0.3227489104000673
0.0549718987658637,-0.6982921137355679,0.2171806099368424,0.7981721239038041,14.862725861182518,0.8473417293415465,0.0441439202621286,-0.6842172941422604,0.3264479059270035
0.0937049457069149,-0.6763461867686228,0.2096006665599893,-0.1420871717172314,16.49678144726227,-2.061496243139664,0.0843833875791955,-0.6668493990260189,0.3346026669522335
0.13675653210155,-0.6907062407424298,0.2112476285366188,-1.6808483507379233,20.14294581691946,-5.9274599160476855,0.1244169045240808,-0.6768930994244586,0.3318091941810987
0.1583579824923324,-0.7305315279935918,0.2031100689929841,-4.472327819769975,24.237073236714792,-10.54451869330086,0.1467539281359418,-0.7176821801440575,0.3239346653471966
0.1356568460538676,-0.8021070877066506,0.1876943899249344,-8.147544043577573,27.28121906460607,-14.057058929655096,0.1348230158486454,-0.7868953931434884,0.3157133627848397
0.1014004181695949,-0.8972013021421167,0.1981867239185011,-12.27552928268763,29.373664293834945,-16.426559831835036,0.1013517770641416,-0.8750726609830597,0.3133268883265578
0.0485925958844357,-0.9856619246273242,0.2046415543059577,-14.93620865332759,30.49352725824542,-16.896047602255827,0.0474883434509447,-0.9512333690965358,0.3199025253926936
0.0003521220195634,-1.034006648076493,0.2143781229357721,-14.20645085470129,29.83914304468912,-14.268015719130966,0.0050069132514859,-1.008713265115706,0.3309882145667557
-0.0445431894453832,-1.0729347003840488,0.2420435797245571,-11.977730970197634,27.76685843464037,-10.770682554812932,-0.0306643665023047,-1.0518571149267109,0.3537333633684939
-0.0906886238838971,-1.117586639434168,0.2835510039100664,-8.788409234702804,24.662251771485767,-7.709806506287867,-0.0809731294776216,-1.0824287156268335,0.3892099202296579
