ADXL_X,ADXL_Y,ADXL_Z,ITG_X,ITG_Y,ITG_Z,MMA_X,MMA_Y,MMA_Z
-0.0558926719036926,-0.7701227696609848,0.0777555677907392,-51.924722103771714,-30.882158662416984,6.548813598703678,-0.0355829277212445,-0.7310275987702994,0.0358094130956482
-0.0356342139974761,-0.9405718943061124,0.1499405578204931,-49.346838220264,-28.517151754638945,15.159135725722107,-0.0109905679283473,-0.8893942778679127,0.1076269059292674
0.0462217526106703,-1.1176128495403634,0.1892222985049537,-45.87384389302159,-26.00908413326755,22.14472102777136,0.087557200529052,-1.0808563786906982,0.153374534028217
0.1206445843623838,-1.2840668899339565,0.070572385318557,-42.17387156730113,-28.79193484755881,24.18837187181184,0.1710575172729451,-1.248950210591097,0.0376762704384048
0.2110666696041791,-1.388064180607151,-0.1837398319194865,-41.71607278920758,-36.014742255374486,22.09809714333229,0.2511842520684667,-1.337327741546264,-0.2190756177004547
0.307715981171451,-1.4775734849633535,-0.2490104326122788,-37.87462235894112,-36.66505912727866,18.844804189411885,0.3315538770339292,-1.4042914667339936,-0.3054177640951995
0.2697633447584638,-1.6656145124393271,-0.1078888060584541,-18.829085795411096,-29.977119636995933,15.158024177332068,0.3077769259261033,-1.565207658736762,-0.1658994306732336
0.1083753400762696,-1.8005904600574056,-0.0210137221165764,10.968627976314435,-24.30290240228697,10.03556452046025,0.1517390586185761,-1.7020702123043134,-0.0600770977156711
-0.058601896178338,-1.7594758476272223,-0.0364874823137745,41.7943651904593,-18.60585950760532,5.858337431721889,-0.0264433875037254,-1.672891225465766,-0.0792956723839643
-0.0806154027393429,-1.5883529311637703,-0.1419635434754487,64.96797337630211,-11.549120357458442,6.584241123375321,-0.0486445498913067,-1.5188446085399852,-0.1786920408809592
0.0856365282844028,-1.3531112315513296,-0.1090772470330795,75.26235329037969,1.100382698001792,9.509310481264146,0.1100233769860239,-1.3057647354662538,-0.1607020772680594
0.179322687314886,-1.2823532915423288,0.3096625798979977,78.52297684812262,14.826061940988897,9.171845226522368,0.2335340821037586,-1.238196603265446,0.2112848112388098
0.0879099391800919,-1.3685205355586831,0.7285483283499379,78.46956481062335,9.174518603057798,6.9036273376167046,0.1754080534838596,-1.3395986311594363,0.6668652369138912
-0.044615655053179,-1.3229695063452274,0.7070854277747373,71.53470357797423,-7.757227653902567,1.2449265985260691,0.0090960107615156,-1.3136120456392255,0.6992890514008192
-0.1325901229093445,-1.191276653040124,0.4230617138530662,59.434687423574985,-9.965624371202903,-10.01088759927678,-0.1079422472779565,-1.1781924934572725,0.4081511231411525
-0.080099412942764,-1.1675975548588786,0.0095483236954102,43.36412837267207,0.0289260216799396,-20.09779142486924,-0.0554142603623859,-1.1545198241204058,0.020360352879577
0.0452610848710138,-1.1884115547708176,-0.6404804260979287,11.834812089610669,4.544535516866021,-30.295622199478377,0.06288201904764,-1.1728362939557244,-0.6352595449582576
0.1010256344980582,-1.2138274470699977,-1.0147066728689798,-25.316825303228903,8.762803563327196,-44.26146476596738,0.106292615564911,-1.1642311864999375,-1.0781264647774602
0.1542841193144975,-1.2816396343255836,-0.8186835892813615,-31.400983104639963,26.85592419122051,-54.85574832980377,0.1589636464870823,-1.191843551737976,-0.8896383187853164
0.2123674547960359,-1.2645122533525646,-0.7277785119855293,-4.593587595096477,43.38386655517329,-61.49622240947223,0.2327774604045105,-1.1751365844131412,-0.7809887789379266
0.1891900266540373,-1.125515702001758,-0.8398790560751079,20.8986994639181,45.1445704156776,-68.35738974227503,0.2315867563914714,-1.0707180273989167,-0.9081174148070348
0.0524496547191092,-1.055184002228518,-0.7148727704082354,26.758146923367324,38.08209525082794,-72.45533805877577,0.11058630950244,-1.0205359304735755,-0.7895892677463116
-0.1457480419086019,-1.1231622511451864,-0.475751755177466,19.85277652038945,23.643750743691555,-73.48097555651908,-0.0878728159095364,-1.0884250061695,-0.535822672176107
-0.3103638826407664,-1.1746756885937386,-0.3801277845524472,11.197172357542811,14.251903156299765,-73.84669101612283,-0.2741585943553312,-1.1408732240608952,-0.429371150585649
-0.4569947117809717,-1.1105741706895964,-0.5145913500201549,3.936862656329596,23.874530018179403,-69.45572583331544,-0.4434830891937027,-1.0863745249209475,-0.5561116898296137
-0.4852376179366227,-1.016788584468181,-0.6601997751728006,-6.948414312880268,39.63018410138579,-59.29068302993471,-0.4551945835573078,-1.0060526407678116,-0.7007522235513357
-0.2725847386411844,-1.0204976335713771,-0.4791674051857708,-21.27368481085067,38.96554867379224,-46.57967861502304,-0.2410621751910726,-0.9905862869755548,-0.5575748349670244
-0.0324919307988879,-1.1375505020559529,-0.1514145646820588,-26.223860481912407,28.306203840630378,-31.26188485290162,-0.0158477893985154,-1.0788872406755692,-0.2288865913251494
0.0765873865691767,-1.2484471640611012,-0.035165914549825,-20.63426099043274,24.567624304258523,-15.907985114434751,0.1248447046821223,-1.1999986839506542,-0.0679743146927732
0.1326093898165541,-1.2467531412901072,-0.1865202249614408,-18.14478865109484,17.027630644883,-2.95656300469594,0.1912673555301153,-1.211310113226558,-0.2223304087437631
0.1668740833909875,-1.1690480943495536,-0.3548398794125091,-22.34235353506609,3.770421989848729,9.424656521345645,0.2060760705955852,-1.130587952686772,-0.3960058605648148
0.1724695365095147,-1.089890545363461,-0.2898358182270176,-23.695033172586985,-1.4244290500276695,21.733698282039548,0.2037604369679495,-1.0421258725868283,-0.3340213220776029
0.1855076179304764,-1.0225577171076057,-0.1402589528169822,-12.773349895954796,0.8527810851986861,30.201140887740262,0.2034723274200411,-0.9608299540934204,-0.1964781914879408
0.2064505145434323,-0.9571410955116748,-0.0583406914381116,4.976514315849893,10.396149869308491,32.29702900160621,0.2182316646818537,-0.9034657794467182,-0.0954413923856775
0.208991918284927,-0.8584084986259795,-0.0044142898518159,17.667471985465138,24.95046720842603,29.819382109032308,0.2244005631020855,-0.8227666949042127,-0.0281876167952537
0.2133078482532605,-0.7479324155758997,0.0154663064628266,22.712126756179217,36.51577047406538,24.168301528051572,0.2304543628064616,-0.7197092407097994,-0.0174059412180822
0.2110304955556569,-0.674618752852103,0.0223549313391439,20.15914453505306,44.33359968005329,18.63236470724228,0.221948135681414,-0.6535001874455555,-0.0105541199584499
0.1768962444895591,-0.596279389052809,0.0148600016106852,12.826266325716505,49.49236078740774,15.546581770114948,0.189331010434351,-0.5768991254019424,-0.0128102386781474
0.1157003390487345,-0.524510504122761,0.0064332441371791,5.119893089829224,52.86337190423576,14.11565040986375,0.1417381939384587,-0.5090797608373467,-0.01757822932662
0.0720916039091147,-0.4809051736394161,0.0150170945673992,-1.3789408822979912,54.91650443893576,14.9959253470242,0.0889120614606026,-0.4615370255432862,-0.0030376623728639
0.0577083271561724,-0.4134508802002244,-0.0191419015027861,-5.472887064693992,55.46777114930765,16.603686555642568,0.0666107689761401,-0.3858756877628074,-0.043095692784533
0.0031151700079314,-0.3340263913417073,-0.0643423183459207,-12.789051091087265,54.80510909744271,17.446406479252037,0.0225091968669811,-0.3253801220562539,-0.0940030537816075
-0.0629163802777393,-0.2909972203489845,-0.0551769880002714,-25.491483426993238,51.73276555253236,17.424540954860415,-0.04179644147924,-0.294571831564809,-0.086121567902597
-0.1047792907677854,-0.3008923601695937,-0.0162794746369988,-35.91299012088695,48.0947388219718,15.554024220265704,-0.0821277337357918,-0.2897013237269842,-0.0543485483992721
-0.1529215426601882,-0.3395510805337785,0.0287715174089193,-41.21360909350473,44.792854268693866,13.455692566686036,-0.1302391993146605,-0.3130957446132042,-0.0056162234527812
-0.1812383305103476,-0.3899761841591622,0.0850114369093938,-39.87684085376753,38.40449891948471,12.073769367881129,-0.158428286459419,-0.3561324108717312,0.0500335659973914
-0.1826175234143968,-0.4477293262477557,0.12537735333865,-31.160441484704805,30.04897779067542,9.948332226299854,-0.1569283460031297,-0.4141199361943853,0.0861301552983468
-0.1606501622399234,-0.5006961451804031,0.1247078899051071,-21.27677123568343,23.4649301105778,7.513756882217966,-0.1377906237025925,-0.4756727027580116,0.0875451161820716
-0.1197026261973487,-0.5700990401921554,0.1089305481633429,-15.959415154264532,20.97626354707931,5.263402538540129,-0.0981182129232513,-0.5475270607986551,0.0703912770057168
-0.0695771468585054,-0.6488447697981072,0.0967253643042768,-16.01579894838012,24.489816270168657,3.0190719825801136,-0.0579850850538559,-0.6177349694167016,0.0642973881027681
0.0007646795029646,-0.7375779620957126,0.0929323597603938,-20.36389533765528,32.47018259571862,1.295974880464212,0.0047518377688927,-0.721325241525546,0.066864177119814
0.0598289357289776,-0.8733786365551792,0.0402921315015255,-29.942092064901317,40.83046982231873,-1.1388666366997962,0.0795862819855088,-0.8704034599743419,0.0126016870831394
0.0817956704138105,-1.0084364376535395,-0.0970592010269529,-47.20929285607013,46.56857089551463,-3.754447040241824,0.114270497004447,-0.9997789877219808,-0.1345171989481233
0.0883003059461744,-1.1616648265603935,-0.2097315104619861,-67.0998502542135,50.72786749587791,-4.927880740565035,0.115259041792741,-1.1412836954217411,-0.2446874733034253
0.0778871925047377,-1.406817587402719,-0.2919065091309676,-76.99073920284721,57.11489553057992,-6.1453147073791605,0.1090568855155469,-1.3455969846922846,-0.3252446421068252
0.0243995792011566,-1.6573994941007593,-0.3701511716346251,-76.33381062146712,60.56651081733565,-6.689498716767595,0.074386350538104,-1.5909656744070384,-0.4145356265643298
-0.0665104045474941,-1.9313861005325488,-0.2637193610304386,-70.29139898705122,52.562795884162725,-4.856969179926812,-0.003648015135644,-1.8584895613499808,-0.3000131744917408
-0.2078379224396695,-2.177905970210597,0.0605224891003046,-40.29778687451055,38.80577737302703,-3.33091054144848,-0.1305049758475405,-2.038907779769982,0.0002811125818074
-0.4218891864324247,-2.09590122577945,0.2927107009176223,32.76439602905365,23.608945029869773,-4.717080640780674,-0.3306520942781951,-1.9545931165945307,0.2165112731441091
-0.540883600970613,-1.770141273225213,0.3460055397980903,117.710095640282,7.192486214421948,-4.570376514711943,-0.4748665649333255,-1.7048196417788175,0.2997425492324402
-0.4154936099365934,-1.457425452079719,0.4031088701199176,160.3983129995274,0.8700905587213673,1.5342636374306309,-0.3954056174363914,-1.4772971182929235,0.3699734617308973
-0.1628149008706496,-1.135394113927228,0.3273179654133283,151.71593981773157,4.386194339757563,12.531220183068546,-0.1505237111143209,-1.1808112193494882,0.315752946524073
0.0794464045589408,-0.8858153767259256,0.1911633300303363,120.42833278056952,9.456584445659995,28.191407499245447,0.1017190090203792,-0.8918500079287711,0.1720685929218501
0.1496329372219482,-0.8238240115493688,0.1166910192192033,88.48295965552464,14.37606024038137,43.06754766249052,0.1888825271611591,-0.8298802934967605,0.0846311480748996
0.0977499638882445,-0.8112108211811181,-0.3220345768740599,52.76205634157935,9.390983432666548,48.77805136710423,0.1354597914716528,-0.8353407754363313,-0.3299494036178039
0.1725551393535654,-0.7459447616563863,-0.8178020670040775,8.650498599957398,3.640481438489168,46.28639483402775,0.1731501425006952,-0.7424735360138268,-0.8518524290759046
0.139276303763653,-0.7412390981878969,-0.8942937664240598,-22.101045630935836,14.002116400774607,43.085535441586345,0.1570688396482441,-0.7080981458954008,-0.9586157679082988
-0.1012975222052158,-0.8323338578714037,-0.9728121917707722,-32.67728557368369,18.437657901923608,45.05613296740253,-0.0518446372417551,-0.807152564607968,-1.036754424535235
-0.1282498778466353,-0.9860715085759848,-1.0498735136434694,-44.625379014034905,5.361402476068048,49.96220947091305,-0.0956284708875107,-0.9715821021401668,-1.1188560898649098
-0.0073805708491917,-1.2517475595305676,-0.8373732441457709,-59.817200187103566,-1.520098854996535,52.69530708939233,0.0192070793436963,-1.2169130946819051,-0.8988910263017195
-0.0113360192122227,-1.5307609692537731,-0.5397884990562557,-63.74126455190932,-0.1020528768462309,53.775419092292594,0.0288737634411854,-1.4680820791623408,-0.597688018133282
0.0351567888170751,-1.6769630187851865,-0.4776366116079267,-53.75998987542083,-5.632126333411855,57.98292122991752,0.0815676728884149,-1.5984795321820346,-0.530555977738018
0.1298769555148002,-1.7556330429380718,-0.543706053202169,-38.832473791937566,-10.313811158579403,66.25592881734106,0.1697999969294215,-1.664337405356052,-0.5987533042948936
0.0909373248127854,-1.813841748253296,-0.3817989690432549,-17.174461825714236,-7.925656266765499,70.6656663584779,0.1441586533090329,-1.7057442431027403,-0.4532519076055611
0.0329072717363696,-1.7239648121625843,-0.2459303033251541,20.071124284517264,-15.029444640811066,63.93063101778632,0.102490325523852,-1.6265895266609014,-0.3045910972176795
0.0173851648055643,-1.4730685264659529,-0.3129611548403889,54.69169359689463,-30.46083900735107,46.73590875979179,0.0600815724581203,-1.424677912937771,-0.3579390097322312
-0.0440951331835176,-1.226516276859865,-0.3242314707315313,62.87214737319738,-34.79934156164679,23.76516627338599,-0.021556221900976,-1.218763302482131,-0.3636037961341776
-0.0962479142591874,-1.0552137870129596,-0.2902118234429044,47.712536320393625,-27.6557168664868,-1.9109268050408983,-0.0733623202457625,-1.0538226126483496,-0.3217682388819002
-0.1383653215596296,-0.9197088212419168,-0.2445846404057215,24.593097025168024,-17.85794766470043,-28.539179556238693,-0.1227836813122909,-0.9063536450601236,-0.2876246814453707
-0.264456525856732,-0.782858478977909,-0.2129775577224404,8.777839700755571,-12.14516889794125,-51.50041787471064,-0.2400886499756401,-0.7652500194680378,-0.2521511819285867
-0.3785238728303616,-0.6590975013437292,-0.1895891603730659,3.809348067126812,-17.988192896726012,-63.0784305949198,-0.3414021174456194,-0.643860152204349,-0.2256693435398213
-0.4101801198342445,-0.5776893642683981,-0.1224269954116953,1.939122736833785,-33.426518411965496,-59.54860743335326,-0.3683926256113184,-0.5664366164417247,-0.1680958598861214
-0.4116470417859327,-0.5339004203708186,-0.0577866379800981,2.356662737497629,-49.217104735025146,-46.83115045814165,-0.3713541310897492,-0.5221528200074529,-0.0928430361013289
-0.3654158486434707,-0.5243090399599524,0.0068768185204664,5.807835011052944,-59.93778910032751,-32.296388322548,-0.333998586614708,-0.5074925284881572,-0.0186308376422889
-0.2619004344459771,-0.5305731748955202,0.0397961488904027,6.871730881837762,-65.56015683456673,-20.863960217558823,-0.2283647853734842,-0.5198328460034157,0.0206034884410199
-0.1267126864816499,-0.5398481705551246,0.0488566180886141,3.430828729660746,-66.84686988944765,-15.464762892678817,-0.1053877942363352,-0.5243689302318857,0.0318613465626666
-0.0223423684598531,-0.5287107478549139,0.0573239933765992,-1.5263093606193043,-64.73389379040603,-15.145373031250598,-0.0194430996045337,-0.5049875764014171,0.0343472231933422
0.0320279828534151,-0.4824792963089357,0.0513689736530832,-4.88493233568598,-61.2552214203108,-18.13712693175928,0.0447546297228205,-0.463811623043335,0.0198422055533455
0.0893784028362916,-0.4216712030612883,0.0420980611586276,-5.559940326797932,-56.59514795646034,-21.36400914693093,0.1058129669704396,-0.3966822906384729,0.0091507121367031
0.1650081174880342,-0.3346364083875488,-0.0034389721519805,-3.9492991428314186,-51.942872936969366,-23.69943408711248,0.1695322159741339,-0.3108826457265866,-0.0245066324175096
0.2348597711346265,-0.2475329066159542,-0.0687816593377954,-4.850427637404556,-48.09091540169762,-25.11879430678273,0.2402029597317266,-0.2405413833031503,-0.0932755823257105
0.249431282892785,-0.1975694777279621,-0.1146456490329579,-15.476526472590184,-43.51870886252061,-23.7639759664731,0.2607668929101334,-0.1960860192309542,-0.149576914733922
0.231497413179669,-0.1775057836416706,-0.1308807895805017,-34.155141170479254,-40.43734376100948,-19.46175895448795,0.2435149174388384,-0.1738283242450681,-0.1677676232052379
0.191467371912975,-0.2030243105457553,-0.1046116483631026,-53.98815170925653,-38.43591511902185,-12.56554075068131,0.2069193421227466,-0.2020662308665158,-0.1375007499638912
0.1008213070800175,-0.3102878101429922,-0.0285543927256521,-70.0863900208459,-33.59078233707793,-4.330544013903639,0.1172936819613252,-0.3060248858212703,-0.0587298109946018
0.0238902542649314,-0.4731445644707752,0.0437497465556631,-78.73453406771527,-28.24347317609408,4.316869658799914,0.0374793738051748,-0.4455077471681769,0.018207107497616
-0.0329492425084382,-0.6120115765366875,0.0881502879064473,-77.48017948184047,-24.99942156285119,10.509487948845193,-0.0154183653776565,-0.5758693411860262,0.0690026204980996
-0.0696388163324078,-0.7491449926900998,0.1474345127038941,-67.82628615238644,-23.07063674490902,13.10243464359804,-0.0405923024106422,-0.7149110841293811,0.1028916126062214
-0.0439505007329561,-0.898426566793346,0.1465380119211966,-56.44029249071393,-22.588834877680725,15.703525989817496,-0.0102103843549181,-0.8523811330403284,0.1054029329024372
0.0041853451879984,-1.060649477282099,0.0841230528968646,-48.50251728413652,-24.081949377185637,17.421955273304125,0.0442532022919803,-1.0342246753884057,0.0646550969074303
0.0800778051839563,-1.239042993499487,-0.0470339189800118,-51.03300722268728,-31.29492848071209,17.839530249649613,0.1396334558530625,-1.2268100556605182,-0.0954541196448307
0.1899224345647203,-1.33234946712159,-0.3054914087555095,-61.90382888127323,-44.53301081132863,17.557294276075215,0.2435477070296729,-1.2957923668078797,-0.3538176684297696
0.2358627266507426,-1.466861802600115,-0.4122053290480758,-64.95318937626433,-54.544630095397935,17.96045626968145,0.2699902479615217,-1.3933015812587066,-0.4732719364993914
0.1405867734488711,-1.722405316874076,-0.1886232441727409,-51.6487553243668,-53.36959826753933,20.59966251121641,0.1882336991351004,-1.5956725943796417,-0.2846305923587323
-0.0398164654196825,-1.8928517493626065,0.0849305521933109,-15.441830210121548,-42.42902286592014,20.384624511660192,0.0204836350070913,-1.7643781916247927,0.0219599755299865
-0.1325615722627365,-1.8887729615102908,0.1338232103152083,33.006575815123384,-31.267245639910804,16.606557790046363,-0.0902332860152687,-1.8043986967192451,0.0924393199205918
-0.0530184979861017,-1.687309224840908,0.0526508397790343,69.15140809899223,-19.34733181177592,13.052087471685391,-0.0327665218791211,-1.619129748825639,0.0151994411151823
0.0985725305581595,-1.4682832385228763,0.176318533355345,91.18809708680736,-2.683345349679377,10.5743540378826,0.1241996629704445,-1.415878200268886,0.1310753057768397
0.1456863555938,-1.4049729948701517,0.4930072290141509,101.0269982768248,6.226893918217421,5.048448789502731,0.1947077880988631,-1.374803050647062,0.432595995449496
0.0387332105119196,-1.3213363158560811,0.6032808009666422,98.28711697097047,4.375689672444406,-6.860252865349593,0.0917727491261309,-1.3048845779800482,0.5763493348511454
-0.0537170977477657,-1.1527307766626107,0.4551520449966176,86.84174661426856,0.5797510792248567,-20.742081531511143,-0.0192368050777998,-1.136981874567117,0.4259399947960384
-0.0658946284781728,-1.0100895943074006,0.2340023234472319,74.69825048280723,1.3851832689350618,-34.71236064637695,-0.04643311318704,-0.991821050482955,0.1989118094930743
-0.0214664882866791,-0.967451246888502,-0.1872078085627654,61.95206283617331,5.9174537827290985,-46.140411961032434,0.0126571253776344,-0.9737070739874704,-0.2082142980782007
0.0467842353247077,-0.9578838243826532,-0.7435633749033707,30.48646317576368,0.4817148321201381,-55.39511094186178,0.0925447636887501,-0.963978648755306,-0.7932517860090165
0.0386182216362902,-0.8933708036851055,-1.077016755789877,-7.43826581351638,-8.555169232420356,-64.04373656048722,0.0530828091469577,-0.863659020015105,-1.135594837888294
0.1545214729717534,-0.9065650515419472,-1.1608179229380378,-28.9567672690358,-1.506265491224866,-67.6262242190397,0.1332734792269043,-0.8649083139221445,-1.2178790779235449
0.3094979406320391,-1.022349888070993,-1.0665899845909974,-40.60864718020249,22.747957459144423,-73.50893142776422,0.293905080489009,-0.9790970184468224,-1.1219314073323132
0.1453528692318796,-1.203827469014541,-0.7980159059151352,-45.81642326658586,42.86078250619262,-81.71286364485516,0.1896066092650595,-1.1492355794464573,-0.8609159920179024
-0.0772978647813366,-1.45843528960012,-0.5670726564248565,-46.34036257744614,31.65616796563502,-85.56084452815102,0.0086038076216312,-1.3868768445413873,-0.6404969018456939
-0.240982609728438,-1.5758718595487622,-0.5722897097677003,-42.31650042426118,10.645316694891804,-90.25266948261232,-0.1908889537914271,-1.5073908981296689,-0.6140464688586147
-0.4609779879225637,-1.5062990408797303,-0.7581658060881402,-32.94202585895607,19.64732249703778,-91.81815445921823,-0.4324909747388311,-1.464627908216654,-0.7998555794200874
-0.537860278771446,-1.4255581657536271,-0.8243005015123952,-28.198066041633,40.07868158109679,-86.31780426760577,-0.4823499526687849,-1.3855330230597986,-0.8868178428940667
-0.4165684013198783,-1.4236885147315266,-0.5652730162122314,-24.143553235465312,38.93732288460652,-72.08333426790597,-0.3548111708491507,-1.366286373463378,-0.6348302788948794
-0.2445147844813549,-1.475797883977456,-0.2266958173801949,-10.59034960437486,24.481022580183616,-47.57117556490946,-0.1892975622457561,-1.4175724724082617,-0.2961586851467869
-0.1189867346978342,-1.4292756692738906,-0.1261682284923098,4.867940462758353,10.613147392679943,-22.008175921104648,-0.0595251489357522,-1.3904104828710249,-0.1656550502733937
-0.0039895633535711,-1.267830111640686,-0.2425535730192786,8.757293051444885,-3.363153279940822,1.391103616248878,0.0488406649536985,-1.2562867329996148,-0.2738822628132489
0.1059910345819776,-1.1172173407119397,-0.3272953535333037,-2.313779038661425,-13.29762381104864,21.924247344002755,0.1423476195185635,-1.104124090774684,-0.3740091024902378
0.1726336249404881,-1.0049564643990734,-0.2801904497637726,-14.183966600141432,-17.8503493344416,35.128594628785926,0.200543795963282,-0.958615562010392,-0.3224388049853167
0.2491921419441305,-0.9079888844836792,-0.2220952050887238,-11.975379241596082,-17.24618911077208,39.79403037552134,0.2682396594843376,-0.8496547056245883,-0.252728224292767
0.3117566463642298,-0.8105923531238973,-0.1637051509769703,-1.1275440824782277,-7.208270520870856,37.3831427187344,0.316099824122743,-0.7628861367334663,-0.2032075642028559
0.3448698864982732,-0.7356570096519539,-0.0901678795551112,9.130836489482842,6.917623602487082,31.6647747454821,0.3474156552430191,-0.692128058592408,-0.1297943021178334
0.3855143542155717,-0.6711240428148284,-0.0568631677230499,18.02197143558272,18.77866107040312,23.68257627432062,0.3870742599516928,-0.6353139597327688,-0.0831030961449314
0.3798057963588586,-0.5885154343621763,-0.0412525810168527,21.308900438153717,30.809187751951026,17.142515107796534,0.3792534352958829,-0.5633196019272989,-0.0835279162533934
0.3132483039975251,-0.5204203178441887,-0.0289439851598889,16.564921933379292,43.79840460310768,16.286434714707955,0.3254856505002209,-0.5039772598294048,-0.0658090098087208
0.2340793494043189,-0.4759061416953347,-0.0148442049451144,9.84242496264148,54.24028501246072,18.166540263861517,0.252616977518022,-0.4579248159795688,-0.0370345182131277
0.1390196909325939,-0.4396723425354072,0.0042872379840664,5.002102533997505,61.09970787015379,21.38274143163588,0.1606361050894457,-0.4170122755612914,-0.0259569302761722
0.0424056218452151,-0.3875085095718912,0.0009582449961317,1.9253137303812973,65.06643222183092,25.55053554902063,0.0696147465099771,-0.37651322237431,-0.0202631221887993
0.0004274966358278,-0.3284503720856823,-0.0177436467636658,0.138348161101711,65.98707806306142,27.98735507139131,0.0215856357474501,-0.3203330448679204,-0.04193978782511
-0.0264712297391644,-0.289684705924841,-0.0297155581559785,-3.8543224333893416,64.24348579242238,27.64730835654884,-0.0104026959626439,-0.2822833418852475,-0.0583873426067747
-0.0705847793106341,-0.2735522286848006,-0.0102308774769581,-12.48030010943139,60.18376681321959,25.27373069139397,-0.0579442438857149,-0.2710836159782542,-0.0316932122984946
-0.0941155204993997,-0.2900935977281085,0.0477433360136934,-21.57678743133111,56.23569931599624,21.97525737771719,-0.0776462819178464,-0.2773800169115145,0.0186687384222426
-0.1376225136779443,-0.3226834224010229,0.1190705518370546,-26.190729304455264,52.87625935208383,19.03061901742316,-0.105607498741268,-0.3011254936252502,0.0795058268214025
-0.172811915361936,-0.3722896315264212,0.1785308303598543,-25.78579913561175,47.46513509990744,17.80373713893319,-0.1440909986030337,-0.3568575146222629,0.1364396945489233
-0.1584926729467254,-0.452836540281594,0.1977510410141711,-23.099767143051544,41.64743399882337,17.4818162319575,-0.1368430499451352,-0.4491566382189646,0.1659667892451289
-0.1264145803702082,-0.5506885566265892,0.1742856217221463,-21.90718218888161,38.38738726926187,16.617369149128965,-0.0980868191691922,-0.5409693708102215,0.1394502932209346
-0.0399990596212699,-0.6576278913797081,0.1339708610331509,-23.178032013843623,38.93828301654924,15.342079792285425,-0.0185400722618565,-0.6401148867802888,0.0954779539676436
0.0527003040653606,-0.7638760738140756,0.0617084201559813,-24.29946077157856,42.78587238580273,13.71766827868751,0.0702725531697743,-0.7421057648830023,0.0395179973170672
0.1150274118013358,-0.8866224182386189,-0.033011375494762,-26.56998455103167,48.17103039365063,12.22635345039608,0.1378694368441722,-0.8538469107579254,-0.0594239771125444
0.1261374805419307,-1.0315829833499142,-0.1335938166114223,-33.771035211531654,54.55876567022486,10.247014050561386,0.1489982407192227,-0.9998564132530172,-0.1627606475338515
0.057208119634398,-1.2005709104710198,-0.2901013367760188,-44.28536366473071,61.91454854093044,6.532748950104978,0.0880186653310785,-1.160340056850482,-0.3084028037649363
0.0249933826416831,-1.4163301590671882,-0.4311767680620044,-55.17075271938841,71.28763553739878,1.2320477490481192,0.0560705850487108,-1.3577544671705648,-0.4630115170580693
-0.0185663163972232,-1.6351482589733646,-0.449264187697225,-62.85045045814268,79.26701588436286,-3.445623373040537,0.0257167997492789,-1.5611506659357832,-0.5064756836624833
-0.1342234045804723,-1.868542637205339,-0.2951533254650011,-59.39766699570303,73.45380410135286,-5.6275224139304605,-0.0406990957076592,-1.7654029690474444,-0.373185157171195
-0.3374406547437944,-2.0751125453025927,-0.0009117369258238,-27.04525764525095,48.97545574690884,-10.605752459151828,-0.2267798636047644,-1.9421441418852767,-0.0835355692110674
-0.6068398972256122,-2.050038293722282,0.2325589258503453,42.49504722619275,20.54277080351333,-15.744380421747197,-0.5245652201817865,-1.9257261940087145,0.1747262330482104
-0.577958843701339,-1.8247677013655104,0.4295185095516529,117.45536595016962,5.583785967996605,-11.43983636537203,-0.5273156090131563,-1.7440928608707915,0.3934195485457652
-0.2593003171703325,-1.517187549923309,0.5523536720699624,161.29459853541732,6.209487783759383,-1.960298941481152,-0.231044631233631,-1.4846247701577568,0.5269008941469875
0.0369224776020596,-1.150057002277319,0.4193844389249899,166.65473059667468,13.997723239906012,11.656631163964748,0.0553807027976163,-1.1602077593674047,0.4045926678205522
0.2046163209530175,-0.8929152555847024,0.2545440501236395,144.14662904729897,23.97251727858705,29.547276281241,0.226049941715325,-0.9139690614072808,0.2273863618440248
0.1472037787463064,-0.7841074036568171,-0.0337863389519147,107.25380282205816,25.48924069993427,42.056245225598325,0.1914030622449021,-0.8095800147246565,-0.0692986862483264
0.1491156163304885,-0.6984526121871693,-0.5654015674583117,57.974704902126085,12.185690948548682,47.21330845050559,0.1805476824596765,-0.7164419360834082,-0.6127638913709493
0.2373288859373432,-0.6301576064745594,-0.9098084090880978,9.822021737619412,9.62767917142268,48.430791844266096,0.2277649206706081,-0.6184445514323085,-0.971620007051065
0.0710500306822441,-0.6517635722979863,-1.0593499105280464,-21.062648080611773,22.97090206125788,51.17723155356682,0.0797522996908716,-0.6426693094756479,-1.1101896105896178
-0.0256252328761338,-0.831365564370067,-1.1424994171653196,-45.88960989540163,25.24723356257629,57.649564885251365,0.005380447538622,-0.8003084044953195,-1.2112912139858554
0.0509587527480438,-1.1213221731489575,-1.0149798275794364,-68.12453634747186,20.71633889695593,59.65253916887588,0.0781010910812716,-1.056058577506234,-1.0929684924660676
0.010066594451018,-1.4184510235720975,-0.7429008134488977,-79.51556971916557,21.002396199148425,57.5085276775455,0.0518570820467541,-1.3587305217955503,-0.8112237768850141
0.0418983512397622,-1.646084659944998,-0.6105368728193139,-80.96712711381143,17.912539193560768,60.4295886937475,0.0926125566043896,-1.5831445378033635,-0.6774335132788476
0.1329637584083503,-1.783517095450642,-0.6739340499347367,-74.93066652183973,10.801755910880235,65.44687179662746,0.1808381104914818,-1.6984782502965792,-0.7378231189060186
0.0517091914623832,-1.9159263691365196,-0.5298892301588946,-55.41677593706757,7.561665934175729,67.41146823486685,0.1090965676370542,-1.7979059138605105,-0.6218176240868927
-0.0888076414765256,-1.960345742288299,-0.2305535194791721,-12.098120460102969,2.362244152656755,65.69779896587463,-0.0123970161281806,-1.845018033208997,-0.3131122065277595
-0.1729410622307591,-1.762879846841528,-0.1818213700605782,37.76274131474519,-15.409936625702269,52.828299224946775,-0.1032190487250966,-1.6873860171001107,-0.2216335026929232
-0.2145509303049006,-1.4488369946336053,-0.2877728347134013,62.06492035531176,-30.77343596767257,30.045352863685768,-0.1782958712265877,-1.416765072913131,-0.31850497546479
-0.2449447243589516,-1.1631014151855972,-0.3625045279009342,53.91287701916303,-27.89582690324716,5.414818314291406,-0.2288945060561925,-1.1638683512081915,-0.4008527894095796
-0.2580727019121082,-0.9415320690305508,-0.3456658964602507,27.772139384365065,-15.639349942371496,-20.108610018103708,-0.2414324486808324,-0.9389953682860502,-0.3900916221631074
-0.2909771663273469,-0.7992547742549125,-0.2623812572599268,3.0576988280917816,-9.046573577732728,-41.07874223969093,-0.2589810285928517,-0.8011467109671646,-0.2973657773220702
-0.3577715606221513,-0.7208534863759921,-0.1644371841096417,-9.718843664307627,-16.683665206685742,-52.01695868812148,-0.3110415714030143,-0.7144455017652571,-0.2049014522652488
-0.3543306027280881,-0.7014915514142,-0.0862557433633399,-11.886250596147583,-33.30782862099124,-52.303943303948685,-0.3137154857969946,-0.6687549272263897,-0.1260540930562966
-0.3214934749388765,-0.6791802301785825,-0.0476863397443125,-9.932793076297582,-47.75670005306989,-43.40734603216202,-0.2864144205316123,-0.6588094616135641,-0.0769961521724545
-0.3020205625867996,-0.6382659890032137,-0.0157900164893931,-5.0323201774858575,-56.97037617335341,-31.473444248562103,-0.2652428600400761,-0.6151793820266341,-0.0549709313582318
-0.2307715099918161,-0.5991471328502125,-0.0492993883733388,2.9138913407092177,-63.11409048611513,-21.690895866585997,-0.2098454169632136,-0.5749844703005393,-0.07697630997145
-0.141885094865583,-0.5287622654981897,-0.0773912923322246,6.737195883103155,-67.32644316800324,-16.26294039979052,-0.1352757469500639,-0.5218912011971957,-0.0991829373058422
-0.0741180301335869,-0.4594379590623979,-0.0274118839740279,6.382851111362003,-68.31574215239968,-15.63606114252875,-0.0647599243120481,-0.4409069484330902,-0.0622437301295717
-0.0368694519410419,-0.3923358671048135,0.0119126906573575,4.926574322526288,-66.89822867026102,-18.145119579632148,-0.022614534780565,-0.3737284785927215,-0.0214727108817082
0.0038611050166711,-0.3165551936205862,0.0373298801698883,2.460357868557914,-65.36319541250629,-20.72665723632692,0.0153004160869231,-0.3027148155720857,0.0097370693276231
0.0754857396453018,-0.2553046307212325,0.0200332964281324,-0.2021131618912767,-63.77535855938386,-22.01389002362087,0.0792199172098974,-0.2384329853552477,0.0007097361897583
0.0930652460179265,-0.1925878851582525,-0.0449670823329221,-6.353354435124428,-61.66413679720058,-22.941988144909512,0.1002452240588546,-0.1806035348588311,-0.0644631402829811
0.096514874932396,-0.1616135677990775,-0.096026370460078,-17.212035242380832,-58.01847469102338,-21.554780452095777,0.1051588233043446,-0.1541826022803455,-0.1205738874325837
0.1468896422209643,-0.2004521669418085,-0.1098468298454141,-33.0335144971137,-52.930646668648194,-15.768913782130598,0.1494964476886084,-0.2036151544032561,-0.1373704945758205
0.149530861174073,-0.2803148072194895,-0.090505196986886,-50.8300440680618,-48.76204562818268,-7.640169032393087,0.1545140623268871,-0.2762764535001686,-0.1260022196680592
0.123240382206761,-0.3732193752138678,-0.0641309232141222,-61.14016037840312,-45.85638181648595,-0.1944724522258595,0.1376142213628722,-0.3531444715564715,-0.0953448793576601
0.1194327096833764,-0.4779624782955437,-0.0116275906543152,-62.989346732639255,-41.69425595142516,5.2218680965967135,0.1360872992470516,-0.4507960208431034,-0.040106368653711
0.0902179645514958,-0.5754335488086172,0.0467202659369111,-61.52508366895893,-35.34426743825648,8.65680852325338,0.1066213347815444,-0.5523686815601708,0.0138607059064306
0.02951902783293,-0.6682165461719344,0.0826895595726801,-60.45639746080535,-30.449573670335308,9.293799150528676,0.0583488077393885,-0.6576814475884478,0.0566063746213877
-0.0099193673420082,-0.791897500814472,0.1359999253561533,-61.84748966938598,-29.49341230945404,7.302435882186224,0.0091298380778742,-0.7685340132529338,0.10288430107598
-0.0264615574972071,-0.9475726529757226,0.1596606809432246,-60.86583071940768,-29.95290197926818,4.822297077342739,-0.0082690698223024,-0.9103523975147731,0.127589234622305
-0.0310356413343253,-1.1088967965819567,0.0110155787112714,-56.37811468303264,-32.06207650226812,3.685933076637298,0.0052643136013231,-1.064675723199478,0.0106155607151614
0.0848646322281894,-1.229079274818668,-0.2987235128476933,-54.91050320062004,-36.99185076633906,5.598074174781827,0.1078155299764248,-1.171388542517792,-0.3016308718342014
0.2862408094745978,-1.35084126349175,-0.4632957022063741,-52.65911543394614,-42.188872408793394,8.225436786741804,0.314191127296287,-1.2833509034682051,-0.5124595149740914
0.3713151859970586,-1.5443344822332687,-0.3020589384712836,-38.41608278569491,-45.35220295116822,9.77855217858648,0.4072755599274956,-1.4522149000478342,-0.3809350304349319
0.2750918469736766,-1.7380927000465758,-0.0467810099847501,-11.395360122997502,-45.164107395832055,11.383934231982174,0.3231337532892154,-1.6389863938734788,-0.1076168747744994
