ADXL_X,ADXL_Y,ADXL_Z,ITG_X,ITG_Y,ITG_Z,MMA_X,MMA_Y,MMA_Z
0.0556113181720623,-0.1595031127576886,0.8914234964883507,-4.68730541068366,36.37636706198976,-11.976965465492878,0.0097532982131672,-0.1859592566109993,0.9163519375124743
0.0541980668030441,-0.1697490106886037,0.9130650271882964,-5.8945464939117125,33.55351443982793,-10.675378043461098,0.012095281907339,-0.1848368441241866,0.9306256524056788
0.0874926619724466,-0.149161637644582,0.9130401616834806,-5.656923433436892,29.95472522033771,-7.756437275701498,0.0345499248978463,-0.1738240307378137,0.93699593260396
0.0933875040967177,-0.1291382938644164,0.9278792215163496,-4.66160238629246,30.184051154960198,-5.208256436111116,0.0341339739452284,-0.1581188312123093,0.9514521709343386
0.1003526860896016,-0.1531679869368145,0.910498416331335,-2.7450481603597603,33.679359722878345,-5.131820560870372,0.0442894430405407,-0.1652075808012753,0.9358155731905574
0.1199058440797879,-0.1737261600916882,0.8614675254846172,-1.3519136139918222,36.54118422699951,-4.94645812380764,0.0610613292023008,-0.19354673394801,0.8941502397144061
0.0890000468563296,-0.1955173411190174,0.9125949520624144,-2.022109156876506,38.582389435256864,-5.358437322883801,0.0371861048971569,-0.2189184694343677,0.9311989724655476
0.0841070858634121,-0.2305232348083551,1.0032765159771633,-0.4259282548249743,40.060377973300696,-6.29994881065863,0.0339308277897535,-0.2355738723421887,1.014176929587305
0.0872424972356368,-0.2425912275140156,1.0304193749535904,6.510183810597398,41.99554437529899,-7.416960106569499,0.0360617484509926,-0.2447210437291986,1.0503446288556306
0.0856671379569694,-0.2237759720819802,1.0375856199818103,13.766558947673964,42.42636093766418,-10.546239185454784,0.0380671022826107,-0.2403757834044907,1.06515706765191
0.111870219858311,-0.2032367797978542,1.0151077624089877,17.90663436835984,41.036410736262,-12.55291209631942,0.0646453197598529,-0.2249035343618671,1.0419686551273928
0.1215613607082011,-0.1955301316683672,0.9726539098033556,18.54291465172058,40.80475593706309,-13.243136887320654,0.0713509298224249,-0.2116541928682731,0.9926748308124148
0.1095691178803141,-0.1813552575960541,0.9493137318681034,15.638695619802611,40.44126370299255,-14.271692197546296,0.0589025996521078,-0.2064777154471477,0.9751608769760106
0.0721544507665713,-0.1768317902627222,0.9637140224097362,11.92536364200215,41.01246573243488,-16.95379731203866,0.0269337648659312,-0.2140424589307514,0.9812927109769028
0.0627264960162879,-0.1888938903591946,0.9968871582433224,9.286687052280216,42.63320938168231,-20.180877623162992,0.0100273941266335,-0.2132040233624307,1.0029020828170518
0.0649141603039044,-0.1922468205259629,0.9836147841369488,8.331600446959422,43.39092656875092,-19.94330344947593,0.0093143993111056,-0.2090312046341924,1.009244810304537
0.0368575136391235,-0.1962066545030365,0.970174375709985,8.255209421578668,43.692800605649616,-20.414994525719383,-0.0118713794926247,-0.2182254588017823,1.0014784010524531
0.0209900758060025,-0.2167954803317305,0.9724447730422232,7.809733602312425,42.82208108919394,-21.77431789416137,-0.0251848574226846,-0.2257760242554828,0.9962830229207468
0.0049031356584876,-0.2318869921961635,0.9397790581956508,8.26244847983898,42.07424041247285,-21.42598329779779,-0.0342427954206635,-0.2412325344787475,0.9675160898786092
0.0132878183359824,-0.2232163279054522,0.9118131028201908,9.637047937078687,42.37193442144936,-21.47376724273103,-0.0332995670569021,-0.2473020060243826,0.940056792407562
0.0148884545100206,-0.2109668039844843,0.9006065703876771,10.301193002428978,43.7128218689821,-20.82255781295785,-0.0378693767902524,-0.232611482326035,0.9324187357905288
-0.0095343084756198,-0.2048817978023391,0.8925582431455994,9.858987452978578,45.61738191110112,-20.084347498278497,-0.0627380282328932,-0.2249618494848002,0.924906524615769
-0.0169231078451637,-0.2008905615842719,0.8918858949456534,9.156205972270664,46.60398533644084,-19.60980784245857,-0.0780718440545326,-0.2225861610995392,0.912469208230634
-0.0484898903787815,-0.2019099245336378,0.8981822003274644,8.754504594551445,47.91339025987254,-19.09372852150444,-0.0961733533864344,-0.2205521292390717,0.9053629861610252
-0.0607546676309291,-0.1962435950552266,0.901401025705427,8.240537884277769,49.446885745408615,-19.24513799298223,-0.1081177008054337,-0.2162768666448322,0.9157572220686911
-0.0694023640536696,-0.1805304744932749,0.9011011305556812,7.264303893925078,50.9155283139262,-19.000842492997453,-0.1253359497289924,-0.2038765068399333,0.9304583693058984
-0.117512538464232,-0.1799377174101253,0.9118903548561093,5.891252445170317,53.15137734362399,-18.584782530594964,-0.1585760584754507,-0.19616510119437,0.9334142552656806
-0.1302982019156813,-0.1886975444976245,0.9054201459792356,4.682575691631378,55.08206194000507,-17.909273298233117,-0.1740820953822177,-0.2036799225239121,0.9278923334674288
-0.1312684360830164,-0.1936526064843207,0.900796047291557,3.730757964686045,56.49724960026958,-16.91450780318049,-0.1793131542114636,-0.2158969914883441,0.9210041891863336
-0.132815286800008,-0.2015717022762579,0.8937913999896578,2.959577441362404,57.86023530508798,-16.393595218838335,-0.1767766816975774,-0.2214596597846272,0.905963317784514
-0.1208934434990322,-0.2026582941201106,0.8559319223253674,2.992989016926734,60.003489091652334,-15.951835217546364,-0.1680608988953856,-0.226257636885253,0.8881093065099956
-0.1073929336167787,-0.2161418723796752,0.8525560220541173,4.093584305565177,63.46869290289317,-15.41785317597704,-0.1589673230882217,-0.2389738085792631,0.8851005537544083
-0.0980940509265683,-0.2404725743780265,0.8782567892409943,6.297320251063743,67.36172257186954,-14.786027861405795,-0.1541036770362168,-0.2541309943614279,0.8930242917804521
-0.1233182222997966,-0.2401089120925213,0.8888414090125297,8.954052884118095,71.3138483510751,-13.700967588731103,-0.1680095692866189,-0.2628485321987165,0.9042679090128978
-0.1681982564908905,-0.2253698013149674,0.8947182219497964,10.833242271038875,75.3029288875917,-11.830073509233817,-0.2098029154768149,-0.2533916100003764,0.9174346900703412
-0.231219884470072,-0.2084400899057251,0.9124517832732136,12.291362137174977,78.51977741910962,-8.792941241029235,-0.2814607163875117,-0.2223297217651655,0.93464844090196
-0.2975108599889388,-0.1748191881071856,0.9115255824274436,14.814645580084022,80.01623168465969,-4.447957409780645,-0.3474591241354897,-0.1928651899891095,0.9312463679425824
-0.3663325036203774,-0.1254852128785251,0.8849425311728875,18.429472902398597,80.70346073196654,0.4428933243443513,-0.4122797450498785,-0.1591460291810049,0.903212160261831
-0.4199702218452156,-0.0852026980113589,0.8830919192126196,22.57629912071702,81.29065538676744,4.917830616120722,-0.4577845419925561,-0.1089990054260744,0.8921124005647738
-0.4014699208590479,-0.0466923775151467,0.8679320052590256,26.841712759141508,82.0317178461575,8.534935101304866,-0.4485939181147331,-0.0633873439580545,0.8811314716910752
-0.4025378668426025,0.0040456881417058,0.8408255675656215,28.39800509968376,84.34629811098135,11.119838578131372,-0.4562351550168367,-0.0183040935464457,0.8601542738617028
-0.4230192472052821,0.0367530516706542,0.8459605052269967,25.233620551245316,87.84107465821933,13.208550687885758,-0.4745823853047292,0.0164772272920647,0.8620133538948795
-0.4177328448912856,0.0453975874675008,0.8654178484997026,19.17083922764738,93.61243176320662,14.603558264590324,-0.4760474078535558,0.0218461294462011,0.8796084285134015
-0.428280348980887,0.0449759699404439,0.8721281315535323,12.122575250133382,102.76130774400546,15.43313535387461,-0.4791074555169977,0.0151344694639053,0.8864404208301603
-0.3855766612010519,0.0245123204441572,0.8487259231233247,3.8377294128261648,113.45295312088771,16.52985274479318,-0.450211093617011,-0.0005868274553253,0.8634725625745229
-0.3489619595296762,-0.0028126882749009,0.8313187641029571,-5.927741656097233,125.56832858200754,16.728911800883388,-0.4234058370245036,-0.0277600593450652,0.8423803151699157
-0.380540357687381,-0.0284248991578828,0.810370402644853,-13.516635963083212,135.9815531812975,16.803179385122963,-0.4284139316414612,-0.0637706084719905,0.843067366683549
-0.3819666376096921,-0.0841340662789468,0.7783491121253048,-14.559453717921684,142.1254425395606,18.716295084027884,-0.4357887508494567,-0.1067387248609488,0.8214123358787286
-0.3464502119071579,-0.1519465494145027,0.7413356636759387,-10.19379866072523,148.58996411040647,20.585634266902268,-0.4111153454549076,-0.1612641890737646,0.7636554090068193
-0.2997755835764382,-0.2181844310824206,0.7022558266615684,-4.286257279600635,157.13864657851917,19.7765358299062,-0.3542800289120208,-0.2368310691905058,0.7245771119740689
-0.2733139155601881,-0.2882814361086765,0.7250451617136836,4.064895580024039,163.4323184706506,16.718694104475013,-0.3296665120934411,-0.2969288922538409,0.7476665251762733
-0.2825062787487895,-0.3087769771752357,0.7374275819603409,17.29148295355259,165.71538785230132,14.19696372365509,-0.3341459278155927,-0.3174374067572746,0.7523354423775113
-0.3046659160653117,-0.2711777219163319,0.6947442991615103,30.19031212007573,167.84331705620357,12.89619512848877,-0.3481213743213192,-0.299230361250202,0.7046593837337083
-0.3199000255641789,-0.2010875268193296,0.653588016168168,35.894478611447376,170.92768614246907,12.166292413415295,-0.3624455736984592,-0.2249864465892145,0.6652161559320546
-0.3177020229648379,-0.1087861944200509,0.6095633438724646,33.21212692413411,173.27938150512117,12.303104622949837,-0.3620325759717573,-0.1348933704046441,0.6312164615258437
-0.3592654138844002,-0.0284254189483113,0.5939519331317703,24.930207388961698,175.4340142192068,12.57313249804424,-0.4018826383374693,-0.0683539332374849,0.6085908505971598
-0.4398489956030084,0.0129784310945534,0.547773358386686,15.708183847357764,176.59807544457982,13.242854026525851,-0.473829084332558,-0.01867456432562,0.5644716238512573
-0.4887376603182135,0.027055039204064,0.4495747979995726,7.209112303814913,177.64618697881818,14.857868093439295,-0.5306549588838969,0.0119835985727211,0.4706846853640467
-0.5394109421230383,0.0643514908572098,0.3794766631414549,-1.9219615145216795,179.599273328471,16.407523757651997,-0.5825988408529879,0.0410432123272085,0.3846625541211227
-0.6257375849787629,0.1114706361348755,0.3224999253140928,-11.310598535852431,180.2299874405328,17.625619720401982,-0.6517359958651431,0.0756146528169864,0.3372815607789778
-0.7071456823170459,0.129863209698727,0.3103739111380598,-18.90279441932007,179.12299381213242,19.02174733776776,-0.7372792709228391,0.1041381212643218,0.3243490332710124
-0.779333867494808,0.1567780835559651,0.3176346536232978,-25.38675094691192,176.7329732677045,20.524578858404023,-0.8175428693136535,0.1217687666640458,0.307766090038977
-0.8741547653931291,0.1655417828770643,0.291841672457555,-33.58651139340505,172.9537719505039,22.771185448551023,-0.904036793740311,0.12036435550577,0.2867854627866393
-0.957923726447385,0.1170319184726779,0.2914657921699878,-42.33531081734549,166.5441430592876,26.465064387062,-0.9835086827352144,0.0920405896068419,0.2836467507783736
-1.0080093415595506,0.0680503560458087,0.291664673616935,-48.50126753951918,157.6687962724942,29.247433043894173,-1.0438864430919197,0.0436997499276289,0.2833438863202975
-1.0748660918297,0.0357356370893541,0.2946442405631139,-51.43806350910816,148.74921806003854,29.895620079907054,-1.110295644931892,0.0091487263896621,0.3009578536405909
-1.1428726316570508,0.0169534547282237,0.3440076206420934,-51.28015621469246,137.7610890497368,29.08959149158663,-1.1658496355421926,-0.0032138038893723,0.3434068846611114
-1.1827389451905133,0.0242649652569492,0.3906703066692331,-49.43117223316318,123.7642292594488,27.507283553514657,-1.2077120815732625,-0.00044613125761,0.3892417963865976
-1.203865025537315,0.0178655354575989,0.4105112341870496,-48.228861057266776,111.04515764706254,26.337725301056345,-1.2283804573351498,-0.0040756773777131,0.4091702113795991
-1.1767165054062023,-0.0127343429278374,0.4056189209043302,-49.82591932616968,99.3484471241808,25.036972404971014,-1.1959465815940649,-0.043145375854278,0.3949581858988346
-1.1397076412215317,-0.0593242851107394,0.3714700247007603,-55.52164837952996,88.21911277282557,24.46173698847826,-1.1648840346009517,-0.0910392887144726,0.3714584743323572
-1.1412287390350977,-0.1303007889668734,0.3078970281441414,-58.14875319581088,80.67318298072205,22.71290574525176,-1.1722042394742531,-0.1457853297224632,0.3141447370081031
-1.1471727719260498,-0.1696230238845601,0.2033266234695337,-52.06740660763047,73.46944281779874,19.219059683746423,-1.1704533555246204,-0.1871296774921209,0.2039373988404046
-1.1504754565612252,-0.1561081764237554,0.1248201609978563,-43.40353550835632,64.66166336969825,18.7225311434038,-1.170260551362912,-0.1692628247605478,0.1195591870435273
-1.1573726482795677,-0.1195382290502116,0.1145579362648724,-34.35070487357186,58.04707003454265,17.775007830354006,-1.1859673849237995,-0.1262649605031763,0.1056496843255709
-1.1436214280794628,-0.0651080458104336,0.1254620233722058,-26.385949501222168,54.99973702801332,14.821522769984078,-1.1762505657077156,-0.0826613570513968,0.1189940784829524
-1.0906440757217324,-0.0278508469256059,0.1781121631262196,-23.792835611653494,55.22324067837116,13.35474580592156,-1.1324571873265137,-0.0507867901175297,0.1593577237632837
-1.025028563835702,-0.0100816994968458,0.2380161400348642,-24.392708933795276,56.60296368614649,12.600976662799198,-1.074516435050031,-0.039896450992546,0.2283365713025957
-0.982587961371058,-0.0017660396866605,0.284433987615606,-26.660734207175857,58.50760860011447,12.309864195175717,-1.027684443362702,-0.0341599765868427,0.2837055146296087
-0.97212104314963,-0.0194117013393445,0.3220668767642826,-30.021708769957478,62.29569313453657,11.080324906707656,-1.0187461246188048,-0.0412253170874715,0.3018044056151077
-0.9829434561449338,-0.026164761862296,0.2840118271071213,-33.42477202341204,65.10329689814645,9.138429064033996,-1.031392181637624,-0.0502959332833208,0.2788368600235734
-0.993521535760838,-0.0145894068935675,0.2506966845832434,-36.22859669183532,63.72904243229918,7.667031285906762,-1.0317401498755094,-0.0380760602682875,0.2586460286989128
-0.9975073645322764,0.0009619498350059,0.2305720834094058,-35.72577492905972,58.772489909006936,5.434782826285591,-1.0344471200575187,-0.0160119413965097,0.232562955055417
-1.0147154658826456,0.0277873196301333,0.156144955580821,-32.172443272725175,53.30134943540525,2.7567860483039004,-1.057852973463703,0.0025715375760044,0.1489057978924509
-1.054970953611781,0.0324796393039707,0.0771457901592704,-28.58920813539152,50.49283409034097,0.0770672756168677,-1.0910248669277218,0.0106943069933944,0.0596057606844757
-1.0865874564745348,0.0204070537894989,0.0056486940143391,-27.300805777655004,49.86656799883324,-2.1287832397054256,-1.118129960355679,0.0005659515098449,0.002535973755572
-1.0884026358222627,0.0138890404551441,-0.0135740738692547,-28.79189074658167,49.10113469504814,-3.655671879511352,-1.120034664843885,-0.0105953809225916,-0.0190786866135814
-1.064732879480292,0.000751943652548,0.0122296689741257,-31.31787050229244,48.33762383404333,-5.349593010029152,-1.0997825409416155,-0.0129423931584501,-0.0025025162876294
-1.0428657728478266,-0.0026740405004242,0.0274656469965712,-32.54511768808595,48.16746871737995,-6.883660242200088,-1.0836339450860255,-0.0196552403448516,0.0198675181145203
-1.0280468072761608,-0.0066653403435857,0.0620444998302412,-31.194533673462757,48.123030532122336,-7.194487594173064,-1.067937936517907,-0.0283144504408474,0.0495294709499049
-0.9926345965154744,-0.0174614963540065,0.0938983759289643,-28.64372995492077,48.62826481875027,-6.468643235092625,-1.030462866893772,-0.0353763972824662,0.084121912891321
-0.9549533975159596,-0.0068303190227282,0.1049024664129861,-26.17587109811,50.8122033854207,-5.8370571215808855,-0.9862554891999226,-0.0345886274332689,0.1061542985393842
-0.9233460318997552,0.006120612281686,0.1211002087281263,-24.46002847657619,54.13041900701806,-5.197635658344919,-0.9556655561341032,-0.0178760320920437,0.1131500828716268
-0.886913061731724,0.0107648961487613,0.1050613954254577,-24.962966805651472,55.60387560436455,-3.4080553118167893,-0.9249981538126106,-0.00676281004087,0.0911718115185234
-0.8592677266171446,0.0041710203900098,0.0453489718901917,-27.64718877676467,54.41384263778141,-0.696820686606698,-0.8955860254946669,-0.0203788010936539,0.0463170660593426
-0.8535746168557946,-0.0405590012277486,-0.0109396930200681,-30.563176550515752,52.64540375338535,1.7676555135977827,-0.8915600798486689,-0.0567301872683157,-0.00704999946982
-0.876221559871385,-0.1015725629830835,-0.0653932100172061,-30.227587451705503,50.10703843416304,3.4564470293094267,-0.907292283406642,-0.1133755913781795,-0.064780182385943
-0.9114112792795576,-0.1407678142784923,-0.0953949409308261,-27.439124901636184,46.1452323536499,3.943760960702108,-0.9337753636186478,-0.1590964862662283,-0.0960061528830846
-0.92941769901398,-0.1611846996455957,-0.0615730191987132,-26.41695108457196,41.871134174466206,3.8520708554609815,-0.952769121271548,-0.1796358031078305,-0.0723046142086814
-0.938112501637628,-0.1803077973351863,-0.0183268509390706,-24.422735945127968,38.30666467422143,3.2048992945375288,-0.9610063989670524,-0.2000900078527888,-0.0267325837263749
-0.9770434418684932,-0.2006773973919844,-0.0009249026801189,-18.56383007702872,37.02116456207323,1.3942372340119822,-1.0067282536366302,-0.2136910695937259,-0.0036734671502655
-1.029741900866184,-0.2117539808980331,0.0056160284652124,-11.63347012768751,38.31363305996224,-0.0947226455254331,-1.0631347172115782,-0.2260275714533589,-0.0010100951665003
-1.067706767425457,-0.218510582454688,-0.0298229369368123,-4.613279592583817,40.87816905731293,-1.0835908341187928,-1.1026295434360909,-0.23660879029268,-0.0308752061290505
-1.103934485279878,-0.2304647943659223,-0.113548059237818,3.385642331021136,44.1292762099323,-1.612319616926503,-1.138757621741865,-0.2356371495700402,-0.1023256849984687
-1.1113344253347912,-0.222516093570086,-0.1756487763651165,12.22435772508972,46.1417143746048,-1.023581009359265,-1.1377495761428622,-0.2322546052529789,-0.1678278360454846
-1.0763631296007898,-0.1750333326239022,-0.2170009652233258,20.144189861410943,46.47619112114036,0.3475147767063328,-1.111482708098404,-0.1922668618078302,-0.2072852600383028
-1.018984099171257,-0.116717767571384,-0.2693818874649912,24.324733923856357,48.55204869577226,2.9988657862818613,-1.0620049223806485,-0.1354153819749752,-0.2496951272423259
-0.9707026764468636,-0.0695326940006235,-0.3130210058514783,22.1065345966329,52.57080198645807,5.671309027938103,-0.998475026485948,-0.1000139122658995,-0.310174071281574
-0.974802419080572,-0.0409684269743367,-0.3351243657538608,12.978725857708744,54.48936866277568,6.787799732807836,-0.987312675640496,-0.0734679550334301,-0.3474807830932051
-0.9970727830577948,-0.0539122402985141,-0.2989955067724605,1.369690553402525,50.9903989452592,6.9011534939590335,-1.0128946874589428,-0.0849515815087412,-0.3159930980257978
-1.0174576036514669,-0.0927760905217412,-0.2510789987885286,-5.925597823511116,42.87728415172494,6.231718835879421,-1.0465705733107389,-0.1162138652515341,-0.2586050257911138
-1.0574057892075768,-0.11441559120801,-0.2442525734083199,-5.694106960868347,34.49015284196899,5.720210513367391,-1.0891288482090409,-0.1223900212712544,-0.2320241571683024
-1.0929141156739,-0.111917326020017,-0.2515347610757986,-0.4465997224277706,28.576311447585315,6.198119123377552,-1.1145463897883887,-0.117168568432464,-0.2498219433908138
-1.1094009211637026,-0.0892233468486778,-0.2885092725721001,6.058762100281713,25.87073149306278,7.110712344788801,-1.133560295165435,-0.1003577585965427,-0.3029435195674522
-1.1331099235275248,-0.0576827571450403,-0.3694623046559402,11.313969502434851,26.132355748199284,7.972577920101767,-1.1608862083225928,-0.0763204652367065,-0.3762563633827359
-1.171830487018304,-0.0351169272556859,-0.4617321834550625,12.941604302690946,28.209519886619265,8.264704196491692,-1.184805025210499,-0.055055147933861,-0.4701917469712615
-1.178128544103549,0.0030803820135723,-0.5021094792552474,9.98960250432604,31.15006595732836,8.032065096409594,-1.2017591715158544,-0.0229484033067071,-0.5312039581000676
-1.1612246032051896,0.036047470326558,-0.5048605482469002,2.8670589771239587,34.03165547321285,8.09001837086167,-1.1907037337553288,0.0074120089347031,-0.5245186239133435
-1.133245116671659,0.038275103633702,-0.4660857146593243,-5.735119659959987,35.78582000651328,9.332645941278429,-1.147191886171575,0.0228833308360024,-0.4879202905017136
-1.0476371629546446,0.07194860552983,-0.3986774779998205,-12.342238903451989,35.18719547364362,12.47645523994865,-1.0875635408803546,0.0514928944711594,-0.4270200943928733
-0.9737924656014616,0.1140947421441293,-0.3729096623328113,-16.28307823516878,33.223372598427936,16.84181812433956,-1.0185126219654703,0.0885704209611279,-0.376284868854317
-0.9612801853839426,0.119916979749514,-0.3450498993285756,-18.05015296279144,33.37660268483439,20.716768961165847,-0.9708205769109356,0.1049490570784163,-0.3614546540038462
-0.896607944503327,0.1107677179193654,-0.3384192961637455,-17.092541607090272,37.061401162115,24.13198611207615,-0.9227449087948608,0.107282375902441,-0.3582935112480592
-0.777325443227206,0.1118412435934332,-0.3715190476745866,-12.661195813172167,42.23814296625456,28.80325064476022,-0.8195108176742153,0.1047615146325203,-0.3894361718559344
-0.6960868203797517,0.1357920621908939,-0.425391419143524,-8.379658200671239,47.35358355667795,33.78148136369567,-0.7151607234163168,0.1112296271966838,-0.4464197083998333
-0.6406187868778339,0.1509244537862448,-0.4815520558804928,-9.585486141160318,52.022380596641504,36.61120344823611,-0.6643484361863263,0.1246048719578926,-0.4821347243534991
-0.6199435979929695,0.1683744964744752,-0.4485077217205795,-16.622853422631245,53.874780290287,37.498133588163846,-0.6415845469269366,0.13101673488683,-0.4644863254271003
-0.6255595127909268,0.1778991585919671,-0.3749280805350115,-26.39800923977545,52.55451134652208,36.50123338924175,-0.6383067230316514,0.1421518595034577,-0.3943471599918067
-0.6348276494291496,0.180678925644227,-0.3258024214859989,-35.415580985502395,51.9146768964382,34.063126421238515,-0.6627956960670927,0.1545116072529807,-0.3469851184232929
-0.6945681186369301,0.2068325202444098,-0.3177331114695549,-43.5479773824965,53.4233293920429,30.91986902160624,-0.7185870401627702,0.1691867859477389,-0.3466344060426749
-0.762087563439578,0.2180468063054717,-0.354828684973976,-50.70577638685592,55.27693175604137,25.648436006937672,-0.7816286320992684,0.1839847259377571,-0.3435684844510227
-0.7948130441233592,0.2332709845311045,-0.3294383647561703,-54.092337002856645,55.61604204526724,18.71950691032006,-0.8169669736522451,0.2013490474085421,-0.3309043152510151
-0.8457009137206803,0.2638522682800066,-0.2987326907118566,-54.54932482476884,53.74545110006604,11.253542675233936,-0.8568465369187431,0.2464105671705524,-0.3257545866358152
-0.8994119815231649,0.2970662266344373,-0.3524160424152848,-55.23500755370681,49.514983585543845,3.158598588903608,-0.9100684379672056,0.2846145074806554,-0.3460647049441337
-0.9197959837227132,0.314847870271145,-0.3841695552826699,-59.40529238533871,42.61391479866181,-6.175325567378208,-0.9361594047537982,0.2884622304815671,-0.3950736033368887
-0.929167262589421,0.2805242798431993,-0.4051783252798465,-68.72814430974128,34.19501104714603,-16.24166166110475,-0.9396512528463712,0.2550337756726208,-0.4339104125185861
-0.9337578788478286,0.2167467692008719,-0.4086201377340461,-81.83794936177098,24.56285359339548,-25.683467692842736,-0.9450931015474872,0.1786938882169718,-0.4208084996431427
-0.9536824345393872,0.1250996801235909,-0.3370895478908551,-93.98308393651703,15.02473636772422,-34.29081432594116,-0.9731310947641798,0.0982219229273267,-0.3664767276473114
-1.008914855141661,0.0215817897361363,-0.2681013042765627,-98.98647584217689,6.72975373701804,-40.41727363832437,-1.0260685488057162,0.014580953340205,-0.2903360189232769
-1.1195209867881075,-0.0656576320520085,-0.1815157837473634,-95.71823236899554,-4.754512949886747,-46.42315751222126,-1.124315286354844,-0.068732713430047,-0.1849119442543849
-1.2515347864179298,-0.1595851185877367,-0.0821908337792166,-82.6474072451679,-19.560771100753534,-52.61061426937802,-1.2546785451566478,-0.1560299819184894,-0.0911247706545537
-1.334764860602762,-0.2356242661108057,-0.0317356584120411,-61.30355961238888,-33.94616870279377,-55.989253115709374,-1.3530539290181736,-0.2411524683696519,-0.0298422141502308
-1.4313420032252415,-0.2618271748437989,0.0154720937970906,-36.14888253434553,-47.71825449342751,-57.57859188665121,-1.4546165973086276,-0.2604243866345362,0.014711052603266
-1.5379840454561735,-0.2839142610416945,0.0231975175721622,-7.178205896704056,-60.851701945609335,-54.85449125201524,-1.5633885246220696,-0.2820734514590317,0.0092215257644701
-1.5625830677542418,-0.3001421971705568,-0.0719627138408351,16.71794243407871,-73.18175127704113,-51.861298908924574,-1.592550902085799,-0.3210884252835201,-0.072651115240316
-1.5033812223618297,-0.2776557711737391,-0.246106741387297,28.192787750893768,-82.04893164745282,-51.27939215010358,-1.5261176075464469,-0.3038682545527762,-0.239371144857377
-1.389623317664808,-0.2553191550005727,-0.4203900152934118,33.24767760971506,-85.49848311486332,-47.25069013899375,-1.4123852141031716,-0.2794676813837053,-0.4258885063078463
-1.285438194683661,-0.2177458082144369,-0.5334413385458945,36.04857482077166,-86.87084437419877,-43.05517987377485,-1.3153884395458908,-0.2385023481105267,-0.5441548731036986
-1.239278649634981,-0.144670014134003,-0.5902362222160618,35.45032709550695,-91.2121715306139,-39.68651548908557,-1.2591487630000755,-0.1625522963926193,-0.595508951664125
-1.207681290963432,-0.0905525926395308,-0.5660266468297942,30.0023827636668,-100.40489841414892,-35.37447995196272,-1.2140080500071602,-0.115192117558251,-0.5775421497836158
-1.1628105045996655,-0.0655874650166171,-0.4883270943773288,22.13022219709357,-110.07090583940592,-32.54101330452663,-1.1759447560167444,-0.0950309765263033,-0.509035820571345
-1.134046823669717,-0.0574139310922484,-0.4231794167123168,15.751877471902167,-115.75247050556332,-30.134327580979217,-1.1533961687263126,-0.0821212494151136,-0.4414215338421127
-1.1022811135358617,-0.0688243408829161,-0.3615557019576969,12.544618131542894,-116.3365423601416,-27.812581683984146,-1.1213776057938651,-0.0915409513024242,-0.3701644274488587
-1.041779225585108,-0.0670826104048831,-0.2888632085238168,12.306108011717068,-111.7744174076587,-26.01242598707398,-1.0752116659323785,-0.0932251167544585,-0.2846682626361089
-0.9474634129102482,-0.0383448997087789,-0.2059077407649251,12.1960317258198,-102.64110034196338,-25.32516265951665,-0.9932669394335748,-0.0657996768589067,-0.2007981559790538
-0.8340382422599116,-0.0239949606042701,-0.1200012245607271,9.259629275075897,-87.59981083547315,-26.91586565564168,-0.8816597172415543,-0.0507950842161367,-0.1215084914258074
-0.7815817960858804,-0.0251937765884788,-0.021656870843136,3.8196300912301866,-67.54943696989191,-29.15595646611685,-0.8329422223011325,-0.0559278435573878,-0.0309120604561709
-0.7840195312005682,-0.0402319757096798,0.0836607051548128,0.2119807638691884,-49.19585097971531,-30.10474370818157,-0.8317539094036235,-0.0716291208209596,0.0723538322118689
-0.7773074103363438,-0.0749871981970849,0.1676128676498879,1.2026431758163298,-37.30885652781439,-29.528786343546795,-0.8184900415177878,-0.0971044678953714,0.1570245795596032
-0.7572333194920301,-0.0993576573489642,0.2116560133092599,5.368975887245962,-31.084761158817344,-27.92466225449653,-0.8017666098116956,-0.1170376364309875,0.195093976702468
-0.7398518828840875,-0.1146493495088307,0.1938039470629194,10.574742408477055,-27.827061232404446,-25.32721243010084,-0.7793102315529656,-0.1302408769283544,0.1904286727109824
-0.744586672030561,-0.1249249295400388,0.14583721046888,14.151300827010305,-26.29937396509068,-21.787961574689938,-0.7755512349287269,-0.1483834956226091,0.1495132643512449
-0.7594155100208717,-0.15112003246212,0.0979258376548864,14.837725247385649,-26.6743419169364,-18.29951099165849,-0.7945916165799907,-0.1793867535488831,0.0840328607097881
-0.7834411010624808,-0.1987261031175745,0.0352133101162046,13.970290002363411,-28.080553137088486,-15.738235540727125,-0.8197722595933818,-0.2105417349234271,0.0266331424957091
-0.823079295865795,-0.2243542621542622,-0.017140115068729,13.623800602508588,-29.54772843039793,-14.108602397120409,-0.8606257485558055,-0.2406783689587911,-0.0120991672380887
-0.8686869359760074,-0.240953184328776,-0.0375553425328023,14.53375194892596,-30.886907968181,-13.412466059154909,-0.9064727915218216,-0.2664245950656037,-0.0302316863889069
-0.9113745636636608,-0.255112916225473,-0.0335740870483667,15.172574795741792,-32.431160609189504,-13.221380412522208,-0.9445227663099725,-0.2741820359873947,-0.03309360487308
-0.9461463107098578,-0.2458120418332439,-0.0175645785170752,13.923684294439443,-34.05977973132348,-12.137060576546238,-0.974564396988464,-0.2780206211217504,-0.030729365001604
-0.97936167063975,-0.2499407599232771,-0.0020352280896527,10.746019169278275,-34.0577113105476,-10.066474307755795,-1.0023498807319005,-0.2824270191699644,-0.0052204576258483
-0.985188428542014,-0.2733088561250923,0.0370251982040006,7.581584954459419,-32.14101006880597,-7.642069872364216,-1.0180831258171228,-0.2919128279581062,0.0355869270414671
-0.9738112609841796,-0.2745220673489313,0.0895797135361524,6.354671803148078,-29.43409500271503,-5.213617720628512,-1.012176331029723,-0.2961090057531179,0.0769305490497199
-0.9710741064695156,-0.2614494443893254,0.1268782264124085,7.184729864213748,-26.835909994502806,-3.22508362777942,-0.9975662125035898,-0.2783091887930443,0.1189954931572374
-0.9522671536184384,-0.2345676264698788,0.1467703593586781,9.312316868815056,-25.40296070629122,-1.1058276806453902,-0.980149570164257,-0.2510898967319465,0.1434069167493781
-0.9211744895323494,-0.1991892950676992,0.14209345930232,11.37628198674786,-24.59354821352888,1.4056495680733283,-0.9628466670263292,-0.2173754950985453,0.1477236275738659
-0.903311209094112,-0.1651255023677797,0.1453145043018308,12.280314297166788,-23.23408486688747,3.676658060752661,-0.9459748621698248,-0.1862936395916359,0.1412740302492351
-0.9041210775425692,-0.1218928123582317,0.1394781152585854,11.96029179839762,-21.1346510869405,5.671838662263834,-0.9394743165772284,-0.1563132668609555,0.1301009736708365
-0.9008756433413998,-0.104848197119924,0.1161910849288542,10.697384615753569,-18.91180133381364,7.345971242130025,-0.937421032813137,-0.127021506778937,0.1204692486658808
-0.8879029822406919,-0.1013615208700602,0.1174682432317495,9.21415996690178,-17.593748466829798,7.979233261675296,-0.9246986599693834,-0.1161371348753508,0.1094806083793552
-0.8819024568515316,-0.0949182860697656,0.1166218506993646,8.756674935389224,-17.234888303875465,7.390854322076441,-0.921068992196144,-0.1158778751177501,0.1066421429030929
-0.8852488861193643,-0.1060929563915551,0.1240757305665573,9.894707305079187,-17.883476775839853,5.695772948341763,-0.9218466117398176,-0.1212825390693655,0.1203619143075319
-0.8868544282101807,-0.1167922392268109,0.1364981110704422,12.413853877700134,-19.745958256894784,3.308201136368804,-0.91964135060372,-0.1267299483117765,0.1357200433954982
-0.8871213396086582,-0.1176226209413004,0.1490167655528347,16.265465570305643,-22.278535267070325,1.378742489859954,-0.925291890420386,-0.1222108421315234,0.1490700326541598
-0.904696737908252,-0.101132929934334,0.1698892053111662,21.23199708670686,-25.1044568857865,0.1846964239656611,-0.9340678824532226,-0.116627093084827,0.1628777548537186
-0.9178544638164858,-0.0883558561842087,0.1604609627657805,26.13651850002789,-27.786174037884344,-0.099164150444906,-0.9489716392919758,-0.1107891230046995,0.1663301226370012
-0.9317708498833648,-0.0798434149818266,0.1607275960881647,29.58337503888684,-29.77852871091133,0.6833673068791761,-0.9640482754205972,-0.1013011281890723,0.1558906033677097
-0.9550979073473992,-0.0600593320056369,0.1545004069260372,31.141007915565773,-31.127072577514,2.085282591440355,-0.9747835800089854,-0.093491356035067,0.1376774031455382
-0.9548832573964182,-0.0545094690464268,0.1193376146365638,30.93579962956923,-31.948483257275583,4.114943516457733,-0.981584405460246,-0.0850585737302195,0.1177699979677805
-0.9433207492225634,-0.0505473150201505,0.1064010261743173,29.414750801757496,-32.12364669457778,6.396619096169493,-0.980310768886863,-0.0764161601637878,0.1004876232759842
-0.9372180297862802,-0.0456636243737853,0.1011752684844739,27.39587268733542,-32.00927396757022,8.276835577705114,-0.9799793317946228,-0.0714593338927528,0.0933227692068283
-0.9400942889928768,-0.0429585113721179,0.1053031282024561,25.302491560335813,-31.891220502515964,9.337290979061972,-0.9749172650269224,-0.068744827588364,0.0918826729611484
-0.9340321000828098,-0.0454927962029527,0.1056750732102007,23.26968493735329,-31.771461505184934,9.429710589495752,-0.9647313207482084,-0.0710976608556661,0.091938151569545
-0.9226185691496632,-0.0586944391663266,0.1020641444920357,21.36712545704948,-31.7559911271456,8.73363643540336,-0.9619026529558105,-0.0744907616302874,0.1038228125879506
-0.9312386067751002,-0.0530193792302754,0.1233449075270532,19.78002666525524,-31.41711370019737,7.518714329387777,-0.9638272594437248,-0.0753300683902029,0.1197625596391034
-0.9400987748872482,-0.0473446252541844,0.1449259845708166,18.962599322538285,-30.673058371881844,6.203211043550835,-0.9719629446216478,-0.0785208691830985,0.1384480091819671
-0.9491939537783058,-0.0544872345808145,0.1613231482702655,18.931910907134775,-29.69831349266321,4.793845585994855,-0.9849643724697444,-0.0822131433537857,0.1608852653361914
-0.9596643365401744,-0.0615707372609516,0.1806562320787055,19.75215665967984,-28.18195295376108,3.4604473317318174,-0.9992143057522492,-0.079068778623324,0.1777800367170037
-0.9724632514490286,-0.0554093343039659,0.204258454798125,21.22949033599444,-26.15728935374511,2.420369269302881,-1.0195520773127031,-0.0702081714837158,0.1942066941743042
-0.994635263048165,-0.0274644775381675,0.2107024583631004,22.374268466460187,-23.762327709177946,1.592640842290958,-1.0383037753868674,-0.0620402137522767,0.1969003060602945
-1.0028331986933,-0.0132301736693742,0.2001823249918841,22.233434085948076,-21.01769734318036,1.0730374824740203,-1.0478590758450428,-0.0493090391336157,0.1880853729839114
-1.0043459013888911,-0.0036188259766731,0.203464772718353,20.23490114097002,-18.212340943837997,0.5768283972132799,-1.0548132796665066,-0.035528165425724,0.1880775957151308
