ADXL_X,ADXL_Y,ADXL_Z,ITG_X,ITG_Y,ITG_Z,MMA_X,MMA_Y,MMA_Z
-0.1111457510495245,-0.9843417384190428,0.1396082234482934,10.596661966057413,19.43775883239872,-4.839615272003496,-0.1309847645752595,-1.0105184036223194,0.160837647163664
-0.0761901239253805,-0.9871596866245388,0.0976349676217779,8.615304282962036,18.53099464668447,-4.858811476177035,-0.0926512898159197,-1.0281312004242569,0.1064337789817588
-0.0321451661636891,-1.0068909003822533,0.0546372538417849,4.32548264427801,16.759599234796767,-3.900145856338861,-0.0562198940297681,-1.0451366089775973,0.0654848050438707
-0.0148678752883536,-1.0447707573181155,0.0606278211123287,-0.1459071952939117,14.804572176968232,-2.4270417439388523,-0.0373247438982816,-1.0804647801999114,0.0778534989780851
-0.0079807298576744,-1.0987104662937432,0.0556001101332081,-3.6349863828851703,13.2839840814621,-1.294376194831502,-0.0260242062588744,-1.1325817374433405,0.0736334979980179
0.0022346620231116,-1.1538367444063011,0.0246343019964735,-7.522793427792645,11.448159105229262,-0.5651992619379373,-0.0171364671916481,-1.17818868639013,0.0372512428298362
0.0003460933697084,-1.173012020367415,-0.0014847430108353,-11.481764627795185,8.808428581723666,-0.4719727560079741,-0.0257266707714321,-1.2014208850127974,-6.576934690552235e-05
-0.0439124889787659,-1.1813696997320116,-0.0141802734426558,-13.870709436972358,5.454885739417204,-0.2761024767428618,-0.0642550015892607,-1.206993188478975,-0.0128641657930275
-0.1201865116380712,-1.1882744977898605,0.0108673946656017,-11.63567954923369,1.0464128638645764,-0.5760781467872946,-0.1303117890244219,-1.197716371277697,0.0179469079873235
-0.1681994507293913,-1.1586288714785218,0.0211629183076658,-4.191837611817505,-4.383975727896722,-1.472818944353877,-0.1815841706677844,-1.1661188648323568,0.0406750760638044
-0.2023612184289979,-1.1096655327409173,0.0536951802264103,5.011203593935882,-9.283238667703396,-1.7161640701592238,-0.2181920031290591,-1.1257387447727445,0.066049880121219
-0.2183206181145131,-1.068573811103022,0.0802924640256437,16.010364294396943,-13.591270987515797,-3.211394582960176,-0.2352674162544797,-1.0924769076456715,0.0855574368772602
-0.1567504508320124,-1.0258448951616823,0.0115614012336607,26.663263393518967,-17.315991426604906,-5.8661023744747895,-0.1778907467409135,-1.0583139801223125,0.036036742351835
-0.0960233950301836,-0.9767515100276972,-0.0526895559397077,30.159378450918275,-19.124377558360816,-6.939829523423867,-0.1135996907675682,-1.01692390389925,-0.0345967599789059
-0.0629557600862474,-0.9456072322663148,-0.0879470763922759,25.361431830357574,-19.729200493306376,-6.490897854248924,-0.0839765696760279,-0.9826596992651704,-0.0801385927173586
0.0127350719390233,-0.948466004048984,-0.1050500014233094,16.646463802989736,-20.48208311911926,-5.627655940004569,-0.0116837582285818,-0.9741968546621124,-0.0934457352380019
0.0955988073923447,-0.9598260203068072,-0.1032874668080201,9.69439209682699,-21.55068937920868,-4.465277552190332,0.0831094648953572,-0.9847978220671192,-0.0907982448194215
0.1771896209861736,-0.9647116772076124,-0.1216669053862343,7.3327113673611075,-22.155635266634665,-1.9168235547927452,0.1486551481914553,-0.9870568957860594,-0.10154607819015
0.2352888776860182,-0.9495635801244852,-0.13510242992937,8.60221119318381,-22.159835494464712,2.079022752969548,0.1951479546705787,-0.965513166654451,-0.1150250287241164
0.2532889712825823,-0.9144477067727412,-0.1577605989186153,11.59827587068568,-22.670585474658477,6.6459596452914536,0.2342323011668351,-0.9375098424327628,-0.1370601932718044
0.2782074504722802,-0.8797822588921604,-0.1767578769728575,13.41544274734642,-23.621308037930294,11.508613103048512,0.2563237418126094,-0.9098575505536056,-0.1599832843703804
0.2809087899316258,-0.8410997750786007,-0.1768962274812121,12.996514544169685,-24.01609612353867,16.052454279842504,0.2569587337342118,-0.8733685541870688,-0.1611680709055843
0.2662493565041472,-0.8126868925738887,-0.1696624354761664,10.707759306155722,-23.315043777716955,19.46883889096132,0.2489524156887925,-0.8435406690630632,-0.1454858086165785
0.2705244036745158,-0.7978239633736642,-0.1396925868342869,6.272246934401001,-21.11963929105462,21.1268264436886,0.2379852108653036,-0.8251268134490065,-0.1222189862780464
0.2770092389011104,-0.7849817561765926,-0.1107349065755236,-0.0853846483175862,-16.36817959095232,21.2019738067242,0.2405181972115679,-0.8128779380062172,-0.103611318350621
0.2732223379316378,-0.7748650221584029,-0.0888692027032255,-7.837368108211491,-9.84094346659425,19.11233226877588,0.2491675946684488,-0.8091314277423869,-0.0919792704085886
0.2803252149601554,-0.7777653935575686,-0.0892797970455255,-14.932953892603315,-3.3007569641686594,15.681750679948824,0.2542280475022954,-0.8167913902006122,-0.0827692154028164
0.2962511000475978,-0.809493578219344,-0.0930078401687056,-19.460363120913904,4.13694332672232,13.232690504354329,0.2597622993523626,-0.8405431403732642,-0.0741776973999509
0.2794401535500871,-0.8504750256416752,-0.0772606667346713,-20.74429304988337,11.222165345537425,10.26615369221071,0.2451098937506881,-0.8789298234449519,-0.0679077730533798
0.256286774472122,-0.8945076065667275,-0.0805580137768709,-18.834784532810374,15.401241880517643,6.49853273675692,0.2315595167505575,-0.9221005276858129,-0.0665583953324425
0.243873564159512,-0.9415494144060012,-0.0868620337112608,-15.86020120435699,16.917704489951483,3.3223171011114894,0.2196090300748702,-0.957627918483268,-0.0722087250282011
0.2141161613881044,-0.9823256139583276,-0.0902903113909599,-13.087231889930786,16.182814576553028,0.6425774854982471,0.1846275729305694,-1.0005231732364634,-0.0846675546050778
0.1733822679049081,-1.0242471222689782,-0.0872644510819554,-10.505044912749746,14.52298757768216,-0.7284904015859638,0.1510075271042472,-1.0550745125834329,-0.0853374892996309
0.1345314408787252,-1.0745134873223188,-0.0845958100822221,-8.293038567583025,13.508130857488066,-1.526592049281401,0.1152158033650518,-1.101526349564545,-0.0777775137258353
0.1032918806504621,-1.1229696904196071,-0.1056163855646561,-6.478019336369902,13.636351483575762,-2.524533485456839,0.0755289850973648,-1.1391604525456096,-0.0819872836413841
0.0529489789427742,-1.132200169205208,-0.092118827124048,-5.23047727160161,14.85499916274756,-3.6442569191151866,0.0359150651839361,-1.1595900571510718,-0.0802523602988528
-0.0050506979784339,-1.1244041141907193,-0.0639746634909561,-3.4031167512791014,15.984976775108796,-5.529243870039991,-0.0084957488802524,-1.1570008726910073,-0.0638525856268373
-0.0168882258528567,-1.110738628014626,-0.0632145571204216,0.0606108313738207,16.552411759113607,-8.141321988419183,-0.0315640949922831,-1.1335341422313436,-0.0437898595446201
-0.0116872485228792,-1.057906503092362,-0.0376560706162989,4.776133256139135,16.755458139062284,-11.167267298776244,-0.0398257965639433,-1.0860556411281044,-0.0194798641190314
-0.0205540589533311,-0.9981964652096362,-0.0013701230657882,9.535809218111952,16.203500980634654,-14.063520484129786,-0.043495199161402,-1.0241708828860394,0.0027850563806939
-0.0172455087178774,-0.9385546972694668,0.0111897741122166,12.573758426319724,14.26489835491117,-16.744198974389874,-0.033871103816183,-0.9629351406090938,0.0198151075003416
-0.0001674957974523,-0.8836245144986354,0.0135773037911254,13.26651189114156,10.91175880966853,-18.908373244558767,-0.0203251353846162,-0.91248473518569,0.032241130716867
0.0166239389888669,-0.8441995606656282,0.0259293350058754,11.684185421582612,7.102767932587276,-19.886143591296904,-0.0015864721349648,-0.871456643066873,0.0377278119232387
0.033618361631277,-0.80508457533584,0.0334231313915039,7.9628094690627,3.4016276522020577,-19.879821990778776,0.0160438726361188,-0.8400350818424193,0.039060320246925
0.046529070787084,-0.7918570235434447,0.0168177755539829,2.9397965763813905,-0.1686765212579682,-18.89616057619483,0.0225037975515631,-0.8247601167409625,0.0364079914855212
0.0482922656934867,-0.790172560803351,0.0113282960671967,-2.118543110247111,-3.807926562352269,-17.07380849222569,0.0259502109338111,-0.8250730348704953,0.0312478543482112
0.049801908685701,-0.7963431901250768,0.0164905047262882,-6.130217001273495,-7.660874591851517,-14.798340764085646,0.0271264395188266,-0.8347387153076513,0.0254631436029169
0.0608852221191639,-0.8281963736078032,0.0120076333770758,-8.54161251131465,-11.117154438765048,-12.413603553980517,0.0306336465960922,-0.8525639485876879,0.0208148517559531
0.0687160149552118,-0.8452953178770601,0.0090581242811201,-9.135168916708034,-13.628241024523678,-10.382911617435,0.0401286193380483,-0.8759593143749512,0.0198015002260099
0.0740300361602624,-0.8603233768601962,0.0094407825846818,-8.518253438568442,-15.24786420652925,-8.701001080867306,0.0469317717250714,-0.8971203577470689,0.0198710220571506
0.0799982476806594,-0.8880677243745212,0.0093044967673078,-7.721170960983719,-16.379139082080442,-7.192686320073545,0.0559271736082061,-0.9125163464945176,0.0184380538377294
0.0837685352056274,-0.8968790403251343,0.0082755675236938,-7.359553444484705,-17.236141374648014,-5.851256070648261,0.0665741311827412,-0.9201496927534628,0.0181711180344451
0.0974213978890898,-0.9069665866463325,0.0098255324042433,-7.574843288461991,-18.014565443398716,-4.81300359430671,0.0724912263281717,-0.9334501103474728,0.0228706569811123
0.1045957457592308,-0.9196662785621724,0.0092884761735425,-8.1491333944196,-19.162891791138893,-3.965521848776835,0.0770573615782771,-0.945891926025345,0.0240890460644957
0.1041029734809164,-0.9208856250162732,0.0089279769585242,-9.05737110524111,-20.57132825448462,-3.009394999575023,0.0806918089351971,-0.948325009073802,0.0186521085467632
0.1099760792830509,-0.9394902904490544,0.0101067056565325,-9.794933128101302,-22.133815979724968,-1.9224158470874104,0.0800998479264384,-0.959935214683012,0.0194610452897675
0.0946767612645337,-0.9550020604847628,0.0056928480316913,-9.566668033197118,-23.75850382747528,-0.7032813690086981,0.0699328929854126,-0.9703705542155524,0.0231425699985912
0.0741846765819891,-0.9535227854368308,0.0007157905267363,-8.673501668294174,-24.931272663726936,0.530583927785868,0.0582385023683405,-0.9794017558951396,0.0192727514586726
0.0639187602851957,-0.9655137216638698,0.0023266965659743,-7.609135279786772,-25.69353537449169,1.423784251135816,0.0446888168424316,-0.992738840383078,0.0201589429688317
0.0502549088328205,-0.9794392193724684,0.0183854191110033,-6.105156355069061,-26.269728925922223,1.7620104800439482,0.0310007727480357,-1.0009423721504185,0.0310637918260917
0.0523293986190873,-0.978683568160712,0.0208891401313425,-4.0385686602573685,-26.53159465202489,1.6975654443113626,0.032716913685017,-1.008377198663796,0.0363848845337878
0.0566216933002629,-0.9729986440008752,0.0172762066351571,-1.8036835757264984,-26.27087409647125,1.4509355259632235,0.0347177365749244,-1.0060789066250817,0.0436126180533086
0.0655772715638988,-0.974287212113529,0.0397478819098473,0.409648983030159,-25.447647340899124,1.238066302449399,0.0385627628473575,-0.996262557630045,0.0496321855562996
0.0788627018230799,-0.9611492421806056,0.0326102028615432,2.245479799265204,-24.31304160670203,1.1759016064510686,0.0552363798750918,-0.9820488689412932,0.0366330285236712
0.0770503452562422,-0.9290690863888312,0.0146600870139655,2.81697799775337,-23.17580734273229,1.220403134551954,0.0627697840248428,-0.9584525791367196,0.0333489411306961
0.083947665668313,-0.9122066640094578,0.0328395586102446,2.404468325111212,-22.34339654418101,1.6718555934912938,0.0576013173170205,-0.942950529819445,0.0453556321051417
0.0790636347321905,-0.9071471288874862,0.0436204837466509,2.347748459510902,-21.972100094343173,2.420686246918194,0.0552114356332704,-0.9378184579855268,0.0532859701598881
0.0731283115854798,-0.9035396101929992,0.039313378857895,2.8145757856063938,-22.14927169280746,3.0397677176786706,0.0530417271188432,-0.9309101753912414,0.0553418079293816
0.0808019959279215,-0.9068577400826162,0.0265862384632587,2.9697731438728825,-22.76208389841883,3.693483076394624,0.0453976239485221,-0.9280419901584076,0.0429218286166303
0.0701084291426702,-0.9149555799432536,0.0235812684582469,2.0770547844276974,-23.59827334747917,4.294753175289602,0.044312950469793,-0.9356157395047248,0.0337410506395543
0.0796428819215434,-0.9215212104583131,0.0195451405136087,0.3208589258717891,-24.546893564461385,4.56220257403415,0.0516593210262031,-0.9479515815730096,0.0281807523801398
0.0947543072723548,-0.9333977327629436,0.0010793669263352,-1.3295150304031886,-25.04537325927649,4.52343160953304,0.0619510593055863,-0.9588893965000482,0.0157495687217058
0.0881074861579925,-0.9478488248207664,0.0078538428920453,-2.347917590477409,-24.66521890217546,4.211925651929636,0.0633793044547273,-0.9671306478890864,0.0149932405938571
0.088585021734767,-0.9537607011554418,0.002882788321993,-2.438189709211507,-23.85064592739536,3.652567365522749,0.0545705594513486,-0.9771762874458262,0.0151009235297236
0.0833279405862328,-0.9628031430092154,0.0058724239563984,-1.7879558935903117,-23.269121577831328,2.975071876060116,0.0576588684932188,-0.9846498477602564,0.0176870278645312
0.0844668701424734,-0.9693729587449972,0.0320448544270744,-0.7134857928774734,-23.09728736197284,2.407451816452136,0.0581753051640861,-0.9873936042040016,0.0348622429189302
0.0838106977984953,-0.9730084949510244,0.028595956592945,0.7459721848678676,-23.378558286259675,2.310638174821784,0.0536900200126423,-0.9953142504032022,0.0493936012811896
0.077250920002137,-0.9716726291649936,0.055594904726534,2.2038356130134344,-24.320415901004186,2.774889455127099,0.0569521864268453,-0.9931090285989512,0.0658131614854288
0.0796608050898235,-0.9649407416151632,0.0742946236972287,3.6258338105486967,-26.04238086882156,3.437750279237964,0.0535629235901573,-0.9832736621389916,0.0839076470730348
0.0640541647603909,-0.9577171627890728,0.0724996274149051,4.777936328881489,-28.310090343259144,4.596587996912995,0.047383781631404,-0.9832546427363236,0.0922434395791808
0.0617530053669697,-0.9385789657465904,0.1035968751246989,5.360445878181914,-30.445551230916,6.252296385899792,0.036584869423073,-0.9746854687272356,0.1040841608912902
0.0573747615853671,-0.9432729704290364,0.1012116943611632,5.442171404299238,-32.30457064085059,7.549720303441866,0.0243933671173731,-0.9698959482747443,0.1171818769291014
0.030511694047337,-0.9612922394450968,0.1160361868675159,5.226660398167861,-33.67569458309416,8.590993682056475,0.0156405485131673,-0.9819602601124712,0.1297734915301007
0.0331912209680644,-0.9716479459888704,0.1466929199977986,5.405038951251266,-34.04486660269275,9.37380286983409,0.0115445119160003,-0.9980322050194572,0.148806648199247
0.0527025676896272,-1.0012303661890212,0.153442052712191,6.054053318903512,-33.6903062169234,9.555574969764628,0.0268944612886481,-1.028023790463113,0.163263939016967
0.0785415125467138,-1.027235733075255,0.1770700650811238,7.3497225258587155,-32.602822795942885,9.265625525329757,0.0467323057289851,-1.0588334815355631,0.1743446765784877
0.0958957152468764,-1.0481765877365234,0.1695056364298655,9.594454955827848,-31.095155214979115,8.418802497189606,0.0596493930397031,-1.073138389985346,0.1840067992963064
0.1023675662343602,-1.0591195763646255,0.1588339105230897,12.401850226935796,-29.978471376317746,7.445414781868269,0.0689960595015998,-1.0822673687052484,0.1816937867466094
0.1226253377048676,-1.0489666939913476,0.1443630600798731,15.420511138684374,-29.38424711903416,6.664859517978906,0.0840578133517794,-1.0812954802461143,0.156361794792941
0.1384551061293879,-1.0340974360785835,0.0951866396682101,16.884616618912528,-29.07360248931672,5.738357948282964,0.1088356056915432,-1.0679932515099937,0.1153525638611404
0.1508331974334549,-1.0238419952769644,0.0664234695270993,15.243868396959511,-28.165710384021757,4.526794842438102,0.1219636434613053,-1.0616470568378715,0.0795785483684218
0.1558281464811146,-1.038854207314836,0.041429443840646,11.421987588070529,-26.638348984129298,3.018205490216273,0.126521430864742,-1.0705484747700629,0.0548545494446659
0.1492929740634881,-1.0601160356777777,0.0196240302709832,6.490046370616957,-25.35175359910079,1.5987025863037865,0.1232930421220688,-1.0930327184041342,0.0370434164896387
0.1433851047014878,-1.08643717568676,0.0032014523264535,1.1497917594377771,-24.01438775985961,0.607952201007166,0.1129643372617275,-1.1272269605558882,0.0124060233600985
0.1428166056298334,-1.139676698812642,-0.0374233002313831,-3.385903917998825,-22.307123586167062,-0.3503963164465662,0.1178650774137373,-1.175119520502414,-0.029379575062561
0.1543511490141392,-1.1910037530337358,-0.1025234927595819,-6.280661516761473,-20.25458612654121,-1.8345947083860357,0.1250961947145759,-1.2218769154836728,-0.0878354935307755
0.1606497900159411,-1.2175110740499102,-0.1747439259516459,-7.733451187923559,-16.944229046597897,-3.997554613370157,0.1287801168320965,-1.2436576956308107,-0.1497047709157988
0.1549527415947272,-1.2135053578140031,-0.2065418393178643,-7.129415528636018,-11.067302202730998,-6.874872340442433,0.1297871336041929,-1.2402873148886928,-0.1804927741220525
0.1410166279824915,-1.191896583419644,-0.1809347542716461,-2.660118676004699,-2.9421121840995794,-10.587487770080378,0.1129952864935,-1.2125897414259812,-0.1618278632183745
0.1143374028779857,-1.164229808045551,-0.1325999136084469,5.498256767483071,5.060262275845047,-14.679582989369788,0.0890200550870592,-1.177217824263048,-0.1229495213890158
0.0829736227178151,-1.125009062892742,-0.1024331031727825,14.935409354143694,10.69642664685011,-18.064834820091782,0.0607854849581663,-1.1455768585592463,-0.0938795928238625
0.0431752318624016,-1.068535718022817,-0.0900773796779107,23.01980260610469,12.531394840329442,-20.070144414677696,0.0229028109938026,-1.101200222001451,-0.0791867159672174
-0.0047177307055535,-1.0061137199038803,-0.0928950922946288,27.430458933001105,9.600521873797458,-20.163868262505908,-0.0183418592579801,-1.0439778826590227,-0.0835964783964734
-0.0399310402677219,-0.9431449338644832,-0.1153129182373083,27.12795654834203,2.6815537535998635,-18.058425605842537,-0.0464303094774107,-0.9764633101722608,-0.0983936908244837
-0.0554657738404933,-0.8615275031985724,-0.1325301054197946,22.861405716740308,-6.008735649754229,-15.021219953065533,-0.0610583058082068,-0.902517729265847,-0.1165252350938818
-0.0685566325681867,-0.7893476146535116,-0.1505828344375812,15.895254141540082,-14.94779132870076,-12.089659443741205,-0.0832714512198581,-0.8322043284556176,-0.135205622488015
-0.0848362656540247,-0.748443469263614,-0.1677630407013267,7.804316311725403,-23.20611542982173,-9.293229883642416,-0.099972223116891,-0.7790548027131037,-0.1425570676450981
-0.0905496315610921,-0.7238360312759815,-0.1578292009040121,0.2198893346922518,-29.123548499806653,-7.101062007104782,-0.1050653534455069,-0.7531797052145581,-0.1447801863665623
-0.0856741958315648,-0.7138875876492703,-0.1591018545304631,-6.695249272666182,-31.989669338876336,-5.501138291828269,-0.104628932216505,-0.7406241835871306,-0.1549686416360617
-0.0665404898829103,-0.7163062362147633,-0.1966068180009493,-14.278808832271404,-33.06774463763093,-4.243186255476627,-0.0804847108611189,-0.7435099854317379,-0.1837930517253868
-0.0284476775975752,-0.7335002385930212,-0.2287540624729337,-23.345833474739184,-33.67393175141441,-3.522657016809452,-0.0416139731794474,-0.765401197856891,-0.2157504314014259
0.0116703707795076,-0.7662578719805204,-0.2406781376658864,-31.914670356206944,-34.1764561346528,-3.1805748195499723,-0.0046351655720451,-0.7970158145677213,-0.2291671582283366
0.0507685721935209,-0.8161457357335089,-0.2381023587031823,-37.03625476393517,-33.4277455585283,-2.9884554522672526,0.0341905053155289,-0.8505171038397827,-0.2328468642746942
0.0973211365294615,-0.8875315944909045,-0.2382039878387438,-37.896328976685695,-30.530338590474766,-2.772754731200802,0.0698574613473601,-0.910478410055962,-0.229708662464686
0.1357436491693628,-0.9542140382444292,-0.2379955370128355,-35.524773916431656,-26.432174827984603,-2.085080928127759,0.0990576149853888,-0.9595066565857598,-0.2239591417605186
0.1604051780206823,-0.992526772119212,-0.2341311820535377,-31.33487112128677,-21.7801358211434,-0.4581231523483164,0.126766779423605,-1.0135617294519057,-0.2194924114837826
0.1853246841207518,-1.0282337529983343,-0.2320261352989339,-25.994047378629865,-16.49056264824155,2.096546194909578,0.1549757541655836,-1.0615917896400773,-0.209252347802658
0.2087810903383286,-1.070620203195931,-0.1966371906979606,-20.04227357182237,-10.277564012994386,5.2989437047878845,0.1758790076973278,-1.0931675096908302,-0.1891121478637789
0.2270166874925107,-1.092170989566123,-0.1676372420320721,-14.439851012274769,-3.217284747232483,8.63593701228688,0.1829806893509261,-1.1162192919053062,-0.1632620115452139
0.2282683585462033,-1.0967969495366072,-0.171151214217664,-10.054232705863123,3.2265935367883367,11.353475320732594,0.1836042023130095,-1.1254360466875504,-0.1446110455018097
0.2155553172220717,-1.100555415019649,-0.1760500059483334,-7.139449294441178,8.189477452957348,13.10682951547663,0.1830090311746161,-1.1219047260842117,-0.1491890376108281
0.2080700353346246,-1.095881236088477,-0.1850742797310848,-5.100505256768636,12.74558215602297,13.805416624363575,0.1751482319895177,-1.1118935296162116,-0.1701116116288839
0.1881663747847793,-1.0786080314076831,-0.1936270251131701,-2.6807710333497043,17.798236739862084,14.034713252164156,0.1535786143319825,-1.093065109391019,-0.1759397773998911
0.155228565059688,-1.0506123835197096,-0.1980493417949357,1.6769509774207298,23.121637252440685,14.23549302909736,0.1261191999072153,-1.0660219000749205,-0.1688852949677123
0.1198881843642195,-1.0026372140606918,-0.1710624008661628,7.91254610077865,28.016953606087636,14.099407505461071,0.0979287540344386,-1.0262958183275583,-0.1514897549436353
0.0833327215286091,-0.9438788925464616,-0.1313278009617845,13.867829831115396,31.841717022568947,14.03778378798212,0.0668790852325035,-0.9713594881061012,-0.1233203028284905
0.0529985024917582,-0.8909267413839421,-0.1138431649666109,17.06588444175299,34.4892882189608,14.141713715803464,0.0341386587147056,-0.9167976877151685,-0.1032896238312179
0.0190299944333891,-0.8296438408805012,-0.1008351575827752,16.325093897797192,35.9186170849032,14.37604586248648,-0.0001257044660307,-0.864403767624063,-0.087574112865145
-0.0055370053304376,-0.7761387078256516,-0.0916735080540225,12.159727610780571,36.09891044941632,14.835518800924463,-0.0275142209609199,-0.8148420176532625,-0.0774203757252992
-0.0239276345590931,-0.7585829930196633,-0.0772104847152322,6.163040341532165,35.51770744890891,15.08234759289219,-0.0513214280749917,-0.787600393415214,-0.0688202404648317
-0.0515841318173979,-0.7612334320821517,-0.0725602301240145,1.107054067301325,34.72073048188786,15.642410246234896,-0.0763236049775691,-0.7865667772917593,-0.0674961943185311
-0.0770714270505569,-0.7740849780615277,-0.0976151178383839,-1.6046363953567326,33.93213225599008,16.361732857657916,-0.0952448453194459,-0.8021495950261737,-0.0875597603832391
-0.0922730524137229,-0.8036245308417344,-0.126151925072333,-2.7999909297180805,33.86270249054759,16.199013909538838,-0.1081096273845695,-0.8324682130577339,-0.1077448575670836
-0.0991534732325547,-0.8585447895580917,-0.1292442841614067,-1.567863335203823,35.000722267609575,15.550860055727163,-0.1149551113989086,-0.8818173317696123,-0.1106669176678808
-0.0950226845731091,-0.9206990564869322,-0.1158772442853419,3.159997143640738,36.50658355102326,14.720833366108447,-0.111097924860462,-0.9387634898248428,-0.0975163758226428
-0.0493881699321914,-0.9731927687228747,-0.1037690701762354,9.917220486186697,38.52173010849554,13.124534593788084,-0.0798537110535931,-0.9907969565336046,-0.0864249569949293
-0.0068879919949126,-1.012725047788031,-0.0778513065931752,17.287999295330213,41.69177315589785,11.023099978201456,-0.0372602229290996,-1.031410658654539,-0.0728433809458735
0.0008630414069648,-1.020245887209145,-0.0660569882418773,24.589656577564387,44.050162762392105,9.197808296660265,-0.0131560335380688,-1.0468494818640903,-0.0526969102442202
0.0203091508632483,-0.9991524033602802,-0.0777324333416461,30.138316860684508,42.5242362391204,7.58975426240938,0.0048682303338186,-1.0298180663630108,-0.0534856465666611
0.0290130750167546,-0.9601627090851088,-0.075349616513257,31.47865142185106,37.44037757020553,6.34734435834046,0.0162717692250383,-0.9826938681081852,-0.0598946318759937
0.0341014959926912,-0.9190503004205336,-0.0594669522196193,29.22399744347461,33.15653292215166,5.725187384922495,0.0164322898721981,-0.9428769247809612,-0.0562460492841329
0.0460202655952325,-0.8917629707272124,-0.0443711259774537,26.049715266423785,32.528897935087755,5.346550603600075,0.0120629990548486,-0.927789776581908,-0.0481297024521637
0.0361959990264302,-0.8890774758903308,-0.0312424288838726,22.46557904878612,34.7735018921982,5.293476601072714,0.0082628894749825,-0.9228822880130902,-0.0266065124386534
0.033604045844092,-0.9105151312110792,-0.0021278091364076,19.23853294714433,38.22215703835815,5.342927992013996,0.0130871741795111,-0.9375742771564396,-0.0006975032970305
0.0382254060499869,-0.9302285795554512,0.0253168477737488,17.433008305811622,41.58631990847231,4.800484020935967,0.0128049569122735,-0.9522904261401868,0.0328766021079858
0.0287156716620688,-0.9428656668162612,0.0449911505577812,17.37470378711753,44.000528250385706,3.748305487837319,0.0078223022793098,-0.9639635603118638,0.0689848876422019
0.0173457718516693,-0.9468732121374024,0.0465153490677113,18.181367094779432,44.332801094478775,2.8316160178792367,0.0072309487422988,-0.9787274082268578,0.0613368165416625
0.0164499502330351,-0.9579164108953722,0.0071524984142087,16.816051622090594,43.07229297686873,1.9507094461199512,0.0012626612689012,-0.9833396929910097,0.0237337022470099
0.0156359659466356,-0.9770405478794466,-0.0104972316287496,13.187728692623685,41.94667261416589,0.5762148032275667,-0.0045819406725152,-0.9958242179451614,0.0050307566507823
-0.0002711936629151,-0.9639511086510308,-0.0023291842032428,9.130374551754386,40.58626135789997,-0.4568476334666383,-0.0171780718185094,-0.9913598351132172,0.0085572775883072
-0.0208339093961339,-0.9372258140675076,0.0172163807202924,6.117303690173172,39.188845759988695,-0.4596561549249289,-0.0435540524819544,-0.9603514327749548,0.0325856826147831
-0.0350055091375179,-0.91503750168694,0.0421254260321993,6.642011272821241,38.66342262558836,0.1814391458062526,-0.058349595286819,-0.9363271766317556,0.0522474369813827
-0.0349611612313778,-0.888458654414348,0.0420683454723678,9.554712085626134,38.56863865835691,0.8815101811709483,-0.0603846209295287,-0.9152336640845016,0.0571251211705853
-0.0287031459871264,-0.8678996289969252,0.0592079829438955,11.50832873062798,39.04409795487614,1.3634920352308464,-0.0590981308406104,-0.8947809882487439,0.0671315706809031
-0.0311501394162154,-0.8443972763453623,0.0745719151797601,10.66978837691464,39.6168969638498,1.9181726968693085,-0.0541783056492561,-0.8801675081519093,0.0713423352756787
-0.0343406833814815,-0.8307665185025253,0.0817349210255221,6.094782556072855,39.66084247642698,1.9782982081160911,-0.0561011304193581,-0.8740807937509799,0.0827120025622868
-0.0388191325546386,-0.8429364287769312,0.0869955398389474,-1.399914482520466,39.791968006201344,1.517400709321502,-0.057726093937327,-0.8801063023601725,0.0884200589456715
-0.0357377285099407,-0.8662500375875104,0.0542993771259012,-10.529929266554069,39.70771689251572,1.2064928968566764,-0.0570268492226619,-0.9075310984782574,0.0648547655261369
-0.0289678742029156,-0.9114528585986532,0.0429818931369,-18.6571591885028,39.58976321775913,0.6713179138336941,-0.0607431712706955,-0.949255826181717,0.0531703009006044
-0.0495371783248823,-0.9699309282841204,0.046843726776083,-21.906547636498125,39.99878636613136,-0.0751278707972949,-0.0672636159445176,-0.9889605864547882,0.053963570781596
-0.0712124054031331,-0.9939945279619542,0.0434711234437939,-19.235265462507417,39.69490923373415,-0.8210915308795963,-0.0847340930226967,-1.0181444232629668,0.0532382056346481
-0.0839226941025066,-0.9897720618375628,0.0614401202930887,-12.205827419693136,38.18460118903969,-1.424626560037227,-0.1073652794300419,-1.0198724027651536,0.0634393367446395
-0.1073674887170458,-1.000540653986624,0.0642746964182883,-3.3412882555308667,36.02149871081719,-1.9449896382674317,-0.1227284636733633,-1.024360324810265,0.0719141177072321
-0.1146979581861768,-1.0096196127058437,0.0657302925559421,5.164316396028507,33.51269520046368,-3.0480204814844547,-0.1259137968905485,-1.0416776037585511,0.0722174264786711
-0.1170661083608926,-1.0019125942983826,0.0728120224389394,12.22872051684519,31.28816046648053,-4.659241396667174,-0.1299934037378805,-1.0394322754229202,0.0714703564506344
-0.1175566343336015,-1.0009772588532884,0.0681114478546427,17.922714133883993,29.205486755019795,-5.886133649046902,-0.1390614012860006,-1.0325691336412008,0.0718445503795374
-0.1006883331057225,-0.992665749982141,0.0826853222528501,23.062227111508317,27.06321260332128,-6.443990087544175,-0.12797057855906,-1.024139062327005,0.086197506321443
-0.0926204187880227,-0.9803551106646766,0.080381648754519,27.16190815484191,25.001762965136763,-7.051348694663916,-0.1126629511505099,-1.012324338893849,0.0920700697691715
-0.0730511427324559,-0.9784468233294092,0.0459181233220985,29.234428655696828,22.48206674765369,-7.734026975336687,-0.094939879179,-1.0067997439376837,0.0631379394064507
-0.043913951975767,-0.9712127908608948,0.0563332040130593,29.190878760229744,20.1507870844474,-8.216368395246356,-0.0656345324900828,-0.9994755296222858,0.0668144512590024
-0.0328198088975986,-0.9684497003174508,0.094742197793756,28.54788961249344,18.872438076289225,-8.473217197626798,-0.0579207658512243,-1.0025561074985767,0.111547718825013
-0.016683044321332,-0.9917517697679348,0.0965265416310102,28.91896942144448,17.96889034278261,-8.154942094790218,-0.0468564711711789,-1.0270378269983444,0.1206145553868152
0.0022374238073091,-1.0254890701164263,0.0914009521520416,27.28354348669521,17.058287883136977,-7.574313305873021,-0.0137415273078161,-1.0602768382107604,0.1044486185822572
0.0210108682761392,-1.055000421075455,0.0960635716626209,21.25599429976207,16.514210638138966,-6.614300079466156,0.0071539540022777,-1.097322246377912,0.0976747395385032
0.025332690196137,-1.1140154316163575,0.0653539847932746,15.060330871748771,16.074005460007605,-5.044495661826834,0.0075282283774936,-1.148709005303138,0.0726556882521628
0.0100211669616946,-1.16339515112485,-0.0162209700902746,10.153959380786372,13.608008837891624,-3.0567545513791967,0.0011481108219537,-1.192428589948787,0.0023024863537379
0.009732330872028,-1.1720224079463124,-0.0736423842982664,3.04826457732505,9.301876831477294,-0.0752042824972078,-0.0090296736817603,-1.20827190507486,-0.0576105861880175
-0.0181874587435892,-1.1938835530760676,-0.0553486203645345,-3.283873306114388,6.559547909521447,3.901460456895295,-0.0415879788714484,-1.2270665222305217,-0.0527594704468698
-0.0454119657520235,-1.1987982334879157,-0.0217406191983493,-3.484179675313651,5.033253804057426,7.698410142513708,-0.0567933179603694,-1.2312591321878543,-0.014629387507116
-0.0138576505249204,-1.1770935388933148,0.0186135117083294,1.9532447377471212,4.411901123232157,10.125655374183394,-0.0390760574289739,-1.1999045960802148,0.0365467216083637
-0.0058003581259323,-1.1470448344328192,0.0590239183943568,12.011353497379494,6.965482369591149,11.318734793678992,-0.0340984687405718,-1.1655381419908215,0.0731520209805779
0.0088327493112867,-1.073166279986995,0.0345734495638747,22.34557949487825,11.267511115462009,11.506004174905698,-0.0128845306689794,-1.101332978938616,0.0467770608898492
0.0512076363996745,-0.9648530450988776,-0.0236694120857614,26.094988950790928,14.899188309073518,10.550065056431588,0.019770414143878,-1.001116426161453,-0.0141486504066285
0.0619526695247966,-0.8616870794175777,-0.08723686958588,23.018468200146177,16.601170314511826,9.87949878842404,0.0390964492047959,-0.9097957999565364,-0.0739981409242557
0.0907279284348274,-0.7915793892960534,-0.1570224818500287,14.59185091208504,16.41378224275409,9.869303010638657,0.0699930863238165,-0.8263757300301613,-0.137683671987206
0.1192593254633134,-0.7531604244181915,-0.1980285309517936,2.438674953147188,16.994496277293347,9.677726953441908,0.0937079173921363,-0.7800490957272268,-0.1863216975780899
0.1272282543401116,-0.7424864339389797,-0.2185019092892633,-8.606557941825692,19.260164149759163,10.094055715496223,0.1036694916592349,-0.7772656830395478,-0.2088935256052617
0.1328959401889688,-0.7526354194753088,-0.2125473386476899,-15.712547736221108,22.132263954770018,11.399646304089403,0.1082043170940106,-0.7750484368310964,-0.2002689439550986
0.1080604220156703,-0.7810375416669075,-0.1822095937178429,-18.688000839537157,25.02889270181413,12.880297961842382,0.089996295910095,-0.7991317392651924,-0.1668233901491674
0.0707352831000379,-0.8493864713519325,-0.1741087760919987,-15.8946171109072,26.440410000359183,14.54205410900152,0.0563377077106178,-0.8669216224027363,-0.155287920048957
0.0385818766487148,-0.9396699496616556,-0.1752280464691558,-7.626807241837495,24.54649299604524,15.827057521842152,0.0331773576008494,-0.9558644074903864,-0.1622125725851149
0.007931046013689,-1.0189209974230842,-0.1675408436597155,0.5598980385901687,20.63635595207494,15.536242915590767,0.0025880745319134,-1.0448431152164543,-0.1542797862508982
-0.0462822721080213,-1.0847376685630248,-0.1653371766355384,4.932485324487227,17.337746705338606,14.318304911589191,-0.0589636676132216,-1.1162501509702465,-0.1432443601231888
-0.1239995031297934,-1.1375054181871913,-0.182210951385017,5.205840493759537,13.714038955772397,13.061970532752689,-0.1215451838364198,-1.1687851997539211,-0.1596117541623878
-0.1771262022291069,-1.142527960283532,-0.2190119668101005,1.736636615114556,8.941288127275827,10.875010877987544,-0.1698534878673681,-1.177938456925522,-0.2009664989265428
-0.1911906030344457,-1.1097256084324545,-0.2090187969615407,-3.034479802629042,4.639217164165313,7.698941183429414,-0.198644490632319,-1.145225039592535,-0.1981736838964318
-0.1750000385454241,-1.0932478791661342,-0.1371068859867147,-4.714624735963895,0.9947576546149116,3.689686046470175,-0.1921140432845544,-1.1158854639612514,-0.1328155661495837
-0.1485879874755974,-1.070236602563272,-0.0892127021108475,0.2003737313515791,-2.1570976162583477,-1.5036400972263473,-0.1636860899985139,-1.0934177346514162,-0.075814186916495
-0.1203563896673385,-1.0294518056669617,-0.0603881229080627,8.283724633116277,-5.202813140745145,-7.260537928529076,-0.1323096724935454,-1.0563569995488118,-0.0451909699176487
-0.0792327535433476,-0.9748435503458504,-0.0242297212218729,14.04838287061222,-8.583296177626295,-12.377438134592447,-0.0947569172320099,-0.9993192466303892,-0.0147986686154545
