ADXL_X,ADXL_Y,ADXL_Z,ITG_X,ITG_Y,ITG_Z,MMA_X,MMA_Y,MMA_Z
-0.146449223010683,-0.3147144932576973,-0.1093907420776738,-62.09216794714704,-0.8725007969912699,5.969179213086959,-0.1717078593416099,-0.2799643035921519,-0.1086587691245467
-0.0580366881536997,-0.5297110310946068,-0.262230766868299,-22.068343523467966,-7.714728210483272,-11.035807825777164,-0.0660320862370882,-0.5157354947071865,-0.2422644987137671
0.1829515889152904,-0.5909032010331179,-0.8351684516790918,0.5793822804679131,-26.38453224704765,-34.92885284469258,0.1929358143673356,-0.6177673736973393,-0.7901699903567694
0.1222770603085235,-1.0935429869221625,-1.2727624657084808,-11.56980771590306,-49.79751100280574,-72.86538979766995,0.147569381208081,-1.1108627203578845,-1.3093108282125714
-0.1534225564035733,-1.8331452186433173,-1.0852424195644477,-22.39667167612253,-53.89038366553948,-84.19308100397643,-0.1220999699857926,-1.8279970241946129,-1.105883934986955
-0.3373806344380488,-2.5223761759809444,-1.651057559216962,-52.50336772213799,-45.1743324814663,-66.23506339659724,-0.3493332045232007,-2.6772008286010287,-1.6543090216539045
-0.4450159225225625,-3.265663925410718,-2.4217710897291878,-212.304254594957,-2.8520210762046325,-61.17569510790912,-0.4235838433449386,-3.5235452189452583,-2.5039642085421816
-0.114429127669996,-3.370211145331478,-2.0371935371089647,-394.057172536269,5.377268564403589,-61.847047610254464,0.0167348020484111,-3.3609859988155253,-2.0683457315899534
0.2240681815739074,-3.086489554291684,-1.8068922727412704,-342.4472886430422,-77.0119862416985,-49.58056633347348,0.3205577073882659,-2.8428390216686585,-1.8092330468459168
0.1726812982462802,-2.7831531664891678,-1.7353848519222734,-96.5192610049165,-118.13515115030104,-16.575527598078853,0.1560629980975327,-2.60836907567312,-1.7674954802407314
0.163130847170009,-2.3309186658814323,-1.2064661128399845,123.9851086011616,-69.77388557606515,15.024343737671307,0.1181350503140291,-2.2517597547664496,-1.205001317145054
0.1290019365688497,-1.956914550727423,-0.6955019947328897,250.1225304446074,-18.263097090961736,19.13339575936196,0.1182018859606118,-1.9546568654983925,-0.6842474414237159
-0.0029919024254456,-1.5751166400555925,-0.2783262473601106,294.9994620702467,-7.806653816453115,9.234669248244664,0.0320927890937022,-1.6651613983100932,-0.2687990443360607
-0.0107632284202605,-1.2610660224775936,-0.049334701322344,259.9856848552823,-40.95639323216099,-5.111068415365502,0.0153411628380549,-1.387621530298706,-0.0402343851690452
0.0403192722858051,-1.0289854484406755,0.0603507048956428,175.68478437161838,-91.01881372775377,-18.36235686491089,0.0490401560267669,-1.1800005783850416,0.0690815545533418
-0.0872703237002172,-0.7812200776275309,0.0204413911350836,76.63670286762819,-131.76362692661385,-20.434248842882404,-0.0731498880697851,-0.9232397968466032,0.0353953338341559
-0.3226303598753818,-0.6395685105034823,-0.1550319546238163,-14.244639373108114,-152.60791589817248,-13.354838988789789,-0.334880803592493,-0.7320069519407397,-0.1546937797207317
-0.4205006330082711,-0.5670884404080645,-0.2456238673670501,-75.64026361978986,-154.79655972097672,-9.213316103205582,-0.4463347249093532,-0.6230555923592276,-0.2427605648158204
-0.4289354083594201,-0.5176979204451397,-0.2901085797920361,-102.09739198082194,-144.95780728459874,-10.6340577677921,-0.466275883612428,-0.5380410085732565,-0.2761890401474083
-0.3837332622358649,-0.4707891163601181,-0.2404795586624428,-93.4903470474179,-122.98545231313474,-6.487721305368212,-0.4421786042877765,-0.4412756667545722,-0.2309198278366203
-0.3045540515585342,-0.4398245791936405,-0.1619505787390167,-46.6707339283268,-91.16427819704856,-1.328471178945991,-0.3657721994427243,-0.3712565358766538,-0.1489693051295922
-0.2595583613937429,-0.3862534655047553,-0.0793875346184694,27.99207260720292,-55.45866216310432,-4.463753501368992,-0.3197885237265701,-0.3181009975605292,-0.0725418277070384
-0.1574191798991297,-0.2797414448192033,0.0027143270748915,111.13763284835277,-29.866662452124565,-9.601633675126523,-0.1988441637650371,-0.2263649726609376,0.0034566764028659
-0.0084357066441217,-0.1506486201543033,-0.0091192356033277,182.80025192151817,-18.40246726750589,-14.284597841114934,-0.0394279889312638,-0.1181892288282397,0.0007889534720061
0.182539836164306,0.0740367960045427,-0.0240750419443833,222.30872769147533,-15.349060580239012,-22.638560412875663,0.1448655362696116,0.047062508957807,-0.0168612741419344
0.4104232967460547,0.3519813675130816,-0.110238294661992,216.65274011345207,-18.87926725685281,-33.24703311366711,0.3796187184776277,0.2710619816522833,-0.0950374414721559
0.5334474609939364,0.5105515943328236,-0.2182416850367778,166.36758186892578,-26.28130066657051,-42.425404568062056,0.524183165399935,0.4345041503981481,-0.1994858596348628
0.5574324381806588,0.5005758974316813,-0.2933295474463241,97.58690791926006,-40.37675910795359,-48.99443569086439,0.5536768183820867,0.4311223438603265,-0.3006062906055233
0.506331007402076,0.3704903818559425,-0.4315962757143208,44.21704785874354,-52.996208378017656,-51.1448337146863,0.4835204444488343,0.3105985275459383,-0.4446067253430884
0.4402822733277803,0.2115531892348787,-0.5115727772074738,15.55437793891233,-51.94538622656659,-45.74359627802468,0.4026112088873717,0.1843122056126334,-0.5261482549532235
0.3391315723338647,0.1500942884606507,-0.5203519601530031,2.303428769915884,-33.25612008982978,-34.05079171244181,0.2792251248841976,0.1191798583425553,-0.5343406311509299
0.1726764617820282,0.0978758994207913,-0.4386439346706678,-5.560710561460303,-2.512282307256368,-20.12702327299427,0.1157087025382695,0.0702043434972207,-0.4411744564794578
0.0722004704327153,0.0685546969934619,-0.2999511795534419,-13.212703041826533,24.47688762439619,-7.866504251375871,0.0393877904966585,0.050813254919233,-0.3120462904636031
-0.0155994570646662,0.0771253908570255,-0.2193991309660574,-22.236006642347643,40.96173426261703,0.620102677207504,-0.0401233726084883,0.0570878959646042,-0.2168207219237911
0.0142031824932979,-0.0203153096567159,-0.2125411956716807,-29.428967680388087,43.53821888988477,2.849179000834725,-0.0097672585317491,-0.0209229172972396,-0.2102198387163395
0.0051102872021559,-0.1490481599531443,-0.2270405912050418,-28.38297905364593,40.13314540155494,-3.722396274439897,-0.0110810134334115,-0.134804421920467,-0.2422352145824447
-0.3405173556694163,-0.4119029708978932,-0.1542376736757299,-0.4256014285377947,29.19161586288671,-11.671811885536073,-0.301837681539941,-0.3815459049746869,-0.1235525267551111
-0.9008477382491384,-0.4219132347451004,-0.5251831170733884,32.27213546139188,0.5157691304008069,-18.73778357593512,-0.8342164286733392,-0.4568495780901896,-0.5144533798376947
-1.0705625308846474,-0.5135625886959915,-1.1397038177051464,8.221836366529441,-40.70250599073959,-16.166234206943816,-1.021530312548252,-0.6336672182613057,-1.1862848993381103
-0.1325571907702922,-1.6995970774354228,-0.9498866316741152,-44.75908033965151,-78.41324147239587,6.671610883253946,-0.1146146213166598,-1.804260768354846,-0.9629020133214384
0.5735405944597785,-2.624927695215387,-0.9615726671384688,-109.23384223964582,-76.35141599198356,30.659528463124744,0.5796357875279861,-2.803970604627066,-0.9764781964021648
0.4384966859972561,-2.63240148894816,-1.9020370256157957,-248.01233259748665,-67.43806401402597,55.396794552706005,0.4819029489206196,-2.851389034805439,-1.9434721281648175
0.6746594278215287,-2.734273392535406,-2.2401479542119187,-378.3879319396648,-72.1192712461994,71.89197614717008,0.6586280220958776,-2.742323901343981,-2.2526281805789523
0.5654481144417525,-2.89605118703748,-1.690367490360042,-333.2765955163411,-24.027074065023115,53.85250307882069,0.499859798254593,-2.7238574364765107,-1.7000334715259622
0.0821913201064032,-3.0126940919118383,-1.2476401341805523,-132.86451821743057,46.86851416811616,24.189698521948447,0.0698374245142371,-2.8293908319894343,-1.2733579274506317
-0.0062990330668822,-2.782348884855713,-1.053967635629061,81.32079085641986,95.1483231358344,-6.2027767044357285,-0.0188205016021079,-2.675332406227217,-1.0581556559890564
-0.0806398617228143,-2.2347542737988686,-0.8421618931883844,218.9349159643983,130.789421868709,-28.2307968028126,-0.0974420842662454,-2.26992876424928,-0.8525280847434284
-0.088171539666925,-1.8402031377727268,-0.5424939467231005,248.68709611041305,135.59363272442525,-20.953421810867784,-0.0906185506751755,-1.959162261935277,-0.5689733396850799
-0.1430407597059719,-1.4768110845394338,-0.2574332217529079,197.2762829658324,122.5278817218388,-7.114166019972412,-0.1443130479046407,-1.6091922032988195,-0.2548057788462213
-0.2006932743217626,-1.2277388464044845,-0.0988093802145789,115.87464897342456,114.78513311033194,4.798241405207467,-0.2150677284459051,-1.3534518475280275,-0.0898676656093678
-0.0457665882122705,-1.1044597067823654,-0.080068500140054,32.28294542651865,115.751904077913,17.297764680489387,-0.0766227806418735,-1.1838291671857308,-0.0689687009043444
0.0669635284751425,-0.9824662327676864,-0.1257176684098184,-30.26655427570527,125.54927159897832,19.70301951212636,0.0446125965964284,-1.0384226004510062,-0.1030566081798923
0.0949521409900506,-0.9314044197379688,-0.1566831872239927,-65.40356898121763,133.17408686836643,17.967870054301454,0.0642720190300422,-0.9666163374492704,-0.1427548381465704
0.0630766709559186,-0.8193874303377311,-0.1751608497765904,-75.7483736581896,136.439802653813,12.72966117267263,0.0378965766332861,-0.8257545941099508,-0.1532376039883534
0.1291632448554516,-0.6259758179499721,-0.1903180254584223,-59.32809471206796,137.3514190983236,2.7175043143498487,0.1066840046673551,-0.6224578839155173,-0.1646194784036114
0.2646889684911614,-0.4685166438110895,-0.1770861534364186,-28.13329347829051,136.40871677357407,-4.418350145533559,0.2316604204019989,-0.4480773346840753,-0.1603844691981023
0.2496460205601045,-0.324976697805079,-0.0862908094537397,9.552619543942969,130.07360442521446,-1.286926071618135,0.2390964950387226,-0.3045197441962241,-0.0869502999809751
0.1815918461630314,-0.1932269826275124,0.0603580166693317,52.90532947209968,112.4057842659666,13.529825702573756,0.1725260203138759,-0.166252797364499,0.0464126293694289
0.0969188785564052,-0.0447567669573124,0.1777931464812491,98.57896117403789,87.04031147171516,28.352708645443496,0.089527049179686,-0.0288466572431897,0.1828638576272648
0.0069292809213699,0.1340827955157727,0.2368571098045207,133.58494850747144,59.76557450188205,36.60865549950823,-5.651465495506341e-05,0.1106055741835751,0.2337865715776926
-0.076442928713422,0.2760596874330171,0.1934781028991235,139.80533766603895,35.36653478329814,41.31469120118491,-0.0970192745653122,0.2390005638085588,0.1767469515385902
-0.1832402392752082,0.4036695722373277,0.0316056480608391,115.07867992592855,17.42882668134692,41.53919446291197,-0.202300289866396,0.3510765654488382,0.0307266170092816
-0.3203386991229878,0.4669090273260803,-0.1712712374135018,76.94343122372469,8.91021704680114,37.7800027865242,-0.3549937276431493,0.4122887487278527,-0.178101505246915
-0.4389880691020688,0.4219244024663691,-0.3615464032835062,48.49980219031164,6.047779730445636,34.965858074677364,-0.4623992431012758,0.37492964977763,-0.3800534552752134
-0.4090323880973415,0.2767740379956143,-0.4901481394528402,28.934585383807395,0.4235645082028922,31.501250176638628,-0.4176078160242004,0.2322534946520955,-0.5150299780300907
-0.367728502969207,0.112614421385778,-0.5407885925150541,9.93943793270649,-5.209346226218793,24.71087359871208,-0.3872648707584116,0.0841586411610675,-0.5594675189570318
-0.3406882001191195,0.071551342126743,-0.5656896257616356,-6.79003888295883,-6.742037346204996,17.043933958205283,-0.3545385373311571,0.0417991890362513,-0.5816351216426952
-0.2306081528274443,0.052241140414754,-0.5589663810959358,-27.035589879301806,-1.5118628841532706,9.17970135455793,-0.2602461137535624,0.0157624320650276,-0.5883733624462942
-0.1495497222478956,0.0603447087533602,-0.4639885956355611,-48.73478133412775,9.924342177559476,5.157243150023144,-0.1833089797961114,0.0298366640134521,-0.4808827913274691
-0.1192612304761944,0.042082924649617,-0.3011996970922396,-68.34249617210388,18.91092672629504,4.397117823787116,-0.1342640135113343,0.0186212182801551,-0.3144865738086974
-0.1763887479185143,-0.0390307898857306,-0.2260488762068665,-82.45193074330119,20.026025708922965,5.460863811951353,-0.185606431569702,-0.0491166725510239,-0.2277669070508341
-0.2301291186495062,-0.2641183795387219,-0.1172144832516237,-77.16321335502357,7.894957122090637,5.209582122639661,-0.2281452692849818,-0.2553455992860448,-0.0989411776009222
-0.2352358506750134,-0.599335233306867,0.0213606754316445,-39.22713635986432,-12.4211783521988,-7.993756288627708,-0.2215180585714031,-0.6038533429977688,0.0090685932928489
-0.1669802634379696,-0.4910608532302249,-0.5477249171570326,0.0396297586161913,-39.92057804326468,-24.766251138430476,-0.1352635106018535,-0.5316071092271077,-0.5768494963889245
-0.0263431817838181,-0.8195753491696662,-1.2303761865666454,-19.02142576267816,-74.94644808379161,-43.25414226448145,-0.0020857198352634,-0.8439749757687387,-1.2650449391403034
-0.1714857978282516,-1.828523804240095,-1.0088604963609464,-43.94650977811492,-86.25659146799424,-65.95859752508642,-0.1852207566711261,-1.8558762153834816,-1.044251912620963
-0.4557606410261891,-2.285601051626762,-1.3024862818380771,-56.248599987580114,-68.73568559453321,-74.24257043684648,-0.4742261484875073,-2.425304585477116,-1.3059140928305406
-0.6140186309023945,-2.640320899532349,-2.226759435523362,-175.97637679997524,-39.143179792775086,-86.35158589971384,-0.6141187662469038,-2.8446553270692227,-2.2447755823289377
-0.4329365563363493,-2.8285478477153707,-2.176478107847885,-338.4551218605912,-6.356266339658508,-113.42667990778952,-0.4270008330525456,-2.901243056528485,-2.2250767401665663
0.1803249607439777,-2.63821665390746,-1.8151412279220924,-347.3621819156052,-9.481501983145703,-115.76884388572292,0.2209476026731865,-2.5154872348521837,-1.850062669196448
0.4642106240112229,-2.584502436818536,-1.7155071542271645,-185.23390679951697,-57.63770303526014,-77.63903098734517,0.5388082644241607,-2.4082885995253323,-1.7376282705568502
0.3416638750155154,-2.308016430532092,-1.3438840138852688,20.448689405070475,-102.37431509375944,-29.894236853797757,0.3662218741292132,-2.203397038333865,-1.3588980918781528
0.2633116522318806,-2.030335686511954,-0.9020716647074308,165.05395459610935,-108.85357770352724,-2.120603638600882,0.2322403942789686,-1.9848979440862828,-0.8876821375994826
0.1311700021905473,-1.84577232136922,-0.5542396131535086,237.46142992046885,-87.63465079177965,7.424621009118905,0.1012638752709074,-1.865027034800584,-0.5147662050081934
-0.0541360738548003,-1.5554566213359906,-0.2787122647430658,241.19290280965183,-75.8377399815326,7.086813513085864,-0.0415724015834824,-1.6566419417326874,-0.2594142852423995
-0.1189248360369957,-1.3389016344117382,-0.1260832485694517,181.1612104225405,-90.40587686294457,-2.5091051282447765,-0.0854067354713012,-1.4538003104202946,-0.1237596530472633
-0.0478892755812663,-1.0982191187189976,-0.1719105412449878,99.6260958154444,-113.6608933302849,-19.60061219327237,-0.0658076930899374,-1.208871701452328,-0.1483953155155808
-0.1058241580960063,-0.9860417179579126,-0.4187554179077994,18.771262052551787,-120.88537011560145,-36.17991777454079,-0.1408506432273494,-1.1085368167943772,-0.3979349463395928
-0.2242311316897634,-0.9858546798955914,-0.549015695128356,-59.58979584723557,-107.09267807495762,-42.62693403928698,-0.2432603020897712,-1.0793377162843665,-0.5576102911904928
-0.2163877045009395,-0.9616244953132131,-0.4870655966960666,-112.41591110474953,-90.1530497153569,-42.86068099237265,-0.2373351995717789,-0.9894096069748468,-0.5014315535672196
-0.2724847439270825,-0.9433920664856188,-0.4117941925883203,-114.34372181474907,-76.85624420776027,-42.71331363607399,-0.2981161306326049,-0.929339937985472,-0.4252468921779349
-0.358064954814529,-0.804127503222936,-0.2815561911886123,-75.52714769868201,-58.71663466620887,-40.82212590500444,-0.4028496259397422,-0.779605609934938,-0.2858620211863028
-0.3314893356885724,-0.6894485354937603,-0.0812511983614865,-11.532765020789302,-42.02382162947474,-36.27138652560373,-0.3663520221044938,-0.6264769421937229,-0.0697218565921145
-0.2123796567230675,-0.5968242872178656,0.0835428393708759,74.45559406157393,-35.17733026135378,-31.381946469109792,-0.2315922296248659,-0.5259992553388945,0.1004584822814685
-0.0941605083162804,-0.4161282043318738,0.168619016995046,162.7630412706326,-34.82094192127269,-28.100275528656613,-0.1167492026781805,-0.3725000630448148,0.1859858110915341
-0.0353293922620778,-0.2007842334939625,0.2106147442265945,228.21801967876496,-35.84719647065086,-26.46545103561497,-0.0583794564378179,-0.1703868043561849,0.2166536679517846
0.052916245577836,0.2155324798929462,0.2345883496184943,255.2403818982197,-35.241536004377366,-26.32237252405075,0.0139935651591868,0.1818975517154383,0.2565607533201841
0.2001816027705457,0.6467558252846299,0.1246254752329491,239.22387909947307,-34.00548061922412,-25.0496282423248,0.1614836706904441,0.5560075582685777,0.1451250016051569
0.3750876807030006,0.8292695806657315,-0.0714198289790405,184.597762432463,-37.59251276710514,-25.993163878166477,0.3526223498651953,0.7525996142103757,-0.0745116938127131
0.512797567003122,0.837335751782812,-0.2485549403374241,120.43221114206406,-50.575374054856816,-33.55694731892432,0.4910437253141143,0.7842538018038488,-0.2307272422126532
0.4911876773529621,0.6714385120628366,-0.4862392515998441,70.62291009851023,-56.88029653281262,-44.16493482324983,0.4571793012529087,0.6260579138195734,-0.4868166692307974
0.4292698971777398,0.4613314186691222,-0.6619278472934549,29.85153786871015,-42.349959125849615,-49.40918497220406,0.3761400246215065,0.4339139756171999,-0.6805533369320735
0.4563150035144769,0.2980015359964487,-0.7244949750476726,4.525303419123586,-18.790232158058377,-42.46086488271535,0.4027499829050158,0.2743368172582486,-0.7253586353273529
0.4173270796958604,0.2169722682253251,-0.6899190701703065,-11.773283364555628,6.521681057977774,-30.45851080263168,0.3746690097659426,0.1847713294960032,-0.702669343982995
0.2953645359961274,0.1829113451115708,-0.506276781061357,-28.22144036823844,29.23660945410412,-21.40459545541923,0.2544765807996154,0.1518184562102619,-0.514682237295069
0.1299215370844221,0.0872304337144634,-0.2883043001590182,-40.71316738949851,42.71697562900405,-16.899082160505202,0.1018570467995335,0.0585460912941924,-0.2921306208475138
0.0675512401867644,-0.0117979284865689,-0.1524379422868781,-46.201585991850095,44.91748689583184,-15.27217098389704,0.0491079797687756,-0.0093332619215208,-0.1415417439647076
0.1324066889191332,-0.211722503444245,-0.1189272574403414,-38.91076976743492,40.96972415848755,-16.223344103873117,0.1031383417426357,-0.207138134621194,-0.1063794234892332
-0.0934361441588215,-0.5080915547365747,-0.0012753997745911,-10.995849245523482,37.350377893603735,-21.835012064025232,-0.1166749026052988,-0.4723876762711365,-0.0062289118277739
-0.5656923773474171,-0.764994771355556,-0.197550124580912,45.16389242951774,28.379119845228374,-21.83887461437401,-0.5522520585994137,-0.7650876410300079,-0.1638083309310599
-0.8794822844261511,-0.7475937625396214,-0.920510067774032,54.43492829707869,10.45644909758828,-13.736640154891344,-0.8374041567835189,-0.867712723323816,-0.9216589551052324
-0.614529945177943,-0.9547571687236196,-1.2592828385295256,-7.175529137889551,-27.21917761391819,6.238348543195171,-0.6042056296140337,-0.9928048356812856,-1.3029383050773615
0.1042010529598794,-2.2057892193675555,-1.372135635865812,-87.47497570389044,-74.46582955485252,33.83172599655111,0.0921851664691035,-2.302241848332489,-1.370270948517642
0.5236478116270726,-3.025624141781812,-1.7912872310211043,-244.71112185835293,-96.06262198501096,50.06701888418453,0.557201862883465,-3.242808739771696,-1.804021792166681
0.5028876185567777,-2.694878651483866,-2.0016795077778067,-393.7843260875367,-89.60951572213527,72.8555142572858,0.5202968690379133,-2.672560610466268,-2.009746197935621
0.1654424922322666,-2.6391107387661057,-1.7326091429460737,-341.5334128112768,-58.14458747751586,86.56506485402308,0.1238717522435062,-2.422297683337447,-1.7097286551927628
-0.1534025583335025,-2.6828781352977478,-1.14235762250464,-126.8478252859469,-13.154761144720856,51.562258630738086,-0.1774985606179214,-2.496821576489883,-1.1453949023881402
-0.2010395581052996,-2.374470351880514,-0.6707212458128033,92.62083665188584,19.26223102256164,-2.7384941406842653,-0.1884512208375351,-2.311286512703882,-0.6729517748591662
-0.2595607118101611,-1.989288965781156,-0.4676291615131559,216.15366826285012,34.27012070627455,-42.03041672840865,-0.2559551521373296,-2.013015880115395,-0.4545317494951011
-0.3045745094058107,-1.5879997675787765,-0.3236608813646762,247.4082261821717,38.51308112223917,-61.374615059190695,-0.3240106748377095,-1.6557557956602644,-0.3139415450503122
-0.3259438086956034,-1.320977446486599,-0.2154388125471014,219.51196688629136,43.18023704520699,-64.2569727346959,-0.3403620679117872,-1.4595184382719435,-0.2096467399536983
-0.3834692194386193,-1.0553957291541982,-0.1109544607319499,147.47651782717878,48.860580668964005,-51.56530766648382,-0.3989459739324563,-1.1780253485785055,-0.1022916618502778
-0.359859529429577,-0.8706511990923844,-0.1461068971981785,69.22804940665573,51.06230460640632,-23.45247088364514,-0.3880583491984932,-0.98078725163829,-0.1263056033207038
-0.1814931895443297,-0.942826616262924,-0.329946795731159,-8.198349210655262,48.00927067547252,7.542028768523808,-0.1985268731526249,-1.0674671958137265,-0.3173777439042938
0.154004765920107,-1.1085795817778796,-0.4616238469106178,-93.73584306830308,36.06010766192909,31.859838349545083,0.1482392217435071,-1.2125289203608438,-0.4673223677554726
0.3952429858491685,-1.3431753240014586,-0.5063942094499495,-165.13783552587685,20.38242343157148,39.61047801687327,0.3928247740605696,-1.4036056821805112,-0.5070098663621189
0.4159296252392689,-1.5191436841305783,-0.5027619615683622,-190.10244123464955,8.281566560937764,29.999403083819725,0.397683078332697,-1.505874018307527,-0.4877277538824621
0.4400700853408426,-1.454901769980138,-0.4771696911408083,-153.44190187197992,12.529864845433902,16.775181635276333,0.3999436501001937,-1.4040287169724484,-0.4633946822924941
0.5095600277339571,-1.214249743620022,-0.3764493447510732,-68.5948718400153,37.02804793894994,4.741789386488521,0.4674372843403425,-1.1354566713488174,-0.3671488596331738
0.4039588034848974,-0.9051278431568172,-0.1880017912241476,32.578339933233984,63.34831423721324,-3.988814436292188,0.3787965037164862,-0.8429035870106895,-0.1857885667918436
0.1446903568570443,-0.6324412767371093,0.0377164323152583,117.24103171116931,70.42375956708094,-6.329127036716415,0.1605153834934004,-0.6270267019123685,0.0325593464153596
-0.0599301441252619,-0.3855140499651808,0.2252807777920613,172.76369676478637,48.185545852214766,-4.903445398943358,-0.0329839835736082,-0.4004794677258068,0.2299972105056211
-0.1927919940150037,-0.0376568855794306,0.3496310446369292,195.79546186011368,8.083441018901187,-1.758661928058428,-0.1848292521032558,-0.1017620575536081,0.3534304291759855
-0.2647703148750272,0.3598434764938162,0.3822168873606765,186.5377499754004,-26.0989718587274,1.118960087855315,-0.2815375955362129,0.2689071676238104,0.3823987723312556
-0.3015233579965218,0.6365570813334795,0.2409179151572846,154.84160089281752,-37.763936808640985,1.154198850820503,-0.3482021684344629,0.5682526929671612,0.2481871115381025
-0.3776077444078283,0.7483136589830134,-0.0231777843534808,117.18815544225431,-31.34384458059269,3.282728487640537,-0.4181539864720366,0.6880965552509357,-0.0346540223264883
-0.3905877542298008,0.7052112871663834,-0.3266412753172835,83.66416488914028,-21.92702801059168,11.81747034255285,-0.4197048063051005,0.6654424085947607,-0.3559813460424164
-0.305051133281438,0.5749285547941536,-0.5616126720354158,51.97417675479504,-15.886937739785882,18.838213804159786,-0.3254001613514883,0.5413388049081098,-0.5854276188137155
-0.2334769301286393,0.4333330603396139,-0.7008032650440711,25.099141050881435,-14.971160593781049,19.636715190849216,-0.2431232407974163,0.3838575809519708,-0.7280051237788766
-0.1797445488467389,0.2489724696383087,-0.6827547179150237,-0.0388055651706494,-15.602344551786867,15.67134107708433,-0.1959475071371295,0.2210692521488002,-0.7146612547488459
-0.1518039230297141,0.1357058881784782,-0.5651840126385268,-20.48623602120549,-16.82922663551168,6.169563764400196,-0.1605137483462586,0.108048549879164,-0.594764053341685
-0.1160258567331256,0.0459903500294629,-0.4396891139643514,-37.01263568028634,-21.15344137833137,-5.237786549704163,-0.1181377076592858,0.0153044830524648,-0.4598107735060491
-0.0842599578696905,-0.0970158181928967,-0.2255457778806108,-50.07052380160205,-30.43249566667869,-15.413195336537008,-0.087299773100684,-0.0911690827120921,-0.2379824897241412
-0.1971752688639413,-0.2439373896833384,-0.1358302055935742,-45.57144985976908,-48.49696121372692,-24.02266601846265,-0.1894130340260058,-0.2194058323747917,-0.1578662415737036
-0.4115424398548262,-0.6919294991486814,0.2242483224071925,-12.826903500359109,-78.79692701010352,-35.547358207251264,-0.3755191586687964,-0.5915622397795217,0.2076040767658019
-0.6522737884826173,-1.1252897465735494,0.4485259277714035,78.35006611432283,-124.20117287594978,-49.893391538366096,-0.6105707909412579,-1.0379199667016117,0.4297415835999442
-0.8700653267456362,-0.9210870155624358,-0.4507862510595831,148.90454563836263,-163.08562367459265,-48.86006353251066,-0.8799149771965717,-0.9791953296473777,-0.4904052495001392
-1.0527049094753345,-0.5179032810999565,-1.3567276553418444,109.59098936804718,-163.0510228178006,-23.15776169091466,-1.1023764269460468,-0.6378970617467923,-1.3961396007430955
-0.9960202907294712,-0.947873284478695,-1.7216492518584416,-3.090607815418686,-116.14715135787478,14.412687681188752,-1.0316139302802625,-1.1895593702543614,-1.774456380906966
-0.3857377436614455,-2.211134776875272,-1.7108446161124804,-210.7983151919696,-58.60673827797514,10.854476895998909,-0.3845236135240787,-2.480004382511873,-1.7559492174251852
0.2106450745588675,-3.0130233862105635,-1.390374148519006,-409.05161680314905,-35.367511956545435,-71.28752600303042,0.1935297471757704,-3.06652846403431,-1.374089119570424
0.4433684471009915,-3.1387373531383718,-1.452420736256546,-438.1538884678677,-14.665074889742138,-142.89453700809796,0.3899952211879474,-3.0876340210139084,-1.4264299957250068
0.6734831769322649,-3.1061797155513617,-1.4847465438075158,-343.22879495220207,18.41768115234444,-121.8487823018855,0.6748444117414637,-2.9945086873324804,-1.5013581840702217
0.6291749845014979,-2.7046303819934465,-1.2743031100125342,-153.4608265587551,7.772461882867279,-63.19708169631948,0.7018533043146437,-2.5153269519669124,-1.2964130309959594
0.2619730339045836,-2.121553266879441,-1.075850265420479,68.59621155718585,-40.50008845463714,-32.745315140413965,0.3481116490734465,-2.0244151081709942,-1.0954780442748513
-0.0091854221018214,-1.7082191935576507,-0.8409942875380978,206.15286655622467,-83.51649334622543,-26.214638484269145,0.0376057229416818,-1.7331876857704,-0.8599359317510239
-0.1292599002177593,-1.4349155701724288,-0.7091371709364866,235.9810844217897,-111.8529118622539,-14.85515481952162,-0.1259990284908688,-1.5222326855105428,-0.702117363908336
-0.163913973942429,-1.2701966600547452,-0.4340703547347327,185.2760468320328,-123.83877019077453,1.0955601340598522,-0.1645654955270359,-1.3741131378555345,-0.4146022389706876
-0.2585906583397258,-1.1748943310180169,-0.1756834966103456,116.22267842778,-128.60489373346826,3.589664939794911,-0.2799234439978024,-1.266241759394573,-0.1547759005587999
-0.4618650728877868,-1.1266719667548784,-0.2235931721576916,48.30746513784317,-125.13265358566828,-8.287947231804187,-0.5111941254772796,-1.2355030967345677,-0.2045316081622411
-0.5866940809870568,-1.1352582029377278,-0.3319737229576066,-24.7655509652408,-97.85459782364008,-25.82154873590988,-0.6383144822356049,-1.227072549496635,-0.3292700828492819
-0.5807420787811995,-1.141954803461762,-0.3824386841466066,-80.58011152874192,-61.67716042760454,-39.7277526267313,-0.6306728518426624,-1.2002412788692114,-0.3834875691389597
-0.5276523539549778,-1.0960379103147375,-0.3842862987369343,-109.33082804983708,-40.27729088975283,-49.42744930377058,-0.5644159767425119,-1.1250172949780897,-0.3704235945170709
-0.4155257364884532,-1.0191431652692051,-0.3589730444740071,-97.07409691527442,-31.292172008108466,-53.63185680532993,-0.4384793784292481,-0.99969670822655,-0.3445328924680212
-0.2830332985045145,-0.8866946892903528,-0.2848082187307171,-45.18709202060581,-31.23659816554628,-47.27369657807859,-0.2993651403697659,-0.8533762428641372,-0.2795925163141638
-0.2049487867784935,-0.7442886479806852,-0.2147115577534969,26.64674886054615,-41.28846102676604,-36.53732853276227,-0.2088241326716868,-0.7028886213090005,-0.2087084591308329
-0.1252236986647886,-0.6154774307485531,-0.1847594961949297,96.91250290879486,-55.79002263958493,-29.19124859991329,-0.1311543360035117,-0.591104711615535,-0.1728855827414023
-0.0473246705029173,-0.4408499801591918,-0.1264183946235064,146.48740901523922,-71.12062874376697,-29.682635036106547,-0.0606272487340509,-0.4456516686761521,-0.1023215628762646
0.0065142263072166,-0.2465846718163918,-0.0499576524450547,174.95083112023863,-82.5715571481272,-34.69112046764471,-0.0077617584180765,-0.247131853822686,-0.031843661467417
0.1019052184344597,0.0059978300860934,0.0446730946080917,181.79038307986127,-86.19180319816225,-37.73027425912065,0.0675037354338748,-0.0239704050321445,0.0478142101467257
0.1850408296264189,0.2904373652097989,0.115217477540073,166.4367083910463,-86.51893568248586,-39.614392393344446,0.1371523811198282,0.2317747159581752,0.1067661201513724
0.1993367071286746,0.5044797135812025,0.0754180778401395,129.61968847463123,-85.19068889528262,-39.04627928735618,0.1503522229495603,0.4467509967066522,0.0622270971999625
0.2438351383725553,0.6440326204163935,-0.103840550853435,78.3368596295384,-79.54815804030564,-35.680218153980256,0.1825139314120067,0.5752279398717258,-0.0890511640605244
0.2356615567461593,0.6623164294655901,-0.3437715173095376,26.669821233427868,-64.78211228198727,-34.54735603678688,0.1822385571019761,0.592857790666095,-0.3361009429001997
0.1699381103464314,0.5587798520457263,-0.5101617746740963,-17.84402463764832,-46.21468114832612,-34.02954547755221,0.1296948262097072,0.5287679680476003,-0.5322704035559481
0.2185116362667718,0.4268848285667818,-0.5699544736347608,-44.00193908667435,-32.34891748963035,-30.50812426019909,0.1722404206621319,0.4155783626742566,-0.5887846219441786
0.2782967200946979,0.2891819540439517,-0.4812955726009012,-51.838671191869565,-17.584972549071786,-27.681483281891573,0.2390876750758924,0.277510760126464,-0.510071469239175
0.3265463257440472,0.1350444780324997,-0.2952939476513,-49.221185345036666,-5.066178426479678,-25.418421499368595,0.2907482470849903,0.1432896412791476,-0.3165797328589101
0.2922461870980926,-1.5282693232449018e-07,-0.1271911598938513,-42.29731695252111,3.315747148689332,-24.84172908054137,0.2649103436488888,-0.0070219987450698,-0.1233605982218374
0.2992815199138133,-0.1468203197547537,-0.0235599247140989,-34.30949375587448,4.471066096278596,-25.74703112682296,0.2697663293341208,-0.1355955733903693,-0.0190759367439749
0.4018490297077213,-0.3528626823592399,-0.0072936813891695,-16.171178564444702,2.9055596501858694,-24.734313614406965,0.3450897610563194,-0.3135712983937636,-0.0107404633281557
0.0444044407891076,-0.585669236007156,0.0841444823553447,22.516758850873856,0.7132685430708925,-29.268418262044555,0.0381081669365,-0.5564976053398646,0.0895475728220062
-0.510221459656719,-0.6642446304904316,-0.2374040102174517,72.497323589948,-29.367987078016217,-34.074727994150834,-0.4619532592394229,-0.6939322781503674,-0.2020103261479462
-0.8010882873341777,-0.5453364926117986,-1.1231062641997895,64.41024330620135,-64.7168793475964,-24.393169236375467,-0.7657633655215966,-0.6620896231220603,-1.1246219724202575
-0.6742114811548173,-0.987355490332338,-1.2738953887409268,-2.992571401971251,-90.11166213601898,11.43948631812206,-0.6736008869382494,-1.027562619542477,-1.336450277245177
-0.1713743604373407,-2.1829950346126736,-0.9933270601251484,-68.58049487221115,-104.1200562656569,59.68347742907835,-0.2139369839116185,-2.269776404381881,-1.0164185801138337
0.0750692267406517,-2.918218947260557,-1.3911096860534653,-201.45371440069923,-78.76839657336986,83.85109494743186,0.0804676457895852,-3.168634865871385,-1.3691881624950326
0.1191051281849709,-2.9720704000578104,-1.7328511674089688,-365.690326148028,-69.31210495157534,88.12886519720976,0.1826054549916819,-3.0490751400992187,-1.7242885691137375
-0.0466984768316587,-3.045308472470981,-1.5671414174535083,-374.4443963996404,-83.44705906339541,65.47007080533251,-0.0168618224871903,-2.89716571901674,-1.5682002500612258
-0.3079863898139066,-2.980895533981065,-1.2873463834735752,-205.7512355006158,-65.0280527051318,8.283682988164102,-0.3257600880340593,-2.7887009109490086,-1.294469884962696
-0.265726680221951,-2.5934847595937645,-1.0812014901262823,22.19083153918113,-30.61287252471132,-39.66727261537187,-0.2916206899286424,-2.443902116051163,-1.0877838544231164
-0.2406297449495055,-2.0804172808850905,-0.9023454879196122,188.00118878150656,0.194453577619105,-66.21824314092422,-0.2396790229577333,-2.046858656661809,-0.8951723965829312
-0.0257413096134348,-1.6422986665294568,-0.6733923403315452,253.0650830030735,21.39865810882825,-76.60147614726942,-0.0491293255997094,-1.6957410865518634,-0.6617056278757821
0.2438096908760862,-1.364801367322297,-0.4534503733045508,245.24801827390448,41.56557074449778,-68.93710855563668,0.1959380936957964,-1.456551723941914,-0.4377462891843091
0.1345518014071837,-1.097332844911293,-0.199227488380602,187.23893697728755,62.900044973750205,-49.14545906777301,0.1148925886001743,-1.2122737872520055,-0.1889003496094667
-0.0600654405474867,-0.8845891499037107,0.0306607250192541,113.36425360838396,66.20754082375908,-21.005944008045848,-0.0586514193190842,-0.998422049583908,0.0268654651161405
-0.1740408810476298,-0.7925483901846405,0.1114957229134025,45.28627697224675,46.51432931799544,-1.3454381562168016,-0.1556375922818722,-0.8886465489390084,0.1146276372160376
-0.0182328592065702,-0.7551642225484851,0.0343834750290836,-9.413519355003915,11.18661878068128,7.486641362609403,-0.0304515347109177,-0.8303281444606504,0.0548002641728876
0.2194988348628582,-0.7535705497901573,-0.1269739139051469,-46.92289622904711,-9.30128034884092,6.1500672754158,0.1730051786006525,-0.7941947583360356,-0.0995914828555908
0.2576416190732863,-0.6854682434991887,-0.2743592428375174,-66.92623408830003,-6.450612133582204,-12.4320380833986,0.2265351920289717,-0.7025904569875541,-0.2596879146584072
