ADXL_X,ADXL_Y,ADXL_Z,ITG_X,ITG_Y,ITG_Z,MMA_X,MMA_Y,MMA_Z
0.1081874957061418,-0.9345120851103984,0.1002644320427322,1.9897251945176544,0.0606221976916271,-0.4218058637544998,0.0811423607578464,-0.969269318677168,0.1284346680540684
0.1033300513661109,-0.9441233211924498,0.1169564309248033,2.0261833201291872,0.0276937204288639,-0.4910771550491875,0.0769337809934892,-0.9708385341297572,0.121618088921909
0.1080173597287985,-0.9431584052210016,0.1137650995182716,1.667985688360938,0.0164605756843313,-0.5395515625071674,0.0792258574159314,-0.9702273907970008,0.1257350745805415
0.1107902752238809,-0.9441694110958972,0.1098509137423813,0.973699151606403,-0.191046417931357,-0.5130460284676974,0.0823737729259891,-0.9672472093986488,0.1249977152062587
0.1090441955460616,-0.9383882865457503,0.1138005785427778,0.4151413438097183,-0.3717336211559309,-0.5153308971054819,0.0817605230448574,-0.9696115470253548,0.126006406447253
0.1095976283070859,-0.9444396862342722,0.1160649818592979,0.0550082603732392,-0.4335923747862202,-0.4344044424893751,0.0825377936089981,-0.975638189747333,0.1270551048174298
0.1099353203206706,-0.9550410843524864,0.1257940940830139,0.130874418841489,-0.4115854198293585,-0.5085055173159534,0.0798812908797037,-0.9779452080064546,0.1250618711381377
0.1062083112487036,-0.959095556594111,0.1241979113634725,0.7424272433579164,-0.0847463791551328,-0.6476686436458765,0.0756028071267449,-0.9774359796545266,0.1265538429680661
0.1040469471394969,-0.961358518764356,0.1136627249822462,1.6446940197217397,0.3004557600265546,-0.6850474454304283,0.0786278914767432,-0.9762360271608534,0.124033644626044
0.1095571218155563,-0.9525597049402968,0.115030338049708,2.540452302389767,0.5408941722033177,-0.9183836109112335,0.0818939130532913,-0.9747459969918968,0.1242239686790702
0.1145660915189306,-0.951285502682326,0.1143983715115326,3.158878744563681,0.6482407514844287,-0.902189366780134,0.0797998320134092,-0.9683171495104824,0.1255940406731036
0.1151034088363739,-0.9430506878347976,0.1073111650179391,3.480718037685937,0.5142320285158902,-0.7102452171440535,0.0816437705300039,-0.9643651020841252,0.1238804337459858
0.111624554298244,-0.937532905228549,0.1110555038084944,3.276767641718974,0.2987902466973507,-0.7046116934095327,0.0869248160450721,-0.9673848387388112,0.1225345002068042
0.1113731295168239,-0.9466976810627612,0.1190963951161772,2.767568785395505,0.0684307544859482,-0.571379280349865,0.083157780763747,-0.9688502970426474,0.1212350147638436
0.1201193954972108,-0.9423666161123668,0.1075851531424501,2.222673251916386,-0.0465774899585725,-0.4837210619612834,0.0802394827919551,-0.9729588908817262,0.1238372046117132
0.1140682184538727,-0.94964195778483,0.1057008960358283,1.6553689617374645,0.0444638568210112,-0.5070047277275954,0.0839208027906235,-0.9750559177059286,0.1190720754666793
0.1058437217234777,-0.95180428815956,0.1112198681176986,1.528016982018192,0.0962356171288217,-0.5613949234141357,0.0823539151019259,-0.9739836690367863,0.1179672006244825
0.1129250039516987,-0.9486503228362392,0.1042011739194103,1.7098818329309624,0.19952696591239,-0.6564808062919569,0.079929221153924,-0.9755014284665396,0.1216873792975075
0.1056287548311091,-0.9619327699747768,0.105490962579647,2.053535805101076,0.486426614650833,-0.7075562422409561,0.0803521110376261,-0.974276003800018,0.1142233198057696
0.1010425536933793,-0.9512172813784492,0.1065762615047692,2.60630820752157,0.763621862172534,-0.7993533066109638,0.0797883036195721,-0.975292693760664,0.1167480785078529
0.1154747418844716,-0.9433502313115376,0.1121343134552651,2.9835424229182896,0.8483163190875741,-0.8553296186062204,0.0802937455464944,-0.9751690878489848,0.1192007891701113
0.1168436012065974,-0.9566179583280524,0.1115885380116625,3.242599494012594,0.769088834132085,-0.8677317763641863,0.083463179961142,-0.9724511917832628,0.1155333704947202
0.1095776322161899,-0.9544473095720856,0.1046818814860718,3.451979534873905,0.6513410687321002,-0.8464697580352545,0.0834327164057167,-0.9752401412555805,0.1203468443460523
0.1112877466635192,-0.9474862427595252,0.104130136553584,3.599835960150616,0.5279507518502378,-0.7432418335680546,0.0829092805584679,-0.9729131534257048,0.1149324448886481
0.1135706074308576,-0.9513563721936312,0.0937882545865525,3.718518841125485,0.5620996342659819,-0.6543931277720852,0.0838269385307097,-0.9697149563886238,0.1109697311059054
0.116597017944105,-0.9537534254390944,0.1031266936197025,3.674007671314068,0.7448093658508969,-0.6407455357581142,0.07873204429599,-0.9744203528877868,0.1192320563905794
0.1164208095400916,-0.9537931500403718,0.1137330801004816,3.6948134800702257,0.8676823566815701,-0.7294315861042948,0.0782523368695568,-0.9747658812770486,0.1175893073548854
0.1114045976419856,-0.9520729672079932,0.1032358990833289,4.008745833711837,1.0470295674965686,-0.8117328633455343,0.0803026071680682,-0.9718896506213884,0.1167031781594883
0.1146139740005522,-0.9493960444470544,0.1096718365518539,4.477868802800664,1.239077908860083,-0.813540660558818,0.0802156343917853,-0.9702009347004664,0.1208970640487767
0.1160618696220622,-0.9480934318543208,0.1116429091408533,4.633959216219135,1.3338611939311118,-0.8813387780535163,0.0833235412026091,-0.9693478998540954,0.1164860486927235
0.1105573474969238,-0.9385773480407744,0.1037947701924961,4.180475834480563,1.3684793151600825,-1.0144648127852227,0.0807487318574081,-0.969998668960164,0.1162862540430968
0.110106829441547,-0.9438652970292508,0.1028916495367001,3.4033765796351414,1.1907090810521388,-0.9652434837301296,0.0801388883267363,-0.9715039404945988,0.1167325367138489
0.1132987701269807,-0.9519870205312267,0.1001899323327271,2.7811754007056826,0.959378818136715,-0.9027616493087176,0.0802681379536844,-0.9763081009814704,0.1126226034035111
0.1152847901308557,-0.9493349913297484,0.1023113648574832,2.6617735919948,0.8374678384109616,-0.9568979643212432,0.079676294307278,-0.973476431433915,0.1146214463757526
0.1078041223531568,-0.9574659907368754,0.1045282200833657,2.913629985405328,0.7920318091094313,-0.7855767327901555,0.0827886766642592,-0.9680341412104564,0.1159656622165485
0.1045427321047942,-0.9501076925067315,0.1048436471001862,3.210757033276324,0.8484209085374882,-0.6649915853154036,0.0775722111660768,-0.9743927982568864,0.1162516625043759
0.1116338011552075,-0.9455561059066966,0.1022091229913382,3.472050475738913,0.8410971754409795,-0.7542836981978835,0.0766673097864079,-0.9758557537358818,0.1156359732076476
0.1036030497494681,-0.9494202493649174,0.1008390474906402,3.7171528245106833,0.8939739367906383,-0.8102428046839235,0.0789164399295358,-0.9724369388993116,0.1138732033309095
0.1093346002684106,-0.9460017294888052,0.0979065825524106,3.865385498788206,1.0326961032484054,-0.8865404242737219,0.0762726516633587,-0.9757427789090932,0.1132297543653294
0.1162334964854525,-0.9469836720432788,0.0888325448862278,3.8433253767834072,0.9928546735307632,-0.8935116559665284,0.0800933880729829,-0.974591090704824,0.1125776237968886
0.0966945551170822,-0.940220288183152,0.0976555230353648,3.660109708222807,0.8958016415605285,-0.90093533407646,0.0823077197712995,-0.9701183196676326,0.1146666431695681
0.1040550661428211,-0.9447672866265724,0.1019280560220681,3.4436453606862667,0.7738908754735137,-0.8895827321921006,0.0803839865424255,-0.9714928678122052,0.1146646884866766
0.1120275428447138,-0.9444778585011088,0.0982069856955371,3.3933685238203477,0.6324094048650388,-0.86113108935472,0.0782021706224795,-0.9719539349026268,0.1163175240177527
0.1069770942590115,-0.9381092159595654,0.1120703136251492,3.385828622656312,0.5861575524530986,-0.895228228610668,0.0782837158526138,-0.970205070975295,0.1189880596763602
0.1113948760814385,-0.953834815389182,0.1089809678043721,3.4776634140658325,0.5726490970798915,-0.8272803136039423,0.0794218970293775,-0.9718951823625372,0.1158015510881927
0.1012387663393085,-0.9515655871695804,0.0996672478042598,3.656567580333069,0.5711636523707495,-0.7948703202021788,0.0797185699107386,-0.9720107871436998,0.114966563227487
0.1009522648086503,-0.943229843631174,0.1040609102799211,3.700798860659413,0.5385040791743153,-0.7601929708811189,0.0830746212961214,-0.9709596869658704,0.1144401899860682
0.1068522068223861,-0.950850533914034,0.0984174044011121,3.7444526767500337,0.4328206182673962,-0.6888429243125892,0.0804594104237764,-0.9703061939693708,0.1133087688248606
0.1075518980161465,-0.9416954284447128,0.0985778235656278,3.591912750994996,0.2832750590610642,-0.676180714586797,0.0780199888770186,-0.967576553687125,0.118552022698372
0.1138344760632532,-0.9401313724982632,0.1056530936271876,3.3345525528539954,0.2428664641512071,-0.6374702207645425,0.0775763690045616,-0.9710692941862988,0.1203142715616162
0.107040379057994,-0.9530100638351012,0.1015954534602844,3.219874751135818,0.3064537857707677,-0.6487898194401818,0.0750692732580764,-0.9726126503809835,0.1141881143267566
0.1028132931783559,-0.9408842219228536,0.0964940981689426,3.117629080103745,0.3569273583793054,-0.7029214492018456,0.079679427729533,-0.966450514689264,0.1149171143858898
0.109479734591575,-0.9403081259352024,0.1030635535064688,3.085289992286459,0.5344589592815945,-0.7895609162751125,0.0793838309704696,-0.9677689911604944,0.1192293552658767
0.1089667093525771,-0.9570794235939194,0.1065788769751739,2.949367856437407,0.6803026424690619,-0.783354921963549,0.077298826887545,-0.9711012248642396,0.1155626063004012
0.1060332137451608,-0.9492433341283526,0.0999371000906516,2.8117957291821845,0.6505079813892316,-0.7239874669683092,0.0814539311970456,-0.971825169621402,0.1162709787058886
0.1053471058293148,-0.9431522738385558,0.1015354609582671,2.843336825165026,0.5700349499877715,-0.7560123818663802,0.0826286923896922,-0.973968395181378,0.11864730300224
0.1045550245680137,-0.9492617833831252,0.0967250515362894,2.893465815512451,0.4831661406036547,-0.6578247360656417,0.0812332667333103,-0.9731728893925402,0.1132899575336608
0.1059404325669267,-0.9509648133992954,0.094075967637492,2.9762503191057568,0.4191064392317564,-0.6054292611265841,0.0787237689447643,-0.971759660453861,0.1130629893385711
0.1104034214902763,-0.9508040790818384,0.1025964214807151,3.1130825754995146,0.316901980083111,-0.614389610402634,0.0792439833429461,-0.972283727451059,0.1135985111939978
0.1106171457254916,-0.9533045095221616,0.0972423053685551,3.3399233214325466,0.2851964988416011,-0.5053586152713863,0.0796168563676715,-0.9723910244581282,0.1126275997069695
0.1056571731304127,-0.954935024056593,0.1001715242902187,3.459940981803981,0.4423464485370605,-0.5220771756958844,0.0780434588443842,-0.9701299103725698,0.1182100683843104
0.1055713188938014,-0.9455414377935528,0.1049976160447366,3.4859295707005784,0.6891843631642732,-0.6207123089569002,0.0797634355461109,-0.9714452378342336,0.1174201162204949
0.10822674867083,-0.9397978394962468,0.1019860157835208,3.573583674510336,0.7934302686231642,-0.6646540189675096,0.081079421015075,-0.9744876291533818,0.1131745186216262
0.1094519715303484,-0.9490644507463926,0.1099945301358747,3.5479480283752367,0.7585882791496372,-0.6375265438224955,0.0790037096187672,-0.971568771303637,0.1164308214204307
0.1067812249086929,-0.9475157791612162,0.110282315274303,3.5218267630874003,0.7466164315556051,-0.5817645880105821,0.0775685470076181,-0.972802662851533,0.1179676161696151
0.1033361061791929,-0.9415275922381984,0.1113596954891386,3.636834494091533,0.6459218133381396,-0.5685861912500991,0.0793927780250017,-0.9753568058007498,0.1174229644923162
0.1091317908143374,-0.9485745302564488,0.1090882426248509,3.790920958623434,0.5930833564640049,-0.5613613765625817,0.0786311683072097,-0.9724767582353387,0.1181639281692431
0.1116469949387751,-0.9446792923461031,0.1071357253497444,3.963636141513725,0.6205794283839393,-0.5910685735765147,0.0788259485812297,-0.9730940145287796,0.1189103261278103
0.1071224892113563,-0.9433390660310714,0.1195044956962476,4.068791932365778,0.5857069596619785,-0.5784623046555377,0.0807918825594684,-0.9730586301042498,0.119166886761536
0.1067590341102866,-0.9515957880848476,0.1101788962436941,4.058983790054566,0.5914461656665961,-0.5249308219758678,0.0797518593921395,-0.9712228784187604,0.1168451964552803
0.1089001999108502,-0.9487322176102776,0.0999251210893626,4.082926986131275,0.5668663469566145,-0.5876972710016004,0.0787871130955196,-0.9718465571670746,0.1181021182893558
0.1064644612606615,-0.9465021188694442,0.1039094719470676,4.125027916047564,0.4979516786798694,-0.6449686522388541,0.0765425782522765,-0.9706111271543896,0.1203930356231941
0.103594973187254,-0.9462223139035608,0.1087053761723765,4.1156580895573445,0.5303724295676467,-0.568123570676727,0.0767740706853168,-0.9709001202356754,0.1188350174927403
0.1086254076794729,-0.9483041379176094,0.1111838715218839,4.045435139224167,0.622906871918552,-0.5501465146505046,0.077486806324148,-0.972723756520921,0.1205805394248614
0.1069636373051265,-0.949923297731793,0.1095661342411434,3.9521277600933766,0.6478553734423916,-0.6492704242639071,0.0784524971356363,-0.9709778192725916,0.122138782082095
0.1026488971941718,-0.9455486262398148,0.1162847111289875,3.948483313895918,0.6882086553739717,-0.6749417147552137,0.0802856978150753,-0.971012805418958,0.1218771890042958
0.106166895712561,-0.9472224233429962,0.1048045091933099,3.948530052173671,0.7364654840602444,-0.7071243804880581,0.0787359677678531,-0.973870373415404,0.122880112667546
0.1081463003331907,-0.954927520076458,0.0987997303057932,3.964931714890545,0.6798252434741301,-0.7299976143761006,0.0787787148309928,-0.9765215560390346,0.1226399748656159
0.1091817248935892,-0.9574165219922428,0.1081540193984478,3.973359256768787,0.609737850822158,-0.6577280677576206,0.0770083852352486,-0.9760797416709924,0.1212565827500036
0.1064347151700694,-0.952696706634369,0.1037614936539627,3.933421220725632,0.5034681201338801,-0.7122063517068538,0.0782336107440684,-0.9719870965138532,0.1198454699602893
0.1048823642126756,-0.9527166593417616,0.1111260649992995,4.04152877683998,0.4207992756742906,-0.7477203842175979,0.0805399348257647,-0.9733158549458066,0.1205000807704637
0.1045082987217208,-0.9490347296806628,0.113217623183608,4.304520975755207,0.4850553102725801,-0.700702210097538,0.0780021892019701,-0.9776055173741084,0.1218609153420956
0.1078817426492815,-0.946787343149832,0.1123190063610088,4.644442396576656,0.5962693314208127,-0.708826860323256,0.0795095856909965,-0.9761345783974698,0.1212053970052971
0.1143724767733265,-0.9559093849042308,0.1148756899272122,4.770603692704583,0.6325168407944273,-0.6627368778324578,0.0799248306176351,-0.9720664820572942,0.122049757887611
0.1101486292992979,-0.950592276022645,0.1083892205268951,4.495589836394717,0.5798600752479588,-0.6856806204070671,0.0801967785283038,-0.9721712179610764,0.125362349583553
0.1117701919832116,-0.9381234951597622,0.1138604169848674,4.048207134811618,0.5094170314953864,-0.6838251940516131,0.0801306711883169,-0.9724853929672496,0.1224671507474363
0.1097853145431255,-0.9376393796663824,0.1153351171897933,3.573846148827978,0.3632087986829028,-0.6014501859959566,0.0802459139180809,-0.967875096139874,0.1176066707013545
0.1018374857063691,-0.9428493855361072,0.1094412831102125,3.259887988907482,0.1910843164128994,-0.6103202736398169,0.0828933143465119,-0.968881727205368,0.122656416444208
0.1056680388074957,-0.94343168672241,0.1109276816146611,3.2774795305106803,0.165941674597847,-0.5752325129098691,0.078162404192451,-0.973903295863833,0.1272989001883264
0.1030544595677078,-0.946254919683464,0.1138662616361184,3.538178844167082,0.3112387240444743,-0.5771748504732913,0.0765295236953792,-0.9707815992515714,0.1250082980990298
0.104237445352872,-0.9526341214060714,0.1100816967742373,3.749200792692588,0.5392950246233852,-0.6298617885651671,0.0785014029244791,-0.9695884501434704,0.1230700497659505
0.1047113974087362,-0.9485136581874124,0.1041556458593438,3.890177473939156,0.8305952269042165,-0.7057344447073597,0.0762973009949406,-0.9759503023591644,0.1226331271271428
0.1037641983190551,-0.9537178676794912,0.1047360145465052,4.068780249551368,1.233504380616371,-0.9336109765923716,0.0771856605424781,-0.9747561157510888,0.1214712174481325
0.1152447613280796,-0.9578133662184772,0.1048151636069581,3.9298336249209895,1.4326179217674004,-1.0667736053399888,0.0778733442843968,-0.9704211797377538,0.1185159576581489
0.1094155739564315,-0.9414069844592884,0.104664409129268,3.5980663615899635,1.3547609252947452,-0.9876292149612792,0.0784912388636506,-0.9720797870395984,0.1175205191704535
0.1054374965814964,-0.9433383161144514,0.1049086555477618,3.396794993158343,1.151745489062096,-0.8063258757208082,0.0795426763251036,-0.9710468652963428,0.1189571952535895
0.1099489124320413,-0.9541218405975608,0.1118237466673218,3.306485742000777,0.8476891250452183,-0.6803401625390276,0.0789708286061298,-0.9708282487798492,0.1208339744326886
0.1075451345240548,-0.945716307625265,0.1182816474200568,3.646159691577593,0.8133274819030112,-0.6420066752275317,0.0784256151391856,-0.9716357075670076,0.1248589430094207
0.1116756837917545,-0.9467188432350556,0.1140752576489964,4.2559211655815945,0.9096102326242,-0.550390170489161,0.0789719534584503,-0.9689953283337194,0.1267438577631499
0.1057823282160165,-0.9488101740658011,0.1123930504607168,4.647320781691763,0.8706060818836986,-0.5336934349115198,0.0797245800934493,-0.9701777704281016,0.1223633378338063
0.1039324233085852,-0.9430388154348716,0.112352527422352,4.555128033754341,0.8071144446332754,-0.581644077282076,0.0772665817560616,-0.971509423122222,0.1174776046081497
0.111216265181731,-0.9455123591867448,0.1129761805905843,3.9568129143969415,0.6441973268189899,-0.6115055085222367,0.0781690709696031,-0.9696588823510524,0.118643235812636
0.1110265635261979,-0.9409466544055732,0.10897562603746,3.361145032360918,0.4792832940353664,-0.6805142665589636,0.0814051381690065,-0.9715602732404696,0.1210251970430664
0.1106977666444596,-0.9446054019911644,0.1113132351312835,2.8481585899194872,0.3152580161632195,-0.6819997617121256,0.0811121242760715,-0.9751434519878468,0.1205634274579307
0.1106465942401818,-0.9539256421511996,0.1248484766647452,2.426722942317672,0.205619891415389,-0.6042671944484707,0.0802479708244118,-0.9771628357476329,0.1230586783662446
0.1117439676049857,-0.9533261045300728,0.1207123325265899,2.5017704117322563,0.2431304230896398,-0.5957386214163507,0.0786138392263901,-0.9796219521694792,0.1275257109756351
0.1038973711320744,-0.9575491737811308,0.1096927505164756,3.0652809609577005,0.3943443657386268,-0.6261724129266756,0.0774737259213233,-0.9789524994065184,0.1311355874629602
0.1008430082732834,-0.9515406812698451,0.1056587984761961,3.97100414529661,0.7428481408909848,-0.6895470073470071,0.077643516888779,-0.974745569536094,0.1294356566734908
0.1044663148743648,-0.9414825819899127,0.1117895276311926,4.955012612560553,1.1146010080272346,-0.8240303084532767,0.081009692389048,-0.9722658665507844,0.1261030351847131
0.1016490884750588,-0.9422658561534292,0.1203300858405959,5.624158659476204,1.35135795279252,-0.8466146458669525,0.0814120531790698,-0.969169220978932,0.128719739056539
0.1099788297788033,-0.942194822739859,0.1127145269447393,5.784452412809198,1.3013348092424994,-0.8439059533724349,0.0779348601554457,-0.965109282640108,0.1268357363292843
0.1157500490136804,-0.9385186112045982,0.1109958122001893,5.439016518051493,1.0189881699742322,-0.7988246334144717,0.0804437840653722,-0.9665618678779015,0.1270645215808696
0.1116120839829367,-0.9411834901053282,0.1115239467508453,4.799341432213106,0.7458974622733093,-0.5945464252353798,0.0812201946546605,-0.969471989579498,0.1296971315699143
0.1093878223740303,-0.9510312111215234,0.1126120910333138,4.279791718972895,0.4038106761554867,-0.4956789801822667,0.0809794381027008,-0.9727744390537832,0.1265217996337975
0.1044432961180978,-0.9479190675991068,0.1187489327253995,4.158539614556898,0.2203266789631572,-0.4814194991909761,0.0813456144634174,-0.9783979116633912,0.1261612009206089
0.1097542894692241,-0.9458720941099404,0.1095129766770464,4.132247945393628,0.2709416521128222,-0.5150529630722973,0.0786095921032659,-0.9749444561737874,0.1243679831180666
0.1178243483629744,-0.9552734428945338,0.10765298143796,4.160360987740211,0.3566317752660892,-0.601509425703882,0.0806087957156028,-0.972530708636984,0.1256697671761826
0.1076465318642921,-0.9531792867895252,0.1166851076347524,4.480566749841108,0.6026078553400777,-0.651376899112735,0.0782230545112556,-0.9774060497530528,0.1246122111640804
0.1048968573030693,-0.9449114330358126,0.1249619655423745,4.750578494842664,0.8293964120187433,-0.7311334343662306,0.0746430959855557,-0.974897455693674,0.1195001753021946
0.1092019955800705,-0.9402789680539833,0.1206823791167497,4.833643795912999,0.9247750145537584,-0.7949453440369271,0.0810192590804515,-0.9735489087138044,0.1243230834174939
0.1101188224297584,-0.9434712273924152,0.1074636875048981,4.902702056249106,0.9626509963342712,-0.8060001862974012,0.0821218111940685,-0.972025204088749,0.1272425197710011
0.1147181831393261,-0.9457502334891504,0.1230348513029512,4.922860158782958,0.8152155236234823,-0.7432423662844543,0.0805374585730194,-0.9671982034431088,0.1288679702654483
0.1089135291492459,-0.943964279897167,0.1309067357741743,4.92789639677421,0.6621303223119839,-0.6127364937334618,0.0814697628338398,-0.9689404431295549,0.1288697489506379
0.1143196684828306,-0.9485171721262228,0.1220691111917723,4.907108728991733,0.6332384357294074,-0.4693049584533775,0.0800857030639934,-0.97042987558217,0.1304361019432412
0.1144299395257739,-0.943355785852752,0.1186506795811395,4.778383366131776,0.637861362553644,-0.4971976500241538,0.0825082560309416,-0.96988184863879,0.1360198125808744
0.1001879800092483,-0.942371356769735,0.1080714733773916,4.730451390561553,0.6515480409588627,-0.6488437763868258,0.0820305213126933,-0.9709066523405196,0.1314733932486403
0.1118992279153552,-0.9491681880005944,0.1153031634757955,4.895142123426293,0.7176540055914284,-0.6173783663413848,0.0805073345895087,-0.9724249162748848,0.132768519153375
0.1156246028537522,-0.9421989909472914,0.1236530217029644,5.182179540416847,0.8595564432935482,-0.6687145113197512,0.0833218944758189,-0.9725156674120132,0.1349074859091935
0.1088434380275002,-0.943915658213607,0.1164309080769716,5.506377061351814,0.9157572076538902,-0.7732414472721791,0.0812742312143423,-0.9710832418301688,0.1321514747555271
0.1084263649324823,-0.9470423698042296,0.112109121503734,5.565509938714639,0.8856814901726361,-0.7435918974189613,0.0781912002132122,-0.970098727226824,0.1328181379949025
0.106642597626271,-0.9414513999573276,0.1166529601479768,5.146521991914529,0.7461232291784005,-0.7390035080628957,0.0785582102362317,-0.970171372133382,0.1259209540865515
0.113536483181522,-0.9472522850741452,0.1165018263007525,4.545802149499996,0.4742488623094356,-0.616061408494157,0.0817286774421089,-0.9709902338483862,0.1275825628792534
0.1124640294068219,-0.9513642982789444,0.1060052662152569,4.208910153494468,0.3858153590137254,-0.5323448842657365,0.0835195224853384,-0.9723248432217226,0.1312453270737771
0.1102167419177368,-0.9472532366358156,0.1210651901306519,4.210155444739291,0.44019100616232,-0.5437995336886571,0.0795415383183437,-0.9733330681999908,0.1265537175215004
0.1121015810038874,-0.9461927543075984,0.131561292358802,4.344264973609457,0.4697102881725694,-0.6105225026360978,0.0788672101171616,-0.9733897392431968,0.1302316021467582
0.1095318119309066,-0.9485730017151686,0.1157970596616283,4.5186060219672175,0.5901348217946143,-0.7265253881118238,0.0820138071651959,-0.9770439993925296,0.1297939837102961
0.1101932879159886,-0.9478865461396012,0.1163875001413073,4.619357683510116,0.6676818895113811,-0.7258109714548249,0.0803166302542075,-0.9761654142920227,0.1273804612064645
0.1074171785275472,-0.9425291384346258,0.1244330896024291,4.665510804797874,0.6724161537719779,-0.8424737252882187,0.0779200244906906,-0.9713739140765428,0.1305156074346073
0.1074675337143649,-0.942023584649316,0.1188790527550054,4.7553163088748605,0.7152350895391689,-0.8607581023171612,0.0792403366532107,-0.9730460897721314,0.1298658027794425
0.1129400675758852,-0.9461452021851232,0.118424282614596,4.779940595075035,0.7867162972040673,-0.7763300322572357,0.0810874116645103,-0.9723662701986148,0.1303245656700103
0.1138939388635199,-0.9445697327765878,0.1224146903531615,4.716410250419992,0.9347094862702208,-0.8766450482746665,0.0816493360365443,-0.9705644238075216,0.1327363752998318
0.1105176880303665,-0.940273809049701,0.1150078758137146,4.533472825618616,1.0517724311726742,-0.8687800196499026,0.0791044132326387,-0.9698731813579856,0.1337381143947374
0.1100388167794892,-0.9462115831977777,0.1209966724408878,4.280567626809206,1.0894102975366953,-0.9190501913866996,0.0795376298301525,-0.9704560485424684,0.1315950903669986
0.1183556803748976,-0.9505051462479656,0.1221780366073329,4.000458264430011,1.0925575525924434,-0.9894360039121202,0.0853244812452853,-0.971403493942998,0.1296947088622631
0.1149587683375845,-0.943129164669803,0.1105256192400792,3.675320347680042,0.9930330415501014,-0.9067823480970734,0.0848392685346368,-0.967580072742925,0.1328385094332946
0.1111565238219645,-0.9475326004132296,0.1156513671911231,3.606657076015815,0.7702530689390212,-0.8878254226212675,0.0818997129057589,-0.9690908606855346,0.1327120144834265
0.1186909202640113,-0.9539735105158034,0.1142269309886393,3.746420560369194,0.5306615251280409,-0.8281611980510634,0.0825039942621176,-0.9729399791150056,0.1317260079332787
0.1058794237212827,-0.9444172872136698,0.1176488001495138,3.9355741537065536,0.3825253402018606,-0.7468278414528892,0.0819443469942712,-0.9741218523561456,0.1339510309786303
0.1037456650174558,-0.9444365602938212,0.123925829989292,4.151817949240535,0.3746292769962716,-0.7155714563503045,0.080937588196259,-0.9746595890487794,0.1313251007222453
0.1113385596743199,-0.9526437410470528,0.1191076368808659,4.063940491349215,0.5081719307931888,-0.7641237413568357,0.0804811145148022,-0.9702457221047472,0.1294793851600915
0.1026954979049317,-0.949656107295976,0.1291254229981351,3.902593598402069,0.6247409387733399,-0.780435828746447,0.0822598215657807,-0.9688309382116072,0.1307817215150517
0.1103816243227002,-0.9449271523450088,0.1287581573244578,3.866579758520141,0.776778167448616,-0.6799431102707275,0.0817955785669171,-0.9715424577143064,0.1292683554207508
0.1131268790152687,-0.9475750922609584,0.1186511521957353,3.7493663651179294,0.9629757564875566,-0.7729479591067491,0.0775109738287925,-0.9725854822261474,0.1297150047808209
0.1031505859591657,-0.94886651585556,0.1264977533499901,3.737500058785152,1.0322420620551456,-0.8481869708308036,0.0787738486815397,-0.9721805191159976,0.1343982573104474
0.103113094916371,-0.944764939144746,0.1250476852434796,3.772391343235757,1.0392653539508732,-0.7819603585369834,0.0811195109961393,-0.9701755450433056,0.1368527232976946
0.1107098082456061,-0.9447009366925632,0.1144636975508737,3.724619682617548,0.9800591025737776,-0.8868094002544527,0.0786397135587882,-0.9692958485142674,0.1346087910897428
0.1122260602383383,-0.943579011359751,0.1162358047613808,3.684356290249407,0.906984736405122,-0.8803513924651714,0.0786847254109102,-0.9696983366629524,0.1331141204973557
0.1078568548118225,-0.9447788435141132,0.1207945465681474,3.688076595671909,0.8054418805734539,-0.7749780890538923,0.079213467453321,-0.9709390853768678,0.132612512949182
0.1154702950771359,-0.9482054355197008,0.1260686305327813,3.785392772482009,0.8068216132214447,-0.812869209789691,0.0780124042603024,-0.9719910609176032,0.1341984895307834
0.1129658893933367,-0.94683485499922,0.1297843035273766,3.917949385409477,0.8489981601637888,-0.7569899795807702,0.0797594395284512,-0.971789674194072,0.1365342605515863
0.1132808110811209,-0.958111507386916,0.1234769562813563,4.0467342776218205,0.7373880973412681,-0.7287198463069716,0.0805975382988874,-0.9731524331044976,0.133543626495187
0.1115109975518688,-0.9574910826521774,0.1216072155321324,4.094142677802066,0.7840601870311448,-0.7203084515486212,0.079818978305707,-0.9731477181371596,0.1320738727311808
0.100595279331397,-0.944689361745422,0.1279920793198041,4.105225502880501,0.8421347096364559,-0.6310362260358849,0.079732109288182,-0.9705295897375468,0.133563053585453
0.1127335562779129,-0.946126196282651,0.1282377322952077,4.180951526547224,0.8116723018275229,-0.681631290877043,0.0804354250688568,-0.9697098742242668,0.1334852410666862
0.1070492155387006,-0.9404444374239872,0.1274077026498597,4.135067080909418,0.8454014565972667,-0.7084602197006864,0.0808744051361953,-0.969139232654784,0.131682388412398
0.1048768119675144,-0.943328720733718,0.1204779660320296,3.990878367702348,0.8074328438554612,-0.7056911314302045,0.0787049027325266,-0.9693269598178486,0.1320753631314025
0.1196568886296605,-0.9464559455187214,0.1201436542991489,3.9018617599858456,0.8006428114802376,-0.726308332901116,0.0791067320657718,-0.971526782020156,0.13741095597524
0.1093298896400505,-0.9404249754798122,0.1313349547004295,3.7979066419299072,0.7964270654457488,-0.6974054686250518,0.0830686860449969,-0.9726300162934308,0.1366831745114578
0.102123156963201,-0.947409395306846,0.1192342133010744,3.784369195076939,0.817759034319939,-0.7102946376039252,0.0808957901146392,-0.9716258762747308,0.1335389398526015
0.1039657372257174,-0.9474493135088504,0.1177285819717459,3.917037731204274,0.8785809458270436,-0.684498423730936,0.0782172244115162,-0.9721951842768614,0.1374077115607542
0.1099702482271762,-0.9508672752034292,0.1289282323694144,4.001607986033333,0.7898110491590474,-0.7247085014926776,0.0815793774089123,-0.9743094959713106,0.1356178109966094
0.111666723023673,-0.9507698182099076,0.1285988541265089,4.057027713545896,0.7107320433966344,-0.7533786633176692,0.0790654465908514,-0.9701543530535236,0.1334170687953378
0.1085429684922797,-0.943164813192776,0.13320427879613,4.076412064560224,0.6507603945711907,-0.6284613136078656,0.0776874315057245,-0.9684458486208428,0.1385527186643281
0.1089495079640375,-0.9426300607026048,0.1191330836197607,4.070409727535417,0.5858084239269101,-0.589754916758203,0.0810313613156658,-0.9719372756529048,0.1376478886030313
0.1068550168450028,-0.9364792048332872,0.1240409102450507,4.147820051511453,0.6708579934737089,-0.6760402074515449,0.0810442917124696,-0.9700139247980716,0.1375599973181112
0.113371835128501,-0.9413958693099908,0.1380591382529569,4.168485195759348,0.7343159153117337,-0.8010415017807961,0.0820821917871399,-0.971957767642906,0.1414053151503941
0.1072363469181815,-0.9388610087845366,0.1131854192176107,4.214238920776482,0.772878699210153,-0.7931680159137546,0.0812188785136048,-0.9731618164829738,0.1397773785727314
0.1051483908436552,-0.9356136866111884,0.1142760695151049,4.347178739687436,0.8924953086932303,-0.7602099688098952,0.0831826738609473,-0.969938687446916,0.1387194273896108
0.1235475850592215,-0.9522257781920934,0.1299516297297746,4.293943513436184,0.8973306714154448,-0.8442345565174254,0.0829068671989567,-0.9714916827144152,0.1383409404033578
0.1196898716702692,-0.9524907258492048,0.1268382731435386,4.075721307465752,0.759322781349382,-0.8210921277090628,0.0776392905859341,-0.9723078316940144,0.1338864238393584
0.1111119529032938,-0.9477164463847874,0.1260706771155324,3.871340750882645,0.7023939674553533,-0.8050526371408938,0.0802745966188162,-0.973865834808054,0.1310077058145778
0.1120994952699058,-0.9520573959754896,0.1254186455072602,3.7025368522412263,0.787329308013486,-0.8397224145847494,0.0801018815689962,-0.973512329956722,0.1371723799095441
0.1045594707416491,-0.9506041314044502,0.1293436953832738,3.614208519365204,0.8009656170719812,-0.8432741045758753,0.0767922719135698,-0.9709223539020704,0.1397276428053581
0.1004958522443759,-0.9448507796982626,0.1356216035455386,3.7262953466087168,0.8056025573574567,-0.8290741806298436,0.0775659665471711,-0.9719267016385292,0.1359399153198711
0.105844676190061,-0.9484394794777108,0.1329731941461301,3.90889980438477,0.8500055210930557,-0.7830583839559199,0.0786699488354135,-0.9714557190510964,0.1417548402949562
0.1078816370536181,-0.9497983079849288,0.1212579621402839,3.8960836722382313,0.7806607537305068,-0.8232562092981875,0.0800720391173539,-0.9687488668680128,0.1390269020037672
0.1050130194788359,-0.9416907480894348,0.1292301455097095,3.72752584618018,0.7251681060804395,-0.8677551033515095,0.0798322406476907,-0.9688601124328932,0.1343045453745964
0.1115177815994079,-0.944968765888063,0.1331511064883342,3.555165428303084,0.6753540631851116,-0.8266115410161884,0.0810824557697801,-0.9711886366299548,0.1430549665309515
0.1161193133584773,-0.944373879588446,0.1182295210345721,3.581945315987625,0.7756686031113246,-0.723661526401548,0.0821922159562651,-0.969241096307436,0.1398473955262552
0.1118526368899811,-0.9463130550615012,0.1212423176170783,3.760642705831073,1.0168953234946565,-0.6872579429384383,0.0793533251194382,-0.9702156792798396,0.1361871102968846
0.1092412654566019,-0.9540063396513956,0.1239886478284498,3.915974119463492,1.0921077315022036,-0.7374856909350432,0.0790008605604375,-0.9711816056389384,0.1389391097507376
0.108091418370454,-0.946272594076355,0.1326987337123753,4.193406694628753,1.1426233584849903,-0.7184552885274307,0.0811237190174316,-0.9677528071987198,0.137370329994974
0.1122958911557022,-0.9443942874081256,0.1326001188465838,4.394903593206921,1.1958753360657144,-0.6956474465030159,0.0812454105678354,-0.9725780307983762,0.1366669104998181
0.1120462924974862,-0.9423211576356914,0.1249900950521148,4.289484162331415,1.226959687379472,-0.6716417806102398,0.0813684920999165,-0.9718483443471008,0.1333528706891176
0.1114408029707661,-0.9398428029378972,0.1345147163731116,3.894822539345404,1.1549702841207208,-0.6678239725390746,0.0828744625849578,-0.9642204814510188,0.1355864095225913
0.1126523986157998,-0.9447296053895284,0.1264696187834091,3.3098267037977065,0.9762070144220338,-0.6598661251255425,0.0824285008306929,-0.9656864025655834,0.1377352192327571
0.112441808565924,-0.9466948781880457,0.1283295130543355,2.95266064442372,0.856962554907228,-0.6026999793216216,0.0779697888813759,-0.9678586828082758,0.1377347898973253
0.1140217579344982,-0.9456897251047592,0.1329485023537312,2.97912689807404,0.719502587282422,-0.6064185428697445,0.0787541069400841,-0.9663390850713072,0.1426880579850629
0.1095759966731517,-0.94113431099746,0.1269075059519323,3.4244910095857395,0.7449367791202596,-0.6481133369382609,0.0811053471982134,-0.9676749628575648,0.1405039369084252
0.1142781351766283,-0.9457685004252312,0.1360139112034504,4.0892397276389625,0.8636706106576062,-0.7049045575698833,0.0775717035135721,-0.9692940003355376,0.1408022123331421
