ADXL_X,ADXL_Y,ADXL_Z,ITG_X,ITG_Y,ITG_Z,MMA_X,MMA_Y,MMA_Z
0.1563396562213968,-1.1683289929842724,-0.1973603436534406,11.31178691237738,-12.853993201314,-3.8782712787761993,0.1145263566977319,-1.1339739822074422,-0.1028318327239727
0.1395561050639286,-1.176593782845006,-0.2011518689303373,10.68277017833087,-14.618449618715536,-4.44951701166454,0.0887708082245732,-1.1399168370718151,-0.1326934536435552
0.1567362287122387,-1.179426608195944,-0.3417211950949615,11.235082369458365,-15.108548463587708,-4.408921216116061,0.1139216864811903,-1.1381736874211548,-0.2444852786535764
0.1954497019214089,-1.2076197634248698,-0.5296894422563192,8.897411083631894,-12.861140759702506,-6.563933366112676,0.1500032495139112,-1.177311081564428,-0.4491297806434025
0.1941073519326927,-1.3020593756266512,-0.562457570284812,-2.525711882586032,-9.865303290716035,-13.44119605249219,0.1375377933276954,-1.311086938602249,-0.5548878362251606
0.1333589904650975,-1.425707869626774,-0.5057065332869375,-16.85787276834446,-6.533129161058206,-21.14452699803101,0.0820762899003456,-1.396457775549378,-0.4391554739180543
0.0157892860738807,-1.4203281272020156,-0.3825380069417607,-20.025535489911,-3.183906202052834,-23.372751238510265,-0.0220429995373612,-1.3546802512711809,-0.3083778430290719
-0.0195875474466762,-1.2272206236053584,-0.3567649886820615,-12.206045264979432,-4.910164613487511,-20.32142519723111,-0.0430425986423311,-1.2085257791525017,-0.2796285342938972
0.0039379781148668,-1.0001650165978933,-0.4273185325964643,-3.111930431972808,-9.101755555509948,-15.287470361056672,-0.0036038081211556,-0.9859295970240358,-0.3288014979469393
-0.0305359393763037,-0.8216648714460395,-0.4005006494852132,-0.409182656128899,-11.786053392166574,-11.532491290029922,-0.0227419045658648,-0.8147324659495312,-0.3783693541559584
-0.0352043512408373,-0.6971286258044032,-0.4625558022740799,-3.382261849884183,-17.235298978304854,-8.914800357112531,-0.0384012039580422,-0.6945021457869385,-0.3749876151805482
-0.0375479750821578,-0.6185860069182492,-0.5823903842486537,-7.3118343563655745,-24.061081238228034,-7.441409787799023,-0.0642672336174676,-0.6043411839954677,-0.4246411156878535
-0.0593892338124543,-0.5719231540797428,-0.5311007311037098,-18.15581312071648,-29.04594801101193,-7.738567069549678,-0.0905434992887181,-0.5923175138248166,-0.4519327164816833
-0.0667979886138298,-0.6072225641814996,-0.4281114513834502,-33.25594776367766,-31.799216248356203,-8.401458911677782,-0.0925330743861731,-0.6087508691751944,-0.3615205922566444
-0.0806128383955646,-0.6869084955833514,-0.3444731337749274,-36.497755763748806,-31.742671981900823,-7.331383833205277,-0.1075605122014718,-0.6450931848362943,-0.26456810336811
-0.0655403262866985,-0.7739387676551968,-0.2751958626021837,-25.81111353250762,-29.08783229277145,-3.258008680549149,-0.1024802116921983,-0.7332054390927932,-0.2121874587984761
-0.0626309824549355,-0.8894148885035392,-0.2931554996066347,-11.066703054982929,-25.044306984772856,1.3852805124117131,-0.0954442648598375,-0.8493066516023157,-0.2283745764822387
-0.0870126422323998,-0.9740087462396568,-0.3289314876549992,0.4262172454423827,-21.03234390436816,5.40101538210392,-0.1174178822668743,-0.93305163001706,-0.2633008370986807
-0.066694692548353,-0.9940048292654255,-0.3368681751587991,7.8907520034201,-17.241436486826885,9.378787507554076,-0.0993288870050571,-0.9624465633701672,-0.2726185434264055
0.0034396532032422,-0.978599441506894,-0.3851521747003253,11.059554291634152,-13.7495612008424,12.95229573806416,-0.0285134693379569,-0.9589045852284486,-0.3095816113881634
0.057957951727791,-0.9533412721586,-0.4050456908209364,7.922192802006001,-8.706112260489933,16.556673228520282,0.0156364928944704,-0.9321221748530276,-0.3286503716369197
0.0676596556118983,-0.92784592691623,-0.3469765750415709,2.2525004381855496,-2.831374223288227,19.59211352849604,0.0324073612949533,-0.902762760573613,-0.2863952036327025
0.093413639957443,-0.9149820693187722,-0.3033526182321019,-0.1869505711158114,-0.4584440602659679,21.80995648145324,0.0609374526274758,-0.8899744443677571,-0.2347637054351427
0.1162497296152062,-0.9299127440897508,-0.275849396263068,0.4066263317210193,-0.0045964881945392,23.626746188596577,0.0795324735285662,-0.8990215932767489,-0.2049429456105095
0.1200588245057794,-0.9474716939287976,-0.2465416862316615,2.2896542169602365,0.8126077435978933,24.46856006736517,0.0876859154718862,-0.9114236165162912,-0.1819288574752665
0.1219578789560158,-0.9403542482387944,-0.2669988526510766,4.922612312366015,0.6316715251427993,25.012819293879144,0.0802664470878227,-0.9041456943539942,-0.1956166672936112
0.0860982784387724,-0.9221625562708852,-0.2859090205259135,4.194861997975994,0.0806004177065589,25.469510975730284,0.0528270999320123,-0.888516234745842,-0.2194516892588276
0.0613373568607953,-0.913397825581468,-0.2727654440786779,0.8081902329090602,-0.6240298814471893,24.485541022611148,0.033070522445978,-0.880866543977131,-0.2002614128795424
0.0502358599190228,-0.9103767735450624,-0.2849722529868992,-1.1735921816300217,-0.5422503699297193,22.89135067777025,0.0140517676249866,-0.8771406925147363,-0.2048434623186345
0.0133231141458943,-0.8979747594585232,-0.2876582416541808,-2.970167470305812,2.5405675860362966,21.1263004151098,-0.0107938710821404,-0.8711201758468597,-0.211228477288718
-0.0293322592675499,-0.8701294460663767,-0.2665688462276046,-3.884912506306442,5.88832640352812,18.981457367743538,-0.0548660598039032,-0.8508268588418816,-0.1936772455075053
-0.0510757665666729,-0.8420988551645994,-0.2540095962041491,-3.963705446099549,8.396486241764503,19.065626997989504,-0.0904508829151132,-0.8190458338044475,-0.1903652267807918
-0.0493704731306864,-0.8330635382103632,-0.2565064360155527,-4.896113666263956,13.267102505907236,19.674276405111826,-0.0911727005285627,-0.8124718529919575,-0.1857340940424754
-0.0690960309888405,-0.8398278790314744,-0.2573003114360346,-7.294740858975313,18.109614630969848,19.091744786222804,-0.100192480283932,-0.8202680004823992,-0.1864819311104842
-0.087311074078225,-0.8476642941972955,-0.2094432820322839,-9.867920860870766,20.77267509520717,20.047520460691352,-0.1099755182021145,-0.8218695448533098,-0.1525598210923656
-0.0880068058793706,-0.841270660862824,-0.1662269244962238,-8.51393759857699,21.85045538659808,19.042932485736813,-0.1106929807888855,-0.8152557782761687,-0.0964197997478289
-0.0748424194624813,-0.8260479927335469,-0.1718534288766074,-4.8942421670656335,19.40454272168255,16.556952188683404,-0.094159213813898,-0.7938160758814886,-0.0871992694072265
-0.0685087434042695,-0.829179003397044,-0.1807592548502362,-2.704226857110633,16.782350412777813,15.496162062147686,-0.0894158150240807,-0.798700827085556,-0.1005101640552757
-0.0911708337625244,-0.8492732523405808,-0.1826895651241003,-2.070258138157721,15.966972631319653,11.050329537999458,-0.112573738565695,-0.8204299772414876,-0.1131291969827922
-0.0770169148213183,-0.8631079861930985,-0.1857291682386849,-1.788163804820053,13.973916798709643,5.992573442579686,-0.103639625809929,-0.8316017857770119,-0.1157039471020988
-0.0877590647993249,-0.8753026738203687,-0.1904741914072117,-0.4858951170066539,13.057601785575727,2.862689604585852,-0.1157469997554749,-0.847362749864564,-0.1121358291498781
-0.1232707839462174,-0.8826900048691279,-0.1815105869882244,0.4635008386193015,13.425242239783325,-1.303269635453594,-0.1506364849426703,-0.8504137344651983,-0.114458505737893
-0.1041721451997497,-0.8727441501033559,-0.165335063028896,0.5803588900168913,13.247664983649292,-3.5988476172249984,-0.1449140898371454,-0.8474696223552061,-0.0936536436989316
-0.1102860353835895,-0.8729448715433181,-0.1382325865426399,2.0439638855339304,14.670460925436243,-4.075580398793847,-0.144549464415332,-0.8482245911072246,-0.0525605867550754
-0.1187572809600094,-0.8820907457096949,-0.112115091309413,5.785391603060847,17.449858093201655,-5.883598072612814,-0.1477480355090002,-0.8462498834903788,-0.0411519595331689
-0.0925710214958732,-0.8795760327400384,-0.1343114684181757,9.798579342195996,19.363531294634715,-8.053442316382032,-0.1241181283155229,-0.8472203794945435,-0.0601173011107961
-0.0743123356122124,-0.8883588846313992,-0.1604410006590169,12.151313646285308,20.7035709399878,-8.924360921016877,-0.1002930278476805,-0.8534747443912106,-0.0754740011418587
-0.065044566198028,-0.9024431019442862,-0.1733827699276718,12.78081959941586,22.00248829905908,-9.588420351330258,-0.098692796807549,-0.8685914055978639,-0.0898779258734477
-0.0539650204653367,-0.9070200164143972,-0.1954281128267487,10.670330761244372,22.270980039839596,-10.977076902065768,-0.086501335622909,-0.8812536589149311,-0.1112088189624653
-0.0220700746486841,-0.922156436781431,-0.2049408768980755,6.244787695811321,22.028427293632014,-11.411196663802832,-0.0458308714236832,-0.8978115833651028,-0.1248813401170851
-0.0143668209724583,-0.9477430507043152,-0.2056335787063633,1.7583018302159086,22.851564317667997,-11.391161698764916,-0.0369343504246779,-0.9210254414643384,-0.1250919837235692
-0.0251690104120597,-0.972243987641724,-0.1961579325020391,-1.5756246577760098,23.84303028555644,-11.94711635351169,-0.0474708483405576,-0.9389325415555388,-0.1230219973847174
-0.0218149193503454,-0.9915782662040552,-0.1987272275839098,-2.960897329662964,23.67671650345797,-12.073136704781264,-0.0470582142592066,-0.957710106931187,-0.1266074125450886
-0.0450175060464107,-0.9973546480597364,-0.2115754718818174,-3.5087369324229463,23.237997725995573,-12.028174805443,-0.0762225956433059,-0.9725159459524384,-0.1342946645146541
-0.0682837609444903,-1.0033483327942236,-0.196482289997361,-4.098100877754967,22.63375224050225,-10.758617052531305,-0.099695914789478,-0.9844644999625104,-0.1318824817078427
-0.0846120079274453,-1.0240539831664068,-0.1938354216268241,-3.667062383656403,22.048308628875404,-8.322964372975473,-0.1093399586392553,-0.9964707208815684,-0.1252214107666219
-0.0904134937418894,-1.0519946552467387,-0.2087041919398128,-3.049313850293451,21.86595646837573,-6.2495534310715,-0.1202411574108916,-1.023679224456122,-0.1323891933796082
-0.0799924057568153,-1.09579104180464,-0.192531932689333,-2.735154867637455,21.823472205364627,-3.2437609114512806,-0.1096739009563616,-1.0684885156426986,-0.1203053576156996
-0.1062197336825334,-1.1388123536198798,-0.1491802363822417,-1.4752954287699176,23.90377878674732,-1.528271255478435,-0.1265049917257696,-1.0976349937982215,-0.0761392402370047
-0.1101570950738485,-1.1712030434425686,-0.0944079152525965,1.5454792286192156,25.68975268590311,0.663483800596261,-0.1440451046027551,-1.1246921160695251,-0.0183345034352442
-0.0935188725710878,-1.1969009985450283,-0.0642320611337665,6.684596869673377,26.52209122141385,5.585436566291344,-0.1346629782179368,-1.14753498081922,0.0233725725795058
-0.1075624337330988,-1.1894177152274077,-0.0821560808732802,11.162482953127649,29.00394456196117,6.683381381431449,-0.1343054380159558,-1.1382892190407328,0.0005947429762099
-0.0789691708035395,-1.1735912946047948,-0.117255953877485,12.656467579732295,29.53513738672768,7.512087571613243,-0.1122653910095281,-1.1269599511483288,-0.0440204739130398
-0.0398056051158771,-1.1717620343378086,-0.1614696322070509,11.989614179993552,30.06612638327593,11.346076466028288,-0.0837833460127767,-1.1375874904818444,-0.079492269082772
-0.0502056783166752,-1.172587981312435,-0.1973430881493547,8.966018966990845,31.555342552512105,13.981067181369092,-0.086137353155204,-1.1440450817868892,-0.1184605283507234
-0.0594611003740543,-1.179652880405305,-0.2040741924383562,5.068185357433892,30.5227526632695,17.015379077757814,-0.0961832209149982,-1.1437318958742508,-0.1325732682948364
-0.0603614636885015,-1.2020171368043202,-0.2051758617606167,2.0936886998263287,28.91915644629098,18.425046377811896,-0.0956438223250569,-1.1647362492603672,-0.134309442645564
-0.1089418232809737,-1.2079870186140111,-0.2271018915884197,1.051635552154841,27.032381445251843,17.693889189984034,-0.1346224825090323,-1.163803371805861,-0.1512110041740743
-0.1675314398682294,-1.1885810213813093,-0.296940439774442,2.7349763418156776,24.66748069115652,18.85252490790339,-0.1926852177520734,-1.1491043741824818,-0.2164108385245691
-0.188843769254018,-1.2073287837279931,-0.3645647574993839,3.969581634820099,21.135486289421117,20.599230867182374,-0.2123422331078436,-1.1684620585071233,-0.2912306699843023
-0.2309553489422779,-1.2093445379038332,-0.3986542265703193,4.49750848279248,15.092821409597484,21.381908611252808,-0.2511915571023826,-1.1629700953262485,-0.3302318062997458
-0.2484821830446492,-1.156544332673745,-0.4597149048887357,5.109160794931589,8.879192026757222,21.72727822921729,-0.2670237804689753,-1.1275579609491102,-0.3911355626351432
-0.1686695350291311,-1.1026492096006446,-0.4911413094088574,3.553294210717384,5.709012577966346,21.308653275909347,-0.1990926632027247,-1.080425800557442,-0.4273281791685233
-0.0770867593701929,-1.037383289678076,-0.4928496860263203,1.7360779792370225,7.383046868038977,18.55747595883835,-0.1202071275496943,-1.0182164218255956,-0.4274580750217452
-0.015527823921371,-0.958974859626276,-0.52241071636035,1.8498200703172056,13.416419078097569,13.74694320246654,-0.0503534499738484,-0.9328418854724616,-0.4411178017107451
0.0857341371042015,-0.8693114545931973,-0.510033385623822,5.5332447639899245,21.599745650894924,10.101666445999868,0.0488199290861629,-0.8326610776739141,-0.4323879688150215
0.1979298927811992,-0.8144255909094407,-0.499238829638725,10.27709983070378,28.45131345221063,6.572027335636291,0.1603287016650774,-0.8007866423674084,-0.4368082062367305
0.2846649569074277,-0.8090422322334141,-0.4854330995128573,9.093985225660289,31.3238185880031,2.327899196164284,0.2531946120702693,-0.8025180993627014,-0.417889455944105
0.3541896646792055,-0.8095897833121862,-0.4053519362727075,5.530389595818356,31.35813365107872,-0.0412481364543831,0.3124578837390366,-0.8005468186693583,-0.3330831965418175
0.3507089442491772,-0.8488433143236142,-0.3556435715221965,4.772360122913237,29.766561413426235,-1.593872354496819,0.3118893262248239,-0.8355075923631607,-0.2837437216581602
0.2923986554300267,-0.9385436437780432,-0.3425507901960519,2.6306121080252978,27.188747955024542,-4.0827713081153885,0.2643021101891938,-0.9098062097066064,-0.2753857977814609
0.1966519041265418,-1.0128744871915472,-0.2956857043919364,-1.316094909097738,24.279858199413663,-8.508809752901035,0.1729274152534469,-0.9879667631209994,-0.2266405425464023
0.1025924809194264,-1.0158688026498028,-0.2417389320597942,1.1639554334413127,18.563755440099893,-11.698209911443657,0.0779378476936882,-0.9849008709513064,-0.1622237511749349
0.0495980606620361,-0.992355300211736,-0.2548920710060491,9.750460150352833,12.928575411128833,-13.488491521099371,0.0183958707706075,-0.9511760131693016,-0.1812703663124567
-0.0143049221383486,-0.9726486480284264,-0.2929308001114837,13.464736628444347,10.396995816885475,-18.067080581680447,-0.0367252391947752,-0.9399909917001374,-0.223985295465025
-0.0423981846534898,-0.9468931814776828,-0.2952972520701162,12.943391427527192,7.135431890435212,-21.575435271129624,-0.0619008696181014,-0.917000789008388,-0.2241855406050397
-0.044338581639928,-0.9345550742811553,-0.3162769605486278,13.165088088551634,4.225941862394201,-24.88080129260866,-0.0712608422866364,-0.8994844018042207,-0.2447244499221415
-0.0461859743315898,-0.9098741933004604,-0.3316053642099715,11.715872407409966,2.3957195430574627,-28.957498164205937,-0.0766681483996808,-0.8824791486121051,-0.2606576983631291
-0.0404197282496861,-0.8896849825421923,-0.3290873477449473,8.597909770442998,1.3688288009616398,-30.790534161864,-0.0714187500464026,-0.8745255689890186,-0.2616988422454034
-0.0267283688508352,-0.8918233609725514,-0.332277311608686,4.142258434031574,1.588201603500389,-31.435025725021244,-0.0521172185581635,-0.8711155512672333,-0.2580753447553852
0.0308800792054588,-0.8893183813957252,-0.2989921370391792,0.4199990142385528,1.9239611085606136,-29.125770831167607,-0.001875388022177,-0.8633552655706235,-0.2204138724187078
0.0487353775959156,-0.8816722594013394,-0.2471823431362295,0.9518806152872464,3.223702100897624,-27.462133656868406,0.022062351191058,-0.8538609983602246,-0.1762077116273556
0.0605637994534695,-0.8431996527163874,-0.2091358096612649,3.975274834064492,2.519199013496321,-27.381205536635548,0.0458497603264062,-0.8211426979634912,-0.1382352972695903
0.1021580186533924,-0.7752839907185439,-0.1885416735427165,8.353969900768936,-0.1684040749884676,-24.486297786406254,0.07947958958118,-0.7586779027297796,-0.1121591868164629
0.1044348842562697,-0.7222951888317144,-0.2008179190147795,13.613315152883752,-1.7732729060764725,-20.893115092385703,0.0844734538692484,-0.6950768569389264,-0.1251497136793637
0.1362733555795721,-0.6909268100810376,-0.2532966545615228,14.173501613311164,-4.035870762932873,-18.436828188442284,0.1081759819048396,-0.6794774347246154,-0.1798971315154093
0.1781963088625569,-0.6741055602884727,-0.2788173647169092,6.762385957703219,-7.045347975071244,-16.611792928776474,0.1448091683979903,-0.6775298530318081,-0.2096082938885637
0.1724412053286803,-0.6916145299834152,-0.2415218537642597,-2.447348144758517,-8.06420309821391,-15.697213313086698,0.1429273386359048,-0.6846785591362341,-0.1756421256855563
0.1674111903996403,-0.7232960813654976,-0.2358635478397579,-8.180337858408734,-7.599061842571403,-17.43269838852422,0.1236845444702925,-0.7179076263518152,-0.1615056533188678
0.1646332590529911,-0.7516463092536622,-0.2535376414463282,-12.72381559305978,-7.8705044885302895,-17.828730374761683,0.1323814239738103,-0.7382437888451476,-0.1742353624495909
0.1487887985588125,-0.7884949387302865,-0.2382963298598415,-17.31826800329008,-6.771873556840719,-16.458542750580172,0.1248000904185057,-0.7722645057131436,-0.1628624825864084
0.1547550077082541,-0.8263425084127285,-0.2243176238497343,-19.61695450658974,-5.381564164309498,-15.720281133372184,0.1137653517372229,-0.8145756526028394,-0.1527607304451091
0.1541578823423053,-0.8734531989751875,-0.2065742019447532,-18.60798850213036,-3.769911491511511,-12.305410174844395,0.1181440550948423,-0.8451672203358332,-0.1342146586387522
0.1428101402662742,-0.9036568282922576,-0.1859672508899657,-15.445123843333034,-0.516941038727521,-9.18717036594217,0.1108319422918874,-0.8707883659187263,-0.1036923989412295
0.1630833877160208,-0.918456147458954,-0.1733214661094016,-11.296667114250903,0.5080636357508794,-5.1180103920607785,0.1317146562757714,-0.8838558596618667,-0.0902460937259967
0.1661396145148475,-0.9258527402910398,-0.1447018428208956,-6.767789781458749,0.7719290221235167,0.1505235019939624,0.1382110603507043,-0.8873877318929368,-0.0731344953307166
0.1653408906814648,-0.9087737206929438,-0.1323395952722227,-2.2674443320926607,0.2974483615959922,3.2180629652457764,0.1317806942178914,-0.8787608905802722,-0.0679850794603875
0.1802260136589454,-0.9071955096608216,-0.1526849619821274,0.911033760136676,-1.6119846804868658,6.567684459383067,0.1455340799646169,-0.8785229068741539,-0.084791213233405
0.1781273412127773,-0.9150141744353946,-0.1513275557670068,1.6062019366237843,-2.6089552746244653,8.37015210330766,0.1409594100278633,-0.8849473345134657,-0.0776310568466987
0.1633100202228213,-0.9230284419404536,-0.1327854654560969,1.275827020908458,-4.43333683794137,9.440036815865346,0.1353106715732236,-0.890198255509413,-0.0533462370960515
0.1428138709231418,-0.9284086414416902,-0.1142782336530566,1.9099972644673129,-6.516259077885949,10.469866482533156,0.1221253567115373,-0.8969657384222882,-0.0364152964786455
0.1241297859525522,-0.9188683919062672,-0.1192413858584507,3.5545997646911625,-8.358086952304836,11.057146877131627,0.0926053373519183,-0.8878481345317453,-0.0410424971886675
0.1076527857687261,-0.9183935244677848,-0.1634521952339729,4.035023660412117,-9.37191792768296,12.491642396074417,0.0761857371690419,-0.8853022693566588,-0.0768774324916577
0.0877426517648642,-0.9211980202000772,-0.1910189976291404,1.4623302025473195,-8.469093804394142,11.905001648899486,0.0624327530632461,-0.8985938834959432,-0.1118679121092655
0.0323073937086517,-0.9376726927425834,-0.1884288662604533,-2.855530275725503,-8.116745104639067,10.801436013323292,0.0106983403203057,-0.908068331542678,-0.1134353304491737
0.0044457670242785,-0.9643618905710144,-0.16563557615227,-6.397722315739951,-9.719591194923952,10.44409286688932,-0.018836657952139,-0.9258643009841234,-0.0950672139276
0.0231353976092412,-0.9878696224359912,-0.1622941322491494,-8.353784428061509,-12.095768619328592,10.448813073920766,-0.00211239527132,-0.9607924144869588,-0.0914472715750748
0.0352542714782656,-1.015179426408722,-0.1889415973202446,-9.828651532069012,-12.767228213985735,10.226007759399348,0.0045059803738134,-0.994317432745706,-0.1133858041736722
0.0936420874113675,-1.0421466824043475,-0.202113727089885,-11.562042237093872,-12.128676306460196,8.72536015888301,0.0493069755441357,-1.016866899090696,-0.1369121613777754
0.104391733525583,-1.0583312791612625,-0.2122774992423382,-12.395868639225869,-10.805608737532122,6.540059889710178,0.0644558755428459,-1.0233334774355842,-0.1376040279600728
0.1156279694364895,-1.0289864978191785,-0.2247425076055487,-11.67104513740492,-10.841370882626004,3.029440062009233,0.0743972033397668,-1.0061107504673832,-0.1453156377378605
0.1758757059035074,-1.0257151879000022,-0.2242725908636351,-11.405964404971362,-12.31671544423114,1.77728715443829,0.1330384874276204,-1.0072063132009026,-0.1519617065496872
0.1531231996962765,-1.0735481234287043,-0.1737096453109077,-12.158235411292482,-11.100953906594969,-0.8068677831488305,0.1357717977824246,-1.0347816995139136,-0.099488186813192
0.2087900239731354,-1.0944028798276726,-0.0894324451606746,-10.769319013759214,-11.946303902378752,-4.477915379194442,0.1847750125573286,-1.0594331055476438,-0.0167460237814994
0.2402660149084973,-1.1412123257609337,-0.0417843320762023,-6.412281058771686,-13.497311024517227,-3.2684189960086485,0.1993722706410792,-1.1024278841435384,0.0377427127628238
0.1696403890313578,-1.1942665196493727,-0.0358757381128906,-2.007786900559055,-14.084413347466016,-4.413189239479289,0.1434070496734954,-1.145540951716616,0.0416293619041167
0.165809970956827,-1.2129497822459727,-0.0444367657702451,1.3907668900444905,-18.92323669406382,-5.36487889250317,0.1380313134173296,-1.162976960367953,0.0269912495577819
0.1231915374902351,-1.2383625871926711,-0.0863239403338829,4.587525950411885,-22.28983225518236,-4.688846012780885,0.0861989254734484,-1.178853616310768,-0.009360847965834
0.1288197221491038,-1.2425123747712286,-0.1620660306705656,6.249076686463385,-23.42301024223981,-4.843223409614484,0.0864320696690552,-1.198822621099946,-0.0892841620985816
0.169798009906486,-1.2207185651239751,-0.2002182988002147,6.167879805079623,-21.76554960589033,-2.2117260342599114,0.12015154345321,-1.1856203421536549,-0.1265296207558002
0.14147076753161,-1.176009083831317,-0.2080194173721928,5.350610472528958,-17.296827982788667,-2.132352104780196,0.1005534714327062,-1.1359331252580465,-0.1213563998157716
0.1303038312049762,-1.111340668874181,-0.2116744071887337,3.620105875122453,-16.579957335825366,-4.209750896069479,0.1041336603753139,-1.0826015938955718,-0.1326534388157252
0.1303239332484608,-1.0558796807539963,-0.2547848520988121,2.3112649107433403,-17.557811518866693,-6.997697900106527,0.1000092212051578,-1.032587567590495,-0.1839359132687858
0.1689282672522523,-1.0629319653951506,-0.3927653169395956,0.5734139371882786,-17.852072106907723,-11.305523702946148,0.1283017527515816,-1.0407257618259025,-0.3137311280450831
0.1910331698643826,-1.1545842806119553,-0.5247783468496778,-4.241557683693128,-15.2872015520424,-14.722572225159032,0.1552673207010628,-1.1323108855958028,-0.4584475354307667
0.1601241413461401,-1.2565258859165205,-0.5465022848936149,-12.13005784198269,-12.177360267709153,-19.92637449139704,0.117973240678879,-1.2370214305361762,-0.4808236766402661
0.1035944260599489,-1.305997409222653,-0.4758336260354145,-16.25542123670331,-12.29500379218248,-25.540288942913357,0.0594912732868343,-1.2746485522921325,-0.3974500226678141
0.0369628059369102,-1.2202198719340884,-0.4176447235227512,-12.049718816655067,-11.567837814813434,-27.92911326691781,0.0064511583886823,-1.183371561754354,-0.352244945436663
0.0168128295165666,-1.0161612986974449,-0.3951318761209259,-6.593746715249757,-10.69716860445804,-26.66754869096294,-0.0142550122610539,-1.0043521191070202,-0.325143993298767
0.0048096914716681,-0.8388600836182988,-0.402438698908004,-2.8292308760757447,-11.05980110566878,-23.017190981860267,-0.019532574608704,-0.8342455685601666,-0.3240608766113736
-0.0077319583978409,-0.708273248709266,-0.4104927370052231,-1.9648097305232484,-12.302564398713242,-19.32682199861663,-0.0273145404356476,-0.6962028256746904,-0.3452140703813642
-0.0510865692909703,-0.636700995070633,-0.4024331057247927,-3.606154459572952,-15.38546031098038,-16.43294823940244,-0.0727923286486832,-0.6284457302522024,-0.3360790032404367
-0.1154376785304415,-0.6363909633373526,-0.4730041251155128,-7.315253939948805,-20.2528692125902,-14.692623575902187,-0.1359662531931117,-0.6404296513001939,-0.4039963055655644
-0.126466499570566,-0.661546899330862,-0.4301840587303638,-17.430923785155276,-24.809054299493635,-13.602340245910671,-0.1553558529407032,-0.6597762403269938,-0.3748433827917104
-0.148364061684423,-0.7447099093112926,-0.2992085892945169,-22.22171835074993,-25.77335012890353,-12.938410871807704,-0.166505377418778,-0.7164867859486707,-0.2378683143491973
-0.1537968928147381,-0.8772244773507055,-0.2794909018499327,-15.90594778641428,-25.50728543105815,-10.767149472553855,-0.1735987051210027,-0.8257178364512743,-0.2086074906590321
-0.1186599478117787,-0.974456692008442,-0.2459296967639875,-4.109843843702247,-23.5524486870653,-5.271680728096496,-0.1572477247756761,-0.9203766406669194,-0.1861323171596701
-0.0942627369825532,-1.0084796758287973,-0.2882849789035313,11.805052502308108,-18.47670098309697,0.2407067141827545,-0.1222708938462131,-0.9762951018600604,-0.2143282757345781
-0.0360126319634882,-0.9945101125915564,-0.3572471996261932,21.87312655721144,-14.436784718073076,3.399230463120021,-0.0712795848861079,-0.9661804069963088,-0.2761991447445883
0.0370448194579541,-0.9579223081638156,-0.3711498436108709,23.793170082148084,-10.401884462384988,7.067419809665328,-0.0045370706685352,-0.9254849759119488,-0.2923100677589918
0.0725957829384832,-0.9288276525854842,-0.3977168725404871,21.018865935622514,-4.461731521215447,12.831904027437986,0.0430987089477162,-0.8983619686312242,-0.3048165654297866
0.0722356977427698,-0.902059151187068,-0.3612109556778802,15.62093986862275,1.4272738180012212,18.2483947807799,0.0380701146199441,-0.872752686248556,-0.279806793455159
0.0929568868632406,-0.8878520867859119,-0.3478997886172214,11.60040317651531,4.59942965473457,23.416788336718028,0.0597672819334049,-0.870762332196658,-0.277608203879471
0.1398074182247857,-0.9157660720892395,-0.3447649786617002,7.489773169788248,4.904394565670959,26.851843237824585,0.1051577291404398,-0.8902352089128482,-0.2749780540519121
0.1419955707743725,-0.9494419333988172,-0.314596452302506,4.89258537592592,5.032446577807889,26.738418040215876,0.106526376747511,-0.9102026754323984,-0.2412572173701078
0.1251959826312692,-0.9519954364687592,-0.2961533613467453,4.666300339595872,5.009051313980884,26.36380793935092,0.0931033377198922,-0.9171226835414932,-0.221141344645225
0.1032992168336574,-0.935411286419874,-0.2812034373575536,4.96753501718152,4.540117467327248,25.97360494844325,0.0713508416808009,-0.9014921594408412,-0.2070682065796241
0.0689763236691727,-0.9138769776092864,-0.2928322802629829,4.9166160030882455,5.110430210052271,24.22637551343687,0.0389654983789244,-0.884600219038845,-0.22098152939667
0.0198567857555643,-0.8958410007561535,-0.2780483587590264,3.5890603236255063,7.17968125000463,21.603022240658817,-0.0066242174360381,-0.8671776274793465,-0.2180397418466714
-0.0380290204776976,-0.8752822636867681,-0.2611371516073647,3.567817730499263,9.24014738463681,19.440602502349343,-0.0628773259467507,-0.8438697417001535,-0.1894701026539483
-0.0407130520509667,-0.827848192793086,-0.2676354885844863,4.912573928641235,11.109296079402778,18.26119925991308,-0.0798845074299187,-0.8106412946505741,-0.1947642649496177
-0.0663948107896875,-0.7926224261786473,-0.3051646850375508,3.694654271661114,15.21636823730066,17.907196745467157,-0.1026120155755183,-0.7803637449131247,-0.2284681332692776
-0.105538766552873,-0.7741236071022176,-0.3176972460822331,-1.5011425840455432,20.65998305382929,18.47002892810704,-0.1372775879296784,-0.7600529766065665,-0.2410888500537195
-0.0545926654841816,-0.7254771151736584,-0.251007845621222,-7.416124697526996,24.158257048524945,19.770325035677875,-0.0888088600593643,-0.7299276698185118,-0.2094609876390264
-0.068787390983408,-0.7408381920382314,-0.2336331966220212,-11.541222603153225,26.67904752974414,21.688696983661437,-0.0873804678921881,-0.7387906907798538,-0.1790570274383752
-0.1139876452496477,-0.7927154473315949,-0.2256883135213342,-13.243728330669802,27.86098961459304,19.9445213778554,-0.1394208162440204,-0.7687202357005838,-0.1619803557089785
-0.0530473530590306,-0.785166478518253,-0.2091758366727358,-12.781758096796151,24.875581680253887,15.906546194502612,-0.0853633014973229,-0.7709446271321296,-0.1515912689236029
-0.0374506986934136,-0.8190226802014154,-0.2219683358462953,-13.021476939979827,22.388204722792008,14.182575069723788,-0.0689217739308759,-0.8012115521195082,-0.1437687241912009
-0.0770928660310682,-0.8741594426209964,-0.2001103457854231,-12.492749484418026,21.97322255159013,11.01943227692274,-0.1041599137193867,-0.8389500621254901,-0.1278743856227007
-0.0821506863937234,-0.8841734390358997,-0.198876113345239,-9.488174298380669,19.411344659110625,6.7987571188676,-0.1003869110646485,-0.8526956418623958,-0.1299046883836263
-0.0788398663378945,-0.8914890979788282,-0.2109725905568604,-6.741279158212055,17.246961307993118,3.163050879886664,-0.1097423885687324,-0.8616015189213246,-0.1384760975538335
-0.0847662181598234,-0.897653291702766,-0.2032742106308186,-4.678812872026943,16.510776284754566,0.5442763827652126,-0.1072838709159303,-0.8556189231738092,-0.1237843583518755
-0.1172040166177283,-0.90257190178975,-0.1783292356834823,-2.509030851865748,16.635629647880155,-0.4762922329236722,-0.1285315223411904,-0.8595871744686575,-0.0955140405918054
-0.1185298249372176,-0.9030651040273416,-0.1557826500765319,0.2928910370624922,17.47540267380185,-2.667420293287123,-0.1396777154856317,-0.8727878238221841,-0.0844015782075002
-0.0774299195680872,-0.9153765968725504,-0.1784778572443174,3.148263293198068,18.023202289637524,-4.082283173858332,-0.1034140953382285,-0.8785101665934167,-0.0993327872759693
-0.0513901316131035,-0.9337931446152902,-0.1899919058698865,4.664595429283563,20.458816432336917,-5.208493054013991,-0.0849840724965945,-0.8915570816060758,-0.1132838455973003
-0.0297786991664176,-0.9335154381791376,-0.182609088489581,5.27981505263567,22.493665334322053,-6.253084546688963,-0.0656423461978185,-0.9061920818898956,-0.1138656782452571
-0.0336744408005859,-0.9576901948339251,-0.1833462964479805,5.268782992356084,23.05412587154168,-5.499544780581955,-0.0628707768427334,-0.928367882624604,-0.1037230579204913
-0.0192159933032817,-0.98235153176967,-0.1833580414350909,4.277392621630672,23.403040467994263,-6.2153151307555925,-0.0424097800543986,-0.9455565435047728,-0.0995449655671688
0.0156679854344763,-0.9816835944438258,-0.1836240676324813,2.446557619805471,22.56955076774874,-7.268330766771259,-0.0126931591964054,-0.9445425057271992,-0.1053866699292851
0.0033058207863832,-0.9890938479931796,-0.1817418564835566,0.7368195010747692,22.921753168616306,-7.144865464078174,-0.0251616423446987,-0.9539062633821644,-0.0972878930205357
-0.0260809624468793,-0.9916663203319848,-0.1829393348226137,0.4587982258046441,23.356200268709085,-6.497417598983004,-0.0450804319906903,-0.9676787700893412,-0.0956528697833015
-0.0589632925662923,-0.9891725336796028,-0.1846445203149894,0.1377891211660376,21.568892185625813,-5.744728802497256,-0.0874526984077432,-0.9645916456702532,-0.1172529177318623
-0.0720241238885217,-0.9944250131688276,-0.195924789953427,-1.6960571087986298,18.841352399184935,-4.119154317280923,-0.110992723624658,-0.9627455197578374,-0.1276694872657018
-0.0935122567796292,-1.0033267563958417,-0.1948665830983994,-3.5401423060071613,17.94834722776893,-1.709529917705435,-0.1257125820760596,-0.971208012087462,-0.1208770744253754
-0.104094927469727,-0.99440610062459,-0.1780683002032953,-5.039976348900745,19.03492139963995,-0.0240829865824148,-0.1267695912306407,-0.9711703246571513,-0.1084828029283317
-0.0842783778794287,-0.9891649091303784,-0.164656216986941,-5.840550056842012,19.489784386808186,3.9072607400284727,-0.1070792337951213,-0.9765755930010132,-0.0887889038848804
-0.113903446368606,-1.0243400281102255,-0.1335054344661869,-5.052570796579408,21.46004346066012,6.442121156389633,-0.1454271356631438,-1.0005988278442803,-0.0733544117986895
-0.106431990313269,-1.056807332715234,-0.1271334553588667,-3.717928971949393,23.317215379288587,6.145287098707837,-0.1437290867085205,-1.0243416788084418,-0.0627182113220353
-0.0954218551367404,-1.0762318323598272,-0.1239938440117128,-2.550501987944222,24.10784483029572,7.732755296016529,-0.1254047451813894,-1.0483396615072311,-0.0403939434691885
-0.1301854520570963,-1.1155362574317031,-0.0853023228052929,-1.0015299976590837,26.611160767174376,7.729200269218206,-0.1548783526925763,-1.076886020911208,-0.0126923754674225
-0.1049203787188232,-1.1534654415931511,-0.0672441833818682,1.002671547028578,27.590908436146755,7.10848512113132,-0.1402138117180159,-1.099189291339595,0.0134031661570536
-0.0822443813426733,-1.1657837572742946,-0.0446485279299861,2.902092966381824,28.59336547799591,7.955179245518324,-0.1182449442441505,-1.1128043414859876,0.0338712347223058
-0.0777611099233278,-1.1711123288720915,-0.0439184310230003,4.506989048195359,30.7805745936948,7.223612139149377,-0.1064954705631583,-1.1226181279364191,0.0205362730453705
-0.0589571428147019,-1.1444397655324698,-0.0869378900057478,5.421489062840198,31.29449806091557,5.780878084996525,-0.0894870753317163,-1.1012678444518509,-0.008524863269094
-0.0440812411458335,-1.1036906963355642,-0.1141324433899814,6.349214554201016,32.29359929813182,5.242963921238743,-0.0805072836344059,-1.0707116502013057,-0.032916917174951
-0.044924681987912,-1.1100144820385514,-0.1622921702429196,7.037409307879528,33.35641445714682,5.349582427594412,-0.0797726724010276,-1.081206045711515,-0.0832054763732418
-0.0966367528848135,-1.11782788186348,-0.2056362792395165,4.70357723350945,33.204459428660975,5.837479989857861,-0.1171227700983296,-1.09153661967303,-0.125867107943405
-0.1444935065881797,-1.126600547753902,-0.2196972159168899,0.9825544019340586,31.812631287884724,7.419568236410925,-0.1625057265526336,-1.0977076296012438,-0.1484482101553207
-0.1538840839090539,-1.1336495123984205,-0.2829656353316981,-0.2865042305502273,28.58766254230677,9.968700611545623,-0.1797427861208956,-1.1015626677508028,-0.2156820476387038
