ADXL_X,ADXL_Y,ADXL_Z,ITG_X,ITG_Y,ITG_Z,MMA_X,MMA_Y,MMA_Z
0.1466240553207732,-0.8721119633593644,-0.552269196828313,-2.7982022372955613,5.270245895442746,1.6564668281001451,0.1093175066413156,-0.8503171218762549,-0.488396895989501
0.1664531764261684,-0.86910473647829,-0.5621878154112626,2.653937985843257,5.6929063609913895,4.080077453668349,0.1237810754472481,-0.8606392689542142,-0.4932705484192524
0.1766997591936022,-0.8958575029736556,-0.5676030884667698,5.246153713446482,5.561764110006756,4.03119052296324,0.1431539886591053,-0.8768380499406063,-0.4896839487650196
0.178939327230493,-0.8997225840326453,-0.5513405272897445,7.2150585394926114,3.996188788241565,3.809115848030049,0.1450061330344518,-0.8795462997550378,-0.4818992316187901
0.1581928371508527,-0.8977674307737186,-0.5397058978461367,8.625397720459459,2.0675965418000133,3.4818145598608683,0.1231250497556988,-0.8684553816633647,-0.4617617549982015
0.1219034538722585,-0.8609610504055611,-0.5153421126763508,9.282800013919651,0.1708669654307834,0.5545157119882873,0.1015545062283446,-0.8585896590097462,-0.4454982842566889
0.1100296931083909,-0.8316145118898048,-0.506738038172502,9.538666194028892,-1.2018439905437095,-1.7133158978762142,0.091865497783198,-0.8358692249692329,-0.442211248915024
0.1363833380170472,-0.8508571084534517,-0.4938221804278063,11.503105890347651,-2.365626273746465,-2.145911189982393,0.1036678605039139,-0.8252828850347995,-0.417962640595757
0.1748288616868378,-0.8326751620932769,-0.4682066901202997,14.98132393154876,-3.4419712118073047,-3.2250935982159463,0.1348376423752887,-0.813615535213588,-0.3964719957916377
0.180011564629694,-0.8281532587167304,-0.4535945025651743,17.35105630420774,-3.95095142566532,-4.379949295363371,0.1443941810598033,-0.8177185062236165,-0.3856973191687095
0.184551305180141,-0.8663247335083979,-0.4388465507813687,18.948844483263574,-3.650189646237071,-6.037564053439199,0.1395373799883918,-0.8439594957821098,-0.3873212013154071
0.1729364455562871,-0.9076610175442446,-0.4741495059613542,21.33821669316194,-2.002109599103133,-7.426255514903477,0.138723711168457,-0.8373022925967257,-0.3996234427764353
0.1438646191674945,-0.8685603783690358,-0.4697734366585082,23.78919719027451,0.8727557559268003,-10.156092697830408,0.1208341991324348,-0.8670721461887745,-0.4051722189895761
0.1854932787263983,-0.8089595062825383,-0.4394003374495704,24.12939263634946,3.820220993121951,-14.57332717961161,0.126017355345161,-0.8856040772958085,-0.4206300925927642
0.1832848365220124,-0.8693932495170513,-0.4911803332037064,26.53720848354865,6.068018428208586,-13.92689849912512,0.1304402243283122,-0.8539519526597337,-0.4249499041212284
0.1093913686224058,-0.9147440587373266,-0.5043435719506941,30.72053860781652,7.69720818767353,-10.874269246032927,0.0911214789012972,-0.8638235817528983,-0.4358039392258406
0.0939121734174941,-0.906211276734454,-0.5000373552638882,30.71743487142416,7.714619952632456,-11.979862140880302,0.0696991773773263,-0.8683884174640798,-0.4459918259082187
0.1146105722655641,-0.9036711006621,-0.5118048920641349,30.06796033816476,6.195710641626667,-13.20061692776742,0.0852052468381549,-0.8736007035502527,-0.4325078489074191
0.123509650278552,-0.9084396021302186,-0.4976239815258375,32.454119174602624,4.873799482806878,-10.112252730384146,0.099835054327333,-0.8917508041730409,-0.434634884943105
0.1185392450406715,-0.929850441817108,-0.4942475850617533,34.38198480253557,3.112349326696993,-6.706705899727096,0.0970423710188068,-0.8942808512312183,-0.4229268546111502
0.1249916786902725,-0.9272464980926572,-0.4792847400426676,34.65955106569918,1.79720428013054,-5.816204490104204,0.0949709798833585,-0.9039019916646732,-0.4055245322704738
0.1465358343556472,-0.9250044784157592,-0.4718655691529427,35.47386089298538,2.4258955393896504,-5.307612684116293,0.1091929893180046,-0.8987936759514459,-0.4008182086960404
0.1537576785326829,-0.9392348804779156,-0.4725675860959711,36.77005924948839,3.581310840701952,-5.267619575427874,0.1225045500498283,-0.9093120889776468,-0.3961992762048248
0.1530995453797168,-0.950622535314843,-0.467854662246884,38.04870245837824,5.03807882224786,-5.293158348314502,0.1227015424607158,-0.9280228787946792,-0.4073656845137892
0.1435369066103301,-0.9468387840687842,-0.4647269141829105,38.768807286781886,5.997960308922948,-4.726309487115828,0.1096036711005534,-0.9172672845134086,-0.3957767885179283
0.1052394162553879,-0.934012190949312,-0.4530162270699407,38.69609912716622,5.4212540813108285,-4.4922630379590185,0.072740061531589,-0.913852019710648,-0.3761438012223098
0.0847109444438154,-0.9432643625808405,-0.4497879458041917,39.42012023762344,4.079970428509797,-4.232789564875326,0.0544142928852214,-0.9146054486340456,-0.3762801374523916
0.0924925746074435,-0.9413640942187912,-0.4446381069728271,40.40610778708335,2.143895656822681,-3.70318224706172,0.0627734891225285,-0.9156664513686276,-0.3682908802104212
0.0968190993118248,-0.9462559539670488,-0.4421580040005056,41.00317927892263,0.0390293394617914,-3.227918222863286,0.0638763890058074,-0.9202562210703448,-0.3652389838085907
0.1156640648310976,-0.9804612634348794,-0.4387585712200077,41.53024682457815,-1.6035032593648095,-2.9348762848549805,0.0792223374917067,-0.9403030216901488,-0.3710624496406283
0.1156903256447498,-0.9895000161898436,-0.4416949821758689,41.29934889144197,-2.732007813540151,-2.0134198117277524,0.0815979953277563,-0.9665943163553512,-0.3769530273072743
0.1268186836018938,-1.015488103180637,-0.4549288780673058,40.66046787876245,-3.2035648039147437,-0.2748941497024484,0.0938200875220038,-0.9758571418900122,-0.3738198177840715
0.1435966598102928,-1.0225906622875751,-0.4444125513475108,40.51212131510987,-3.016455800813332,1.03455057374642,0.1073782795464526,-0.9799744170016788,-0.363521036397113
0.1132014666574691,-0.9683465039264584,-0.4277900430210444,40.94635903918272,-2.55602161916787,2.197075088332834,0.0805077081803337,-0.9637553055965408,-0.3583233006070405
0.1167090807680109,-0.976920667329501,-0.4199618622999116,41.66628341959362,-1.8877013519981023,3.295785213858272,0.0899927552394835,-0.961712808897252,-0.3502718084566962
0.1297746069115562,-1.004085705941831,-0.4169962188813738,42.8472564656797,-0.943166242424143,3.759447885928208,0.1001238938374764,-0.9731973121481502,-0.3398277905101459
0.1112201820706771,-0.9893518776482574,-0.4015723347324706,44.20480658159961,-0.4265305914403037,4.188652554964107,0.0810800111376315,-0.9558542560831972,-0.3284322232263731
0.0864258030648349,-0.982492085489143,-0.3940666254770802,45.02689984735071,-0.5808451881486812,4.556497177902528,0.0674178172909027,-0.9494932061561228,-0.3285922779482202
0.0768708775052995,-0.9807129981727776,-0.4008986280970696,45.18162729393792,-1.333867857480921,4.617084125775113,0.0566219512923069,-0.9535218459852544,-0.3266964444219407
0.0873178676977245,-0.976817299208496,-0.3911858493062844,44.96436406836209,-2.517841004963835,4.256716406180618,0.0561792590886024,-0.944826769697525,-0.3176983276770914
0.0742203713541748,-0.9645389011543613,-0.4010387068768299,44.15996569219717,-3.187082697145601,3.938350291102725,0.0463203099128601,-0.9398805537303258,-0.3315058857130579
0.0610125545145121,-0.9864422210649196,-0.4062005558488977,42.39910684114515,-3.697059946626751,4.272727705693186,0.0377184588626679,-0.9556099972996804,-0.3323952223319726
0.0320061002175161,-0.9930381622352128,-0.3872024704403425,41.16515946112192,-5.104469336295302,4.836880030076524,0.0169581640874311,-0.9686048598382794,-0.3145700796542681
0.026198449594711,-0.9684678231142896,-0.3554929675270089,40.774347808208944,-6.579302628857772,5.681836502938528,0.0144358239406113,-0.964475796519492,-0.2943955822734589
0.0727671185466028,-0.9978291616986106,-0.3192285711111042,40.68230727621717,-7.201102827643406,6.413951205852682,0.0427697751069674,-0.9743511054284762,-0.2612020832829075
0.0771082061496072,-1.0113626101527045,-0.3208338056752223,41.06391075533353,-7.210150935845937,6.96806778981567,0.0389839370607977,-0.9793757609357988,-0.2489976089745104
0.0686987546019323,-0.990186600710214,-0.3062072890134309,41.26200776058532,-6.8177437174778674,7.608516180717855,0.0365422650117152,-0.9682632542800518,-0.2406432206859995
0.0692612631230981,-0.9975603583159244,-0.2763743414707778,41.805985258461725,-6.709897512897328,7.750523879803101,0.0321002612578615,-0.9681312827344593,-0.216789444994897
0.0601357841092903,-1.0038300957220394,-0.2765302601166407,42.67029595041368,-7.366222175398908,8.039236576391843,0.0223201393916117,-0.9695594879372028,-0.2043101001418709
0.0516419372471581,-0.996591527150888,-0.265562679956149,43.43799125138323,-8.6157589388057,8.56366707766741,0.026331576381269,-0.9714014736859768,-0.1918703037954967
0.0496261995109508,-1.018799920146877,-0.2564581494824297,44.01611360025397,-10.2488500159276,8.659201829087417,0.0248803786545787,-0.9803145955826912,-0.1832986542908837
0.0439924166126272,-1.012687190354986,-0.252819993695431,43.671188930605865,-11.591063130599808,8.593578269583091,0.0186503562495741,-0.9703162631497388,-0.1774929580427395
0.0275647283244839,-0.989261058891625,-0.237833492656749,43.41374231646609,-12.268713750468208,8.27179586133299,0.0049343526394034,-0.9674158616048496,-0.163197469316203
0.0430845025327344,-1.0341148658246966,-0.2306208239314704,44.05868082499936,-12.31764251094812,7.6826756861362,0.0099510045487529,-1.0016294711936422,-0.1548545686548309
0.0419518097376236,-1.043912584405067,-0.2234875066029453,45.58106951127191,-12.369851164718668,7.106687198508085,0.0122055675371673,-1.015838569209356,-0.1495120348044955
0.0180970235116538,-1.0213464701557438,-0.2144115441210339,47.289496152025215,-12.964368863746296,6.641255010118262,-0.00070208038618,-1.0011606876136636,-0.1458497201644845
0.0238984714637002,-1.026292309332499,-0.2184056931324539,47.78389163011627,-13.440099694782775,6.48363771772268,0.0029950374232698,-0.9971921361945152,-0.1489277665164163
0.031762674145063,-1.0228707820405112,-0.2283455924257334,47.017166772654384,-13.36238641245293,6.453349408252631,0.0057082224073315,-1.0063809115074376,-0.1483827793494735
0.0509995927378049,-1.0487771806431423,-0.2134957987131835,45.39586712754,-12.81551075825436,5.934197345140512,0.0181262473695962,-1.0243736189986867,-0.131413824367665
0.0630450091245548,-1.063507913436175,-0.1814223595523954,43.83852103238473,-12.08993005738182,4.954860581672142,0.034943069200261,-1.0344932805753058,-0.110404742207455
0.064655072443171,-1.0470798907152254,-0.1781979342356122,42.67325767808418,-11.102119321985349,4.279190871327429,0.0362657138226783,-1.0299407093685802,-0.1009909616584338
0.0746710764883819,-1.0535573272979917,-0.1792670059382798,41.84953072747869,-9.936770002956113,4.264920571116392,0.0371284277043853,-1.0232038355926705,-0.0924437526550385
0.0684368455810425,-1.0516367964214233,-0.1570092786946182,41.74783785441373,-9.43136696252312,4.400794051557403,0.0362784887951474,-1.02241657306376,-0.0832485909366941
0.0574158815586376,-1.047619258574228,-0.1534216868000165,41.4721529079265,-9.42287292825332,4.0652066194066405,0.0258764913063243,-1.0326823831597816,-0.0738235300429566
0.039060807440872,-1.0543321175445584,-0.1491398499030964,41.139963539356536,-9.230128790579531,3.473091024115618,0.0102250865824975,-1.0302985178281614,-0.0630446789769467
0.0286723032724791,-1.0461798426349471,-0.130338331801775,41.13596136282691,-8.533789081559936,3.142276513653306,0.0053352921635868,-1.0142246394609051,-0.0584558489043327
0.0254723735386298,-1.0452069578108567,-0.1325648306413202,40.9989625613478,-7.935038054488414,3.067064038368779,-0.0041642912579323,-1.0146880507197689,-0.0494330112567613
0.0091487626392872,-1.043316751980657,-0.134062759756776,41.03184056480028,-7.948440303904208,2.9581669568408286,-0.0194968012629943,-1.0188450862355147,-0.0440204464975849
-0.0010744948843421,-1.0221300059213578,-0.1308828682380886,40.64443915742688,-8.26998848734585,2.8310297164625715,-0.0255413652754311,-1.004994612347222,-0.0510172317220602
0.0014608132585143,-1.0116762136617334,-0.113509554666084,39.74056189602535,-8.945707594611855,2.9586559748345467,-0.0260902426519499,-0.9818703204382164,-0.0374584122037714
0.0422614354230953,-1.015616516243572,-0.1034302383325292,39.429394801000846,-8.56147955976019,3.2755253843159355,0.0067636644393756,-0.9818692320885772,-0.0298110624781462
0.0633791374772887,-1.0189039308700043,-0.1191665207614441,39.29724896581885,-7.039332652289423,3.2705218662328823,0.0265707712999573,-0.996706327450564,-0.0414649426796698
0.0353710852492361,-1.0369575205328785,-0.090880933473979,39.28175371618645,-6.264501376615291,2.5147674832120077,0.0090331309451395,-1.013837921928405,-0.0194145974650714
0.0203624844874001,-1.0757459069825572,-0.0540572587082138,40.57194158333213,-5.66565677446216,1.3804883208125989,-0.0052112085311727,-1.0509794716467027,0.0173629854373251
-0.0074871632864374,-1.127708711268255,-0.0115723335869915,43.21689734763852,-4.760061175804465,0.4172868287476836,-0.0425815315320642,-1.0851258458921924,0.0643712730778804
-0.0353768642322768,-1.1900655438422052,0.042402355708265,46.820991824597314,-3.87160029498963,-0.4223180775243192,-0.0633549389104793,-1.1374089816320505,0.1089971362872887
-0.0485597033288535,-1.254577009378705,0.0071721913535468,50.18819713079109,-3.310513868407077,-1.5140445780909737,-0.0677095947560441,-1.2163699081857702,0.0925127964270922
-0.0437660973166778,-1.3285792407628412,-0.0545580719235263,50.79905206103729,-4.173841029125625,-3.3348348644310866,-0.0716284239785433,-1.2944269613574058,0.0426083269782189
-0.024871718336649,-1.3680277807786692,-0.0826711320910809,46.933150964492405,-6.624731883601648,-5.859725639394209,-0.0581135863080519,-1.335841767549158,-0.0062591478682959
-0.0262138011735745,-1.3482123190884074,-0.1003138344168095,39.911676755728784,-9.684826012728209,-7.816566574383116,-0.0613539458793541,-1.3062712229500428,-0.0310092806802978
-0.0053473919159712,-1.2914661040500697,-0.0878633012701642,33.4972831747216,-12.546295807204306,-7.101323941994002,-0.0392315636405414,-1.253921875550719,-0.0135073671874473
0.0017352078685776,-1.157384530810629,-0.0656228417354178,27.743927143454048,-15.077583447357068,-3.383727800908058,-0.0318506382904403,-1.1432094943722115,0.0100291286656302
0.0009506134229717,-1.0148707723533907,-0.0386785611432648,20.85210399266566,-16.206146615739797,1.0601790329280842,-0.0302888522501405,-1.0153776210257277,0.0278319151841755
0.0124397143660947,-0.9133886023089218,-0.0215002484355198,14.748790730453528,-14.675731369202277,4.145799410809893,-0.0179999638118031,-0.8988885595917209,0.045094803136723
0.0167959862477088,-0.8227467946548865,-0.0231573276000394,10.020309160891127,-11.399737376063827,5.425762848400633,-0.0189657280305388,-0.7894729658641353,0.0533525003716442
0.0508265015492593,-0.7856206596726645,-0.012883997792647,5.7842019265561815,-7.57591018557026,5.266605613637796,0.0294986961408615,-0.7818919760185841,0.0632279338772808
0.0383656228573603,-0.769524466858868,0.0176827615471436,2.9122105471302286,-4.1844737100933225,3.883917548497105,0.0123460864240721,-0.733322023743934,0.0939374730866984
0.1103076097475932,-0.8286728100873104,0.0636195951855432,2.7240549575646527,-2.254174158874755,1.903800750734418,0.0838939554811459,-0.8195918164472112,0.1406576549624945
0.2247032290322029,-0.933637097603397,0.0972005999710558,6.43393794782902,-1.1485817771237306,0.1479326110568521,0.2165829861223492,-1.004427131780587,0.1761466181932399
0.1460277652410646,-0.9467511429718528,0.1181326639512077,12.9767794692028,-0.241593972846036,-1.650045003131683,0.1189480153499986,-0.9169429661022784,0.1977976407087063
0.1144569551390744,-0.9716025983019264,0.1394381762497675,20.68086780263549,0.2026248962471837,-4.114821788202608,0.0852332524412579,-0.903784557560808,0.213728725293307
0.1506205233722214,-0.9998564610227564,0.1499844905234802,28.35334186006928,0.2587100387192405,-6.905193932651381,0.1247698359260328,-0.97700481692307,0.222888448280144
0.1314634653036918,-0.992681305507763,0.1615932204441754,33.60938157667528,-0.1344542323088681,-8.762134836215619,0.0992062284389936,-0.9523950604385508,0.229172917319722
0.1391368964942209,-1.005168905717157,0.1594584662205859,35.85227105099095,-0.7393771149948689,-9.722174950724153,0.1148303393337336,-0.9721071609949802,0.2265195023359061
0.1276185543788643,-0.9898065708826448,0.1391643329615383,35.90099226932182,-1.3988058293485868,-9.923545784257582,0.0974500167483127,-0.9621750346710568,0.2145941195816457
0.1246906975088223,-0.9754539950858692,0.1343577876711559,34.28703224793957,-1.839997025358029,-8.978213618993578,0.0920421447127235,-0.9462538413995618,0.2066784040861173
0.1312795836674197,-0.9708656808650008,0.1323200686887037,32.04482579239204,-2.0007230136051914,-7.658765512032243,0.0998251794716921,-0.9274216127072537,0.2089274653099151
0.1120812000263867,-0.9546006857880986,0.1359146961029193,30.13917658202444,-2.2572140148397803,-6.010099379060474,0.0876235355522656,-0.9134698024245624,0.2111311696722925
0.1103213781326839,-0.9494463991173572,0.1463681146053788,28.685087104859903,-1.36410177213676,-5.071710996827961,0.0853949200364194,-0.9216179688880856,0.2089022169514326
0.0995435707548973,-0.9413941838870656,0.1368014668605598,27.096931672169426,0.2013225713132029,-4.844565784138813,0.0636726478438126,-0.8981739880742357,0.2091693455094678
0.0859076011268031,-0.942973638875213,0.1334788167150677,25.52879351111582,0.9379471821596452,-4.328526677286268,0.0551064195819031,-0.9006594727962685,0.2056515396390848
0.0864247338394786,-0.945806677834554,0.1350995451741145,24.321780313172354,1.2678797630019212,-4.4165230805252085,0.0551494713335131,-0.9017473888588108,0.198924482798964
0.0795219957162751,-0.9355287635772508,0.1271483989776729,23.3798767749062,1.1321480107356978,-3.680936956330135,0.052385413410301,-0.8924413926829213,0.1990405748086925
0.0885167728167142,-0.9459248304861124,0.1357793798592279,22.72664756819191,1.185122421657467,-2.8928368828431927,0.0602679427507752,-0.904012339279666,0.2058906012053026
0.1013717941966873,-0.96443173855354,0.1518049763641973,22.37457710535908,1.6479307895866848,-3.4036081495825155,0.0620321241894098,-0.9162985479890384,0.2127360081290374
0.1137065117088781,-0.957174966813819,0.1650918799716293,22.58663148688952,1.9604770272937104,-3.9577493405867497,0.0814157123329437,-0.9212378141703323,0.2211701797476573
0.1255838684407999,-0.9637814085371942,0.1669489005950656,23.591207559253075,1.86524561550378,-3.628705025265184,0.0953917784858398,-0.9197305303007836,0.2265678462310957
0.1102797836311638,-0.9856789658985594,0.1574656874392397,24.903591098468368,1.2606638136619863,-1.597674344179871,0.0790334104851139,-0.9366630149927352,0.2194410286526078
0.111237954581565,-0.9723484261505928,0.1501511696869321,25.163752593584963,1.0929551545377865,-1.2814650562025711,0.0831827274245832,-0.941610669554475,0.2131966243526938
0.1045673186165842,-0.9687744537976306,0.1271619708725385,24.53972996560909,1.006571969018942,-1.8968676823329136,0.0757738757516893,-0.9353666317660032,0.2034299044626322
0.0907834411620567,-0.9783236794765788,0.1152851865931413,23.89091930618326,1.054991383160579,-1.0078387025303954,0.0616950702126584,-0.9373655224342602,0.1924589602792893
0.1054802061657964,-0.9603826858878274,0.1248790459697029,23.087468569076105,1.4019839086923978,-0.6393926334996606,0.0750752787593999,-0.9187561554982392,0.1958793266152236
0.0986470333834072,-0.9443006508768388,0.1290891286975923,22.9145519481267,1.4805002067693322,0.3629198192028363,0.0668017353711457,-0.9020071419781576,0.2005564017393742
0.107028455203436,-0.930549276220032,0.1414774184041695,22.603184517179084,2.349359744034604,0.0171889597288938,0.0745659232526212,-0.892393038096534,0.2112083611801163
0.1208996863659252,-0.9174319081641754,0.1525042733988534,21.56316683672869,3.369362546985246,-1.4347809787717312,0.0921800303642295,-0.8847176365358251,0.224599642268272
0.1221858592706539,-0.909440228007872,0.1658338815262207,20.899430676894816,3.8288687065210834,-1.393977348148084,0.0941667164213612,-0.884518170176551,0.2347328030378851
0.1208407205813364,-0.914179661477247,0.1785335242799054,20.04314762905349,4.655341437571767,-1.810810641104175,0.0952566577989901,-0.8846530245376376,0.2477570675202451
0.0960017281693794,-0.9278064989881484,0.1881500489154644,19.13908517802624,5.12851085583791,-1.278235319372801,0.0728175543127301,-0.8900888994427614,0.2520863415436546
0.1113510917145342,-0.9294159585031908,0.2030985066498358,18.31837097238752,4.751933338100597,-0.2563876192413166,0.0809394376743756,-0.8899230161175642,0.259352055538714
0.1179466719722532,-0.939606268881516,0.1976092658716843,17.46196801439133,4.50059047567407,-0.1605040723520206,0.0873143966608855,-0.8924560231933827,0.2675670684933995
0.1005479645012495,-0.9375629493605534,0.2086659157687811,17.040059276647554,4.239415202818005,0.1101988217448662,0.0708143669522139,-0.8963943521225943,0.2719747216224704
0.1128813678010911,-0.9331493897654364,0.2109253958243306,16.249513379638024,3.433856470980092,0.4442807416625156,0.0856104161895172,-0.8928570441552383,0.2807206386711959
0.1086819407010979,-0.933237498467438,0.2075939757752343,15.383684823103348,2.8625221292910474,0.6485592842984831,0.0879624767996871,-0.8899354757920143,0.287373539669753
0.1073157995471933,-0.9233430722697612,0.2351473676618492,14.656709198865224,2.303209011778634,0.0204932884040333,0.0830260088244929,-0.882415294665748,0.2915215210294172
0.0990995643469832,-0.9554872953215744,0.1996893491094507,14.1798592650045,1.5781461797396654,0.934194222790638,0.0665064461355715,-0.8919760469826457,0.2807365469371826
0.081993494911266,-0.95980564010756,0.1934020622097031,14.43507511973834,1.7923568615347305,2.3603393150022254,0.047272935754334,-0.9020478528488448,0.2819166249190425
0.0902473327016923,-0.9370531285100632,0.240631857048242,14.319444190610431,2.4203173012587764,1.493869182309618,0.0631469474028686,-0.8958708969962932,0.2972037087431733
0.0949257179205154,-0.951976945776764,0.2229349331661881,14.26346705240212,2.976748633283365,1.6670825264983815,0.0727188281080265,-0.8995794234281188,0.2934371056484249
0.1041216720302128,-0.9443226022401184,0.224401130976095,14.757860081919048,3.5249561852808124,2.283995578237674,0.0759605553680976,-0.8980680905155924,0.2983559147822327
0.1042118470032955,-0.936426619661192,0.2433511720354018,14.951482814867765,3.4063738312275804,2.0257787827654745,0.0721513976035998,-0.8933650104769695,0.3038076846489229
0.0851222965981661,-0.928155943812174,0.2318999530069727,14.862233946201526,2.9335696005142657,2.054533562831586,0.0570018954099417,-0.8889029817303812,0.2943942388047837
0.0862733545017463,-0.9137820938269596,0.2247836463620847,14.39933298496394,2.5170384606259955,1.9693864949102475,0.0559098305184037,-0.8787418855643903,0.2881688202655886
0.0965382341966166,-0.91373689468075,0.2148172467012584,13.55405455533912,2.0362041713367525,2.033081800048158,0.0630132582810134,-0.8749804640559207,0.2840724057135615
0.0923215077397769,-0.9097362108200776,0.2119495884294359,12.210141782277336,1.4852694494422394,1.938334743838072,0.0656752657486885,-0.875760072510797,0.2808377049345274
0.0880221049191111,-0.9199472781071484,0.2240938653015929,10.46253122914646,0.8921230545033578,1.917679351944757,0.0630942694672897,-0.88196363694556,0.2851422375475523
0.0925555308854755,-0.9160158165082456,0.2299140779211457,9.354845439495554,0.479267739210951,1.911454253906165,0.064599202113023,-0.8798435955458457,0.2999644003846156
0.0879469930606406,-0.9048743433407852,0.2359574086188115,8.586203539322481,0.2331117936712115,1.9891793958230175,0.0591721921265888,-0.8715301360220138,0.3047357165494712
0.0820234586631415,-0.9094499324623364,0.2497535863854477,7.165050188765495,0.1483904644688152,2.6790385713010227,0.0525318985900288,-0.8745709535753632,0.3043372279861537
0.0822299998061267,-0.918454504416538,0.2440757989449061,5.741337418186057,0.382358929235704,2.96208445853335,0.0527170955231872,-0.8814365307307657,0.3140022443241116
0.0637823935542537,-0.9376749855994716,0.2418518468207415,4.881243346945759,0.5369767067382067,2.979695471853128,0.0379894907082484,-0.8893078847566279,0.3186327275569214
0.0465049737623038,-0.9442522680395096,0.2569140532221344,4.436524741966479,0.2774782124030647,2.8750848187773426,0.0229125003242902,-0.8970601060605055,0.3226416803360419
0.0488806060677498,-0.945679726213828,0.2583164374932343,4.651766190541214,-0.0618811183522795,2.73287851968678,0.0209910296431483,-0.9025914341666303,0.3265459495818449
0.0491167786584302,-0.9413375905757702,0.2566532725194496,5.311548194966347,-0.0889319420482079,3.0553803184056263,0.024384169262608,-0.8986393679160971,0.327130758488435
0.0562320677866386,-0.9324003741009976,0.2559093534581239,5.8143437263655855,0.1993699937356629,3.327088805715225,0.0320115215250198,-0.8930202223384487,0.330397596644819
0.0722700635988443,-0.940547740462947,0.2614119307793279,6.031886695442138,0.6293579760336704,3.5903112142874267,0.0454198600018592,-0.8986630307524461,0.3288009832224525
0.0880566864791618,-0.9465002241485364,0.2678085501546504,6.614818101980463,1.2991187228014305,3.7432789278736,0.0615935460151434,-0.9004002406693472,0.3310197045683707
0.1148431312636938,-0.9452461261242676,0.2662737825683483,8.30895454755413,2.384623067876898,3.700479227694891,0.0763752963121499,-0.8981644637139312,0.3351715738181818
0.128779945553821,-0.9381826498045392,0.2703686654457815,10.172052719715438,3.7438740903646175,3.687211321072101,0.0924366397211365,-0.8921594411329989,0.329441504470528
0.1223019109276277,-0.9210242710582844,0.2661174968958978,11.06059822213961,4.806529002048087,3.479319952074708,0.0971644254168926,-0.8795156284524099,0.3304608449570856
0.1225507751613255,-0.904697766231723,0.2606380176054654,11.046755800841307,5.405179310495821,3.059562797520235,0.0935616003143891,-0.8713855166975966,0.329702809528516
0.1180178482263301,-0.900260944715459,0.2659559635262468,9.934965837840004,5.812849382490381,2.5256384857651666,0.0932838933139093,-0.8669683668319402,0.3235042103091382
0.1080461646500835,-0.904621076298038,0.2714575257492074,8.213385951556619,5.738887703419803,2.0770882936495,0.0836650740115178,-0.868127903623007,0.3327477748003894
0.0962691480124721,-0.9092845867700196,0.272921109530457,7.001600425311006,5.4729074786524965,1.6794599392252556,0.066966331706826,-0.8739397839836379,0.3369665072748056
0.0801275705834543,-0.9113691314174742,0.2714231946165792,6.42049576267747,5.53733055169618,1.4865583961446758,0.0547186905527595,-0.8762840789040267,0.3343644570549561
0.0741664538839922,-0.908039779512148,0.270395637740202,5.956016167967033,5.732281406253694,1.5345440694750363,0.0458293350331761,-0.8737996020976788,0.335620646162896
0.0656303532987882,-0.9061134271185504,0.2645552761300656,5.094257416075519,5.993463775735416,1.3946340253443694,0.0366127100516598,-0.8722345394829286,0.3279426083438577
0.0571192602828293,-0.9075397303447506,0.2617017437108736,4.196012129647024,6.147004323325017,1.281348065629634,0.0315176406489688,-0.8739175746600573,0.3263765891541489
0.0570966338645793,-0.9073397266707594,0.2570018711887716,3.5601354100830087,6.173733310521188,1.2318913966631095,0.0295184909185343,-0.8732425347979681,0.3255171439864256
0.0578817058016491,-0.9109916430067992,0.2581672687618834,2.8318492351417217,6.02942228911984,1.1618610975585886,0.0286620087380278,-0.8777540485817141,0.3219918613686767
0.0639016595469831,-0.918014039663522,0.2707255867081792,2.1393599181882803,5.735821194242183,1.2080710849032426,0.0374069191860202,-0.8823542133320406,0.3320335984012146
0.0695437353687006,-0.9260687988317848,0.2696524660462019,1.8578604193867607,5.669466486756442,1.4093676463059348,0.0491916964134475,-0.8828399026012674,0.3364900835147103
0.0781141937714347,-0.934664969764882,0.2760316482799464,2.1483940612687813,5.57275461021414,1.7500654118220946,0.0561510926375657,-0.8928063153243814,0.3401445201215108
0.0870898688207816,-0.9372128943592272,0.280423086561691,2.8204544027806477,5.306325736468123,1.9184196043285733,0.0588534584536775,-0.898203063161673,0.3473671597909656
0.0928765858148774,-0.9409657869920496,0.2763366119495531,3.791175144619736,5.131138425309965,2.0913381076893667,0.0620742729311947,-0.8952215107002022,0.3454218868768735
0.0958518409304351,-0.938379906191047,0.2810571272951633,4.5419429388933645,5.121337850021427,2.16099531336013,0.064694686992182,-0.8919975621492933,0.3452308553701314
0.0873475882897849,-0.9250441619086034,0.2750796003607971,4.4608867519953215,5.120312486458326,1.820045736303031,0.0585765114436848,-0.8847995083429732,0.3393550864669808
0.0797803708091529,-0.9220489742808587,0.2734048415656784,4.140254791550383,4.918503238501826,1.4821451323598531,0.0517143655200666,-0.8790595634558218,0.3323484432829677
0.068582911316111,-0.9101619745166604,0.2669845507482359,3.7332279492509928,4.678615656277337,1.1170506003411105,0.0427321018836097,-0.8747555312818459,0.3315920244734013
0.0518433629115725,-0.8951444540159841,0.2615304005052022,2.743539730054141,4.358983992988357,0.8130932238349996,0.0287819706283845,-0.8708149103689526,0.3316949880615971
0.0430894988207922,-0.9071523121604796,0.2748358445940689,1.1415468410592606,3.9258845908129056,0.8410608958240772,0.0179741911904952,-0.86903860024321,0.3395724640793073
0.0364277977710247,-0.9134776489423732,0.2776722396578001,-0.6888695749898476,3.5065452850425864,1.1011551544279945,0.0095461681691509,-0.8728567860205505,0.3415661986739501
0.029409097893604,-0.9097451332529378,0.2793772992544063,-2.131305017199249,2.729949682799768,1.4413041311412145,0.0023122737091938,-0.8783244002114803,0.3442993300841449
0.0163735180225163,-0.9177531770039882,0.2822505206814938,-3.100224423572335,1.6596101903406646,1.579516269761539,-0.0066359324457219,-0.8804630727714389,0.3500379439384679
0.0092756177943716,-0.9239867117715972,0.2813591676500789,-3.8217654898906495,1.0440855529149675,1.589193116411213,-0.0103054044676559,-0.8850298027316783,0.3445301251192704
0.0201295848649031,-0.9296103393364208,0.2733221584428846,-4.303513166072846,1.004569145293324,1.4759144428715043,-0.0035447491384232,-0.8870712484752448,0.3420504353065923
0.028526612864043,-0.930570022936764,0.2644016538561823,-4.459633583406116,1.0858517348257344,1.204124149775618,0.0042564295558226,-0.8888661128478921,0.3379028825251352
0.0430400002531098,-0.9288929146540774,0.2750996871812726,-4.074882833023142,1.1422392161245896,0.8538595450023505,0.0147743814660497,-0.8954759222820357,0.334647661450035
0.0618624277721394,-0.939158751223237,0.2775480838131412,-2.9735758130004224,1.3398521490186044,0.4712138032356902,0.0276987054289203,-0.901598146230336,0.3372044714806033
0.0630144693920697,-0.9399330910652668,0.2671993677680601,-1.4685292405190178,1.7681270131528437,0.4237518151218832,0.0344453391787867,-0.9015859262199182,0.33550076088184
0.0657713206782266,-0.932667759767492,0.2660600558533424,-0.3468079083925027,2.2648433519947995,0.6103154698662053,0.037033373674171,-0.8926561972466658,0.3340658535299735
0.0688798192717074,-0.9297836364510962,0.2692766818764397,0.1032897661043315,2.7311636805429025,0.8841881204685159,0.0430078208590116,-0.8901610582737706,0.3325797734562303
0.0772086668906411,-0.9298721264644232,0.2675919047258379,0.3601269970231388,3.144633950424523,1.2251376557090146,0.0530679988170817,-0.8955708086484154,0.3337303188808156
0.0951843142230261,-0.9362861193408708,0.2657313585328312,0.7578539930524061,3.490995836177819,1.3372646013247789,0.0621361534159527,-0.8963039250300953,0.3333369546480029
0.0964330617823547,-0.9361860363418733,0.2676515497110644,1.1393134474505593,3.924044303966614,1.3282195581522434,0.0691605741478269,-0.8973413375784394,0.3296469597817048
0.1007394743365881,-0.933274987130526,0.2655425466767054,1.4153156644857947,4.410295323999342,1.2706328805164473,0.0748534721579204,-0.8953233341172798,0.3279879636620177
0.1088057448453166,-0.9264300787620182,0.2606985404703125,1.640349313563484,4.751143316910041,1.1779394551795064,0.0791651074839577,-0.8879509142281419,0.3247858453650163
0.1079570878330895,-0.9204780798611728,0.2552386869011557,1.646891719710429,4.898726880701781,1.029457863405384,0.0822312342679704,-0.8846768414507008,0.3218174372527739
0.1131212372349954,-0.9232672531845804,0.2589534097244608,1.4863460496214311,5.117701501931427,0.6542719318321489,0.0818836726102808,-0.881609700349236,0.3225218587098132
0.1150307080132517,-0.9134278110023376,0.2675822956534791,1.5012988070151456,5.340241207205265,0.1903909528765939,0.0806911984194714,-0.8780409711152921,0.3295283146306568
0.1145815635730792,-0.9080594818505988,0.2683880147931028,1.8734404149963848,5.441941823467359,-0.1320196803838648,0.0803990678425465,-0.877403405348173,0.3324765278388778
0.1110913019663753,-0.9122565801604416,0.2719801165495543,2.553731911562965,6.007728947048069,-0.2410697743631913,0.0791326572669332,-0.8749000154996045,0.3328366373252894
0.1001571886310937,-0.9120672611790724,0.2721415472162595,3.105267237317352,6.5969933130077365,-0.3998790984443334,0.0763133547610294,-0.8755723819611114,0.337974451448026
0.0963225220050964,-0.9199809853180124,0.2706261231119475,3.307901452906994,6.727331206599548,-0.6764789898702779,0.0656344165586379,-0.8789191753359403,0.3388088257722326
0.0873760162825575,-0.9226804852892716,0.272791536357354,3.4288177145288383,6.898819948040841,-0.8345761465476397,0.0515796300761616,-0.8782952208650503,0.3402847369261709
0.0649362714834193,-0.9209650414610018,0.2729682160079417,3.337993884835742,6.921280977168262,-0.8442427684529261,0.0428628001094533,-0.8831790098948676,0.3417538676139081
0.0568518392207719,-0.9283126054611908,0.2836216877012106,3.048553106470439,6.880569706337115,-0.6048518933355645,0.0358646530053147,-0.8909607613555897,0.3449736462852568
0.0611114630289926,-0.9354320865717805,0.2921771462398028,3.1484038452757908,6.834240508605267,-0.2399528950208517,0.0325944162526822,-0.8930006377394876,0.3565738674146893
0.057437035597561,-0.9416700903776588,0.2910871939455275,3.741417828010392,6.642906347085916,0.0337462343095901,0.032577112414636,-0.8966092611561449,0.3630428637483785
0.0608765386338596,-0.9420351968015236,0.2886481382237017,4.469388452799884,6.575810400206095,0.2506108760737093,0.0359044492097057,-0.8979832751872746,0.3608411395095363
0.06339622586758,-0.9359306023804884,0.2834114060938281,5.019257791725658,6.498514789279089,0.2850659547575374,0.041455672016383,-0.8925693674809347,0.3554349529331596
