ADXL_X,ADXL_Y,ADXL_Z,ITG_X,ITG_Y,ITG_Z,MMA_X,MMA_Y,MMA_Z
0.0734583502143121,-1.05156964541507,-0.144601632859074,-3.130369196205941,5.352787504704045,0.0189326693839956,0.0565221883509602,-1.010329421742309,-0.0443394154335092
0.0671547392165568,-1.0472890553277332,-0.1402703723173962,-2.939042329510736,5.308361984524178,-0.0331825404047637,0.0566519960376256,-1.0056632921722093,-0.0389895345647396
0.0702199876022282,-1.042166260601439,-0.1347240740670915,-2.947534370825766,5.2339964056672965,0.000782657912614,0.055853060079393,-0.9985339984054872,-0.0384624673264615
0.0734118146816075,-1.044149047887862,-0.1375555603583755,-3.173011756614303,5.036975828246081,0.0250936127091221,0.0586600542228695,-0.9978999090266188,-0.0372633478173278
0.0816478286208895,-1.0464978825505988,-0.1478191553727365,-3.3160895540706683,5.004953750167992,0.0403288122822885,0.0586170895244768,-1.001174397918408,-0.0363041076711323
0.0815003726605897,-1.041641183009672,-0.1440380271926048,-3.382452975017498,4.881937546851502,-0.0304978602030059,0.0589508672613495,-1.000128940337624,-0.0395299577837194
0.0729523031188654,-1.0427224737476588,-0.1423310388771348,-3.4559463830966988,4.695510414660481,-0.0308925020908291,0.0618793820314186,-0.999132839480222,-0.0397816171087442
0.0686278912293997,-1.0396299818033623,-0.148079784713612,-3.412092899841656,4.735731230823021,-0.0296681853212024,0.0578998262981319,-0.998201180435838,-0.0409586736480995
0.079295208184441,-1.0376665288258584,-0.1385738224004324,-3.367374498670948,4.693594389083271,-0.0050010196911106,0.057252557439212,-1.0002054180579212,-0.0441680997316487
0.0842759110327571,-1.0400719288544371,-0.1403917683484762,-3.3766439935961867,4.753641037389091,0.0650389796075607,0.0601661482100007,-0.9995101043663368,-0.0450661781930519
0.0696084222768548,-1.041017674586996,-0.1466440861262277,-3.4000810460963145,4.861108655989722,0.0300612453250673,0.0603021629103099,-1.0029317270045266,-0.0408412558442884
0.0754979237241511,-1.0442753146748671,-0.149646832409963,-3.453106253426754,4.720679363689087,0.0755644925610138,0.0616042558862122,-1.006123447880925,-0.0401794165189428
0.0799089813401353,-1.0378135035639078,-0.1537982960772593,-3.441739911930098,4.645251463907878,0.0391884933442225,0.0585343951892583,-0.9973921178455604,-0.0449573583984376
0.072128134664273,-1.044051830228586,-0.145844475611242,-3.518606919510052,4.646807264384871,-0.0681340336602763,0.0573408700747752,-0.9969533211672552,-0.0445531166029516
0.0710739436841285,-1.0527714691876515,-0.1498655583251038,-3.502811617633725,4.537104213755869,-0.0370547121033621,0.0604155687098485,-1.0008469227304395,-0.0466849782280493
0.0668377734033599,-1.043049766611433,-0.1512754273818679,-3.3016916595622603,4.47547041139712,-0.0320615668501992,0.0579699917652414,-1.0006763559708731,-0.049055166994577
0.0766896123386747,-1.0424050146094177,-0.1518380105043251,-3.1601164066747245,4.443101118304775,-0.0276029410725285,0.0563023338630622,-0.9999498352980736,-0.0478034924322955
0.0761414955225055,-1.0456323844575457,-0.1619074733522019,-3.0021829739198096,4.3766066326498425,-0.0174636155125602,0.0564388336628242,-1.0003946647987838,-0.0505314583994608
0.066721247127506,-1.0449919393875031,-0.1537311980131263,-3.070653873928611,4.3640482493862205,-0.0471431960895486,0.058096946156215,-1.0057346594402996,-0.0494201733609748
0.0760397919646116,-1.0455644383282117,-0.1480892209233932,-3.060773493406725,4.404005821612678,-0.0478191264773679,0.059574154661951,-1.0036435758884026,-0.0473482468902837
0.0763938389924042,-1.0494378150028678,-0.1516513981327175,-2.75551563795534,4.534343362832869,-0.0284752296987709,0.0549338677855698,-1.0003572178811435,-0.0480947154005892
0.0715082396354532,-1.0437736951968477,-0.1536048496695616,-2.710159042539878,4.54571826320243,0.006615198012132,0.0546055939065002,-1.0009379412003914,-0.0468868978704254
0.070219491508213,-1.0308782482396983,-0.1559395966312378,-2.741454058152144,4.331516425238684,0.1254070881958488,0.0555458534848464,-0.9965677874630108,-0.0453182392480104
0.0704606602475093,-1.0326978508302678,-0.1510716908975207,-2.841029163631233,4.024763501518452,0.1965761571659954,0.0556432365540407,-0.9946040969256144,-0.0443597768040842
0.0771762794340649,-1.037964685596761,-0.1428292391680332,-3.17267669885056,3.750652706090592,0.163075785028795,0.0575705708676017,-0.9958531558390792,-0.0460744464966057
0.0770813682203424,-1.044463473299296,-0.1508710083501131,-3.4818377065476165,3.681764407700456,0.2307909212964435,0.055122197876988,-0.9987687005935916,-0.0469092316966918
0.0677830916222425,-1.0447040444882467,-0.1559595518204941,-3.4842891438150003,3.6780090003650656,0.2205782684275839,0.0582493004779704,-1.0019777613532117,-0.0485834718671534
0.0652438090382501,-1.040918683582241,-0.1468296618513453,-3.167334422507606,3.7235743354824047,0.0600116120640596,0.0594898367492316,-1.001536009300118,-0.0525338866887191
0.0715587703111601,-1.0424195981239708,-0.1619990663129537,-3.1625458784518066,3.7641882348532776,-0.0282295151635202,0.0557047284675701,-1.0004302563186256,-0.0513678436043056
0.0746462956100857,-1.0360576239190151,-0.1655508227274562,-3.4986098453313903,3.659195331637299,-0.0788829033525097,0.0581293781075554,-1.0018282175156776,-0.0490115010078659
0.073044894651607,-1.0430337629346484,-0.1523841243126494,-3.8027060593153847,3.63058930895199,-0.0937096581952851,0.0578985357805195,-1.0092289188891774,-0.0502562927652591
0.0706673873883054,-1.054157293556617,-0.1650952694118083,-3.76703205810934,3.7171945181109214,-0.1202947783227372,0.0565859919270159,-1.013340186707362,-0.0541638602781104
0.0713360340485855,-1.0471769452463673,-0.1638249356637711,-3.2868902092224146,3.707429913038178,-0.0478382540471162,0.0529653521574998,-1.0064895492319517,-0.0535278365593685
0.0677074145538493,-1.0399188233045928,-0.1447719285787628,-3.0765118454864373,3.456271827739977,0.0859235283081657,0.0503937075386073,-1.0008835147268411,-0.0460544071788652
0.0691931633285343,-1.035798291007088,-0.1439836597438878,-2.929761700753943,3.2879625579937564,0.0193563420964826,0.056850744489114,-0.9964372498186918,-0.0501739142104695
0.0828392156428468,-1.038318434090724,-0.163246394745692,-2.6900873464749084,3.4346058562532598,0.0553606855070983,0.0593155777010373,-0.9952021728115624,-0.0623746265231066
0.0810282045259538,-1.047628944540504,-0.1706110879307198,-2.8494545195825958,3.593994040846215,0.0083247783077404,0.0613117327620822,-1.0049839674776202,-0.0600793685000738
0.0736981536282766,-1.0485589857719666,-0.1527582145776773,-2.323062713455917,3.602617299951382,-0.2402080793323235,0.0638924181883784,-1.0045933160964942,-0.0488867178846844
0.0753273558249359,-1.0338333743379722,-0.154285389234945,-1.3598847219369516,3.5095893862292717,-0.1289215327508967,0.0573677047369414,-0.9916367977414664,-0.0462988011557544
0.0766626599175534,-1.031283992570304,-0.159964469605309,-1.887582277841169,3.605503661812989,0.0053485798853351,0.0563213070663047,-0.989998974878734,-0.0506241199061679
0.0761230136603217,-1.0413466876968986,-0.1413316542081734,-3.0417595223711182,3.8641701593415454,-0.0712110366770929,0.0606705151518887,-0.9969277699412212,-0.0478219595568985
0.0750427079781625,-1.032077976452041,-0.144683965635488,-3.30963209674636,3.9445410522313913,-0.0083926894828376,0.0580242261704555,-0.9991153875229886,-0.0460893999475755
0.0761972998906382,-1.0332702259355138,-0.1561757638751294,-3.444188820527526,3.826275492155313,0.1204948740479362,0.0576404931078431,-0.9975404948275736,-0.05210758019016
0.0725534969608589,-1.0455452195630497,-0.1505659539037537,-3.852173668501757,3.467143925829292,0.1953231315668764,0.0559719732287478,-0.9998657231679386,-0.0518506060772423
0.0687762214420149,-1.043520870962856,-0.1581890558795789,-3.8473874610549217,3.01669801837025,0.2127822862133927,0.0523301049533772,-1.005551787671949,-0.0530716720925829
0.0712407426015065,-1.0497611109566058,-0.1631999103567383,-3.326517441529263,2.7794866981043924,0.1992288152713696,0.0553609862584009,-1.010911211647064,-0.0575436454432896
0.0735341696954015,-1.0534495783696525,-0.1565641241142113,-2.6542853414102496,2.861734820646213,0.1788750366462697,0.0546412531801638,-1.012413004380183,-0.0553618734613539
0.0725656446629387,-1.0432369367031646,-0.1595013026395754,-1.8223408379966903,3.205767821883412,0.0767158865580676,0.0550597247822118,-1.007617123485079,-0.0557103785354786
0.073754848368955,-1.0420158457486468,-0.1639311940735118,-0.8595786363636194,3.506994151342536,-0.1067650446925236,0.0584672289215553,-1.0037028329137383,-0.0577479967262232
0.07681410318812,-1.0443734453340374,-0.1622128057767502,-0.2294935166935011,3.659028996491477,-0.1871779132792019,0.0556728368409009,-1.003579143037415,-0.0562946339236161
0.0734928471359939,-1.038882166463163,-0.1639624239540889,-0.0778708582180591,3.697953697821172,-0.2060576723155012,0.057027816761191,-1.0042736334288915,-0.0540248060595423
0.0727808556679341,-1.036251730288166,-0.1672876752894844,-0.063882478698669,3.608421151077304,-0.2289382596523454,0.0604360803113512,-1.0011380476456089,-0.0538681637208975
0.0778350889657297,-1.0391651434309526,-0.1645358785986759,0.0686673189452162,3.59143759735831,-0.1656203062746831,0.0622149622756408,-0.9972996926035272,-0.0571246942511607
0.0770617304421899,-1.0443968549693927,-0.1658192354746032,0.2758827976773697,3.73398415283328,-0.1806162676541373,0.0636805349373092,-1.0002703164625772,-0.0571002861962138
0.074125348891739,-1.046947081779434,-0.1661190542364278,0.5338043582750116,3.8569250728310593,-0.1916823770328451,0.0585329020838176,-1.0013440502399706,-0.0541277695999303
0.0778801845450593,-1.044799878444861,-0.1610026541292215,1.0345124146795972,3.768454153093408,-0.1539514339090476,0.0576013680017292,-1.0005511380732557,-0.0535512035041333
0.0785251459891262,-1.048139634862232,-0.163095514668656,1.6752579172370048,3.679016588313624,-0.234581503094243,0.05981697060366,-1.0027475544684548,-0.0538475925213351
0.0741708944161782,-1.047687444803075,-0.167670317428219,2.0671508165012176,3.6856674570519945,-0.2187997764027977,0.0561473028048991,-1.0044745550220715,-0.0538307609498018
0.0751997907780174,-1.0433839815818438,-0.1669889064038827,2.160843036599946,3.6158231086610817,-0.2088925492284206,0.0549527802795104,-1.0072893917019528,-0.0533549336496375
0.0728286894738703,-1.0481429438950387,-0.1571353177804175,2.2189741003002275,3.7568140681784254,-0.400206735335591,0.0562709513670037,-1.0044766284042062,-0.0522775749093661
0.0706042912377233,-1.0440634919626834,-0.1499662519344766,2.330207678237936,3.9541188069176703,-0.4908838744870402,0.0591679825654935,-1.001430161714807,-0.0503545719596153
0.0762106577581173,-1.0399764051626157,-0.1595271078279053,2.2610639514586546,3.999587655445341,-0.4562857351396659,0.061593244436252,-1.0030961829467646,-0.0499016569233581
0.0749297469478752,-1.0466105111660151,-0.164418890958389,2.0388059949355943,4.111400986513384,-0.4635357395856154,0.0601404599595984,-1.0002891590458545,-0.0511454883001264
0.0752478539629972,-1.0449546249729116,-0.148339099704517,2.078929366569869,4.170227808716842,-0.477583866283743,0.0597282100174994,-1.001814764763507,-0.0514275336638156
0.0825195184967963,-1.0453585086368014,-0.1428300846133919,2.380917630892509,4.268076784534413,-0.5128249593052925,0.0585980716319097,-1.0038021322654662,-0.052641445218609
0.0763446261665046,-1.0454033676980032,-0.1624119264308679,2.7262467813437707,4.34071864702997,-0.5416683475458145,0.0576397070723861,-1.0035069110187098,-0.0535330342702612
0.0703660234814885,-1.039883140446609,-0.1638230470766849,3.0214096090156133,4.240548967822214,-0.5073996786764298,0.059604282797684,-1.007900476655204,-0.0543639867690803
0.0772483998026752,-1.0439816396834989,-0.1537235829848711,3.195045286875473,4.2141357390630825,-0.4534095895161026,0.0605533137842175,-1.0076329191659918,-0.0545051043912784
0.0780092471278857,-1.0466049350186852,-0.1630005106067809,3.36749440489476,4.300521226208232,-0.4758657710849189,0.0619611361680052,-1.0050275194248153,-0.0512519363362191
0.0761798734019492,-1.043175928662065,-0.1626835577182542,3.396084630944143,4.519620533136036,-0.5796773031644873,0.062510055428616,-1.0029066732647265,-0.0497715881087043
0.079235125686827,-1.0404101756073325,-0.1539210655831834,3.307380000143351,4.848996871613869,-0.6725554767059462,0.0628210979036852,-1.0006040260721825,-0.0501236431971599
0.0793141803230872,-1.0392141439686715,-0.1512658478712456,3.3674960534589435,5.114621749224741,-0.7225461062269789,0.0632351417854251,-0.99689770447672,-0.0486815983438973
0.0771651910554357,-1.0399520864891143,-0.1462223379853696,3.3472805502808485,5.152152625126328,-0.7380193606812752,0.0592501354658169,-0.9942858541326456,-0.0435170397948212
0.079414380711647,-1.0419332596426027,-0.1444696774961475,3.292650855495566,5.079792590502424,-0.7860686591551272,0.0594760220134729,-0.9964157231937704,-0.0422733068762844
0.0793449091024824,-1.047404424715208,-0.145629010412458,3.103039385147569,5.177373161345757,-0.8691439943625671,0.0606274933197697,-0.997017749303282,-0.0462807249314397
0.0751520658104375,-1.0478466168595015,-0.1490921282844254,2.7927496509662264,5.202186405799502,-0.944899987492331,0.0570682688215161,-1.0049833083161304,-0.0459565433421215
0.0758446347070152,-1.04787232593794,-0.1531129414630496,3.0727361392197,5.292132272115567,-0.9888955317604928,0.0564560230448409,-1.0108084308642038,-0.0483990714412096
0.073912480980611,-1.051844905218795,-0.1512721521142931,3.4351452492873875,5.705083907096651,-1.0627927978168468,0.0549116405047026,-1.00101748370385,-0.048087394727714
0.0792519957283987,-1.0472903064568753,-0.1456699319307506,3.2198420311560194,5.799783245439194,-1.1428632823706428,0.0565134916519841,-0.99691850263305,-0.0441576680430701
0.083173695696565,-1.0411844927661569,-0.1429348552932037,2.786836748910572,5.49401484689988,-0.9989758143947058,0.0607128512594092,-1.00162812288433,-0.0455251735830698
0.0723242390137497,-1.0409458440268091,-0.1415667622864029,2.457684300702725,5.224256862489335,-0.8708047682729515,0.0605936847008455,-1.002860019923596,-0.0437636846403846
0.0708827564868141,-1.041290335375313,-0.1407659595376743,2.344979273130626,4.922049376540813,-0.8735974903129773,0.0591999137961784,-1.0018405889658406,-0.0403420446142463
0.0643499010723254,-1.03681624324775,-0.1369919380340384,2.121334883644181,4.766891795090334,-0.7894719072637486,0.0529901926580368,-0.9979342417006796,-0.0331782726807739
0.064492565450612,-1.030335790895611,-0.1365363243253364,1.936824792545338,4.69380575775029,-0.7191452376525673,0.052660048168692,-0.9908325136877008,-0.0328772609833652
0.0784335423840159,-1.0331429655817137,-0.1444750734239469,1.5997212280216295,4.441193467474146,-0.6228407335845708,0.0588368291742916,-0.9912632340780942,-0.0435389585315803
0.0710512127564728,-1.0442274630394413,-0.1352882366967044,0.8680590034906176,4.539199991565896,-0.5440064344344115,0.0599558111420108,-0.9987730731894358,-0.0393704150209548
0.0703630734525391,-1.049093638140668,-0.1345728148453776,1.362314363244806,4.590074553004762,-0.5226991069777329,0.0627476223852666,-1.0018159991035236,-0.0325032880602425
0.078620158054565,-1.0440239475943502,-0.1447728934391199,2.653400572903493,4.1907423387162455,-0.4951737459776859,0.0616411791131818,-1.00057373406598,-0.0361801885876875
0.0777207640495181,-1.0414904903588451,-0.128167724191103,2.406815047606246,4.197503764698534,-0.5567415464404244,0.0591272460197572,-0.994972506342914,-0.0321117877166544
0.0777985305538063,-1.041655900323676,-0.1259666514259102,1.3966716084909008,4.390794121514924,-0.6520543676788788,0.0584049670187366,-0.9952409822604772,-0.0229643315932768
0.077032828983097,-1.0440080828799876,-0.1301927764683333,1.0528851500198253,4.378440758219486,-0.7433994283353292,0.0569144686653962,-1.001105178900172,-0.0191331606813632
0.079612883621649,-1.0472898404366655,-0.1167119071341306,0.9376515418749706,4.2083429277908335,-0.6306698942963652,0.0620499941225779,-0.9980130087141648,-0.0178711589144609
0.0745266116923605,-1.0430984563454766,-0.121795268725654,0.8077507426916785,3.7009796103734502,-0.3361533396350465,0.0623081135016539,-0.9987051298459522,-0.018129700544399
0.0752368705036572,-1.043009874670169,-0.1301188068827251,0.6391547083824801,3.225031432190985,-0.2003724352664469,0.0618462587060747,-1.003496366948044,-0.021503080263347
0.0865356407860315,-1.0476362981814915,-0.1288586417769048,0.3977480017424004,2.8909092815024486,-0.149445585779885,0.0652869205781726,-1.0080003496942125,-0.0263959616063006
0.0880175725347774,-1.049215277596842,-0.1329871020293834,0.4396121912805798,2.862239016327651,-0.2427171543311153,0.0667298589951697,-1.0129060949743165,-0.0294985712058399
0.0906102618680687,-1.05050034431217,-0.1383557266263962,0.9483842833536718,3.417789569529926,-0.4559881426226031,0.071093001254052,-1.0093539503210898,-0.0296827090508638
0.0917832873215485,-1.053007358274653,-0.1348073832325943,1.640810851652568,3.9767969575641446,-0.5649520728476861,0.0698729951319805,-1.0094888780150606,-0.0301297777289519
0.096275534221531,-1.055048528645888,-0.1297791420510081,2.032002458175763,4.278055779678852,-0.7002262700887972,0.0687649731468605,-1.0113772960453375,-0.0309838004341396
0.0914026925649957,-1.0534305174964562,-0.135900660441417,2.168979514456317,4.564482459513704,-0.7653293214536591,0.0692056473115639,-1.010543673168307,-0.0278110234865533
0.0803785032004495,-1.0548210984683355,-0.1317022400578576,2.1713914749836865,4.745816082688403,-0.7331552763738884,0.0660169339321184,-1.0156497570579663,-0.0253857102983856
0.0928586449568404,-1.0563385682936932,-0.1324704558991134,2.200926880066235,4.767944584211956,-0.8063467095706489,0.0689585464040435,-1.012833533203752,-0.0273053485092538
0.0909783799940872,-1.0501413296103763,-0.1376694205067942,2.630010128244461,4.869541740949323,-0.8439176802697652,0.0709265689811792,-1.0059991429730435,-0.02620877846454
0.0798326544164544,-1.042312015180812,-0.1234126372916596,2.951407000997415,5.155442888313325,-0.8674624142647233,0.0685269357007279,-1.0101374195813766,-0.0238535668888644
0.0829952485823921,-1.0469344956533673,-0.1390338873457755,3.080749126366908,5.307013792282258,-0.9828624441128454,0.0675502930190705,-1.0095276679975402,-0.0261944288058277
0.0829414794627481,-1.0533801922195951,-0.140588439040742,3.4825112680645103,5.50098265642916,-1.0197051388281175,0.0678796319495503,-1.0039018974581049,-0.0277273808921059
0.0830369331096424,-1.0478604819473487,-0.1234492518621204,3.865820483464604,6.062646696063516,-1.000607174236252,0.068138161843376,-1.0026759059858257,-0.0256820942620245
0.0842605747665063,-1.0484200909670154,-0.1402408543398539,4.118583922816842,6.349488242463398,-0.9776093505818348,0.0661359084266444,-0.999312001093528,-0.0243670934130253
0.0912536927702504,-1.0453755289868656,-0.1176004487353017,4.517022100647081,6.159153663428557,-0.9318007167429684,0.0636794949176586,-1.0006963160156146,-0.0238999580452741
0.079333905960413,-1.0424678039126,-0.1235820021919351,4.979894628993399,5.906413208755952,-0.9859566545887288,0.064611017648083,-0.998612437634168,-0.0217442394168198
0.0569253579015245,-1.0484583091395567,-0.1597790494351213,4.624286555059112,5.792068275844582,-1.1523403024003265,0.065096451774569,-0.9930447617508824,-0.0203249391185826
0.0680603663217011,-1.0464388968760487,-0.1261408341000479,3.517945272227422,5.961325854077927,-1.2921476903607103,0.0622310636103905,-0.9995232314392742,-0.0202577194375789
0.0789943804848724,-1.048675530669225,-0.1189467501315384,2.935001530152077,6.060529656859552,-1.270972346975065,0.0612413637389065,-1.0038860436590706,-0.0198522684404843
0.0689402336031606,-1.0492578930058418,-0.1263259110234716,3.044187292787861,5.967802438864319,-1.1718137716004684,0.0593164380277497,-1.00962726039182,-0.0222825127559963
0.0700488742913376,-1.0489797394108802,-0.1150453574843846,3.4572013656774727,5.862467098874051,-1.1439706600899804,0.0582091743014982,-1.0194345779197969,-0.0214387705851319
0.0794777792262114,-1.0515232303187507,-0.1281151670797228,3.8237277143230393,5.510860558007738,-1.1290506291750653,0.0592534756093498,-1.0131343899105625,-0.0168489077919106
0.0710935863335968,-1.0507693020254578,-0.1203209171437183,4.042360575599412,5.085383920708377,-1.0751579399546725,0.0580901703949018,-1.001549794483084,-0.0179036009063563
0.0661242504205483,-1.0516832794453523,-0.1157222142250297,4.262257818023629,4.713453748760757,-1.0528369047358133,0.0578188094683739,-1.0002106784557985,-0.0183963870940526
0.0703973726176984,-1.044031693313814,-0.1267032505990878,4.2547340225123245,4.33746928645962,-1.0829813717981207,0.0576273518462647,-0.998636266453568,-0.01705524056798
0.0715682192678963,-1.044814095811074,-0.1197676866851358,4.054836594727066,4.248281458412543,-1.0654122410267464,0.0566160645060378,-0.9985294007101428,-0.0191145549985379
0.0785286496976483,-1.0497902816108609,-0.1172447080203515,3.914933887059399,4.271717827973394,-1.024546561152127,0.0559005454993134,-1.006055269717177,-0.0180216112015654
0.0726922491720793,-1.046952858850025,-0.11254608027252,4.198524151965833,4.278862170076961,-1.029404697003642,0.059527736308865,-1.0035605666485488,-0.0113977687454365
0.0718783723208772,-1.0503187726285432,-0.1116830889099729,4.711627758192802,4.233831961316852,-0.9895287745504324,0.0612453723935293,-0.9989825844677668,-0.0062126927444263
0.0794790494371826,-1.0430368119811584,-0.1155407593726239,4.631262100273744,3.824071914696164,-0.8917601673793187,0.0562679272649877,-1.003856794622712,-0.0046959009261975
0.0705320837917713,-1.033709338384542,-0.1046236525994517,4.036362446914293,3.1894975474848346,-0.8051549700705821,0.0571222383359011,-0.9991813318258566,-0.0031578064476842
0.0732573076552837,-1.0363525963150158,-0.1014424468760957,3.34504808419592,2.49996843288495,-0.7110505366244507,0.0578690822775489,-0.9947997271087892,-0.0030120073030584
0.0816151332174459,-1.0393686649754816,-0.0989916839082095,2.845535239951659,2.029246000823918,-0.5265384945208497,0.0564411909154839,-0.9976665857931336,-0.0050424417879201
0.077814181129895,-1.041724082862296,-0.0971237262087504,2.7054138751968937,1.7884503819782562,-0.3296151050093461,0.0614530164783147,-0.9988728486479296,-0.0039348201690336
0.0779660531417901,-1.0425471906738144,-0.1126977091921641,2.555931271019979,1.40215520633459,-0.2169125505214372,0.0659348509870417,-1.0033312457338868,-0.0062602817513621
0.0831645528184133,-1.0425970180294055,-0.1228199540045558,2.427556827343432,1.1179773218238305,-0.0804134403042972,0.0690676209519031,-1.0037252856543384,-0.0155825635225569
0.0910216182506679,-1.0440546529330912,-0.109298109484562,2.444116629237857,1.0686144112112703,0.0228414795090775,0.0711403487444543,-1.0009331982346388,-0.011669928169508
0.0979968436542557,-1.0508063717534033,-0.0975337065737153,2.4126959995774646,1.429882976163083,0.0119290941236879,0.0742647615369741,-1.001286291037126,-0.0017163646397824
0.0990103087347338,-1.0437446844559553,-0.1165032962414566,2.704081894177772,2.1476027524937304,-0.0649067881363558,0.0800335010608173,-0.9999023264831588,-0.0123126038282618
0.0997598791005369,-1.0344527342631564,-0.1297789186261694,2.8799501702081964,2.603713111552484,-0.1415802919549885,0.0830672623948038,-1.003367670913056,-0.0257181924652792
0.0988214569090424,-1.0514717581097954,-0.1170982684116792,2.501696355312584,3.084181615977033,-0.1773520423576297,0.0870563791086694,-1.016795072228878,-0.0198436695937063
0.0985964745547801,-1.0567667118589992,-0.1124195367093985,3.313689871748761,3.708667911191444,-0.3439350655642672,0.0861372482779237,-1.02255688765405,-0.0102614617601168
0.1030309217694699,-1.0515633961267083,-0.1102653657275241,4.978559426583186,4.221163317330988,-0.5939172185751028,0.0797457787032474,-1.013917622036279,-0.0113055612741964
0.0960611387288302,-1.048245926456147,-0.1016412007799692,5.340463141204379,5.13516316327391,-0.8112998191039039,0.0802887689627383,-1.0126810870638692,-0.0072390178416103
0.095753589809449,-1.0479509333142885,-0.101833554042331,5.308864755098539,6.339485966426315,-1.0561317782999735,0.0817325728938786,-1.01452468861073,0.0041014864936879
0.1055781811465374,-1.058537368102609,-0.1022984597276942,5.76628061464224,7.107228026602645,-1.156248113995353,0.0813588531302804,-1.0088773781451874,0.0059602110301141
0.097678426997594,-1.0449927917124453,-0.098960328131725,6.056498816765304,7.5787978568010015,-1.11697426068612,0.0842618983039814,-1.0053039644590798,0.0060086885260835
0.0974450337154063,-1.037450228843391,-0.0944230319897149,6.119444951774548,7.910596592632029,-1.0821299763101784,0.0861269033124847,-1.0007723377914444,0.0073415801531912
0.1005205933384114,-1.047368851896008,-0.0892125801036406,5.98918473498096,8.064522920289102,-0.9507625156854844,0.0852341630425254,-1.000794641141128,0.0065613488440326
0.0994179180991842,-1.0455784992796284,-0.0891995573198535,5.83817918083416,8.426028670605545,-0.832569888659523,0.0851570898362301,-1.001645705311774,0.0081324915825224
0.1068361879739065,-1.0437945483213449,-0.0880836595938332,5.601353412450512,8.766838030734457,-0.8761640724521005,0.0851224083298863,-0.9980375289346032,0.0102086248835582
0.1045175085189673,-1.0383524337564445,-0.0893230291192934,4.943881531943844,9.068014770772104,-0.916138723609696,0.0836246988943367,-0.998828281849736,0.014636745123525
0.1027208792330424,-1.0419433221923429,-0.0771402348102857,4.230364299948189,9.424608282566629,-1.0090247627533775,0.081042836454851,-0.9973774957674896,0.0203216568232116
0.0952859458352633,-1.039384798838189,-0.0596526029780635,3.72906096390004,9.384331067818277,-1.075412171008705,0.075097173328592,-0.9963980406225258,0.0256756711998824
0.0844128218771166,-1.0297115021545098,-0.0731843762969887,3.4787384108227366,9.333185714939736,-0.8450835660825746,0.0685810553205296,-0.995326329350404,0.0302296112007606
0.0848076794446117,-1.0371843493968256,-0.071154387849557,3.4744600357648614,9.244844756089051,-0.528711387738859,0.0653895558697383,-0.9919512544888232,0.0314292716237988
0.0833887835919622,-1.0401050486870411,-0.0622555320029022,3.3328067620025363,8.893530512429036,-0.0928745084871476,0.0642928798836215,-0.9903872938929466,0.0345389859555869
0.0815935426390513,-1.0327420526048776,-0.0756411258242958,3.289118601484467,8.498277873535839,0.3744976786822482,0.0648089241951349,-0.9847214967500802,0.0351500062938377
0.0779201873143467,-1.0249943750313115,-0.0708744603174569,2.988096072488516,7.837160163948025,0.6486502880880152,0.0676645228840376,-0.9864916953037683,0.0301074818520851
0.0833239122123445,-1.0363160929889053,-0.0712600933871015,1.8938229471970076,7.2078804483753185,0.8569981690005235,0.0690160135679794,-0.9957604281333988,0.0304833513918214
0.0925477199097612,-1.0471901369551064,-0.0716014288340718,1.2389549677670788,6.756601178732328,0.6333022515948185,0.0711422931844125,-0.9974583890777864,0.0318843816084252
0.0934846829568118,-1.0383511302571526,-0.0663285682663415,1.286537832976083,6.657187528229356,0.2006203735300053,0.0778529469776754,-0.9974080693708048,0.0319136153533975
0.094550077684975,-1.0398294032596902,-0.070234466979928,1.3248089030137742,6.833259519253425,0.1069232539705547,0.0787036920771623,-0.9980514702470132,0.0380402451152537
0.0939633439262346,-1.0426685449966917,-0.0616721191612512,1.3703278372056344,6.411138742046097,0.1558913607535335,0.0785305236046943,-0.9959881490456312,0.0413912349876225
0.0970701520042088,-1.0378460736585162,-0.0628232225537748,1.206973866526171,5.588488788583545,0.4057391453663311,0.0810621012458798,-0.9922215909343362,0.0396500557949706
0.0998882589585014,-1.0356874579047828,-0.0623649363994703,0.6556679307090587,4.703440928844093,0.7010286175742776,0.0795336315301031,-0.9930661600732932,0.0394095289656824
0.0979771437260871,-1.0438175789480697,-0.0527645379142655,0.0772173916719131,4.078938809673083,0.7333944198024532,0.0809620825833973,-0.9998803962907548,0.0363259092892324
0.0965792059520594,-1.0546760510361295,-0.0591613655237962,0.0156765849614993,4.185826809290931,0.6105657061386512,0.0797734486328809,-1.0066786452323546,0.0330226714682138
0.0982760308247758,-1.0473330026552274,-0.0694981828287658,0.3191873030570272,4.59379219425241,0.3149773234315663,0.0761651424570329,-1.0125568681808172,0.0337089079583463
0.0950405936614799,-1.0440450741353318,-0.0711032204251354,0.4705761919031545,4.895395192178957,0.070099275357281,0.0765203840365792,-1.0146264975507917,0.0330901327805106
0.089825263751122,-1.05352877387747,-0.0692159172510112,0.4628619556214128,4.964765728167599,0.0684612984904424,0.0754703904239639,-1.019641653159422,0.0312620602182649
0.0933089544155017,-1.0536445550559612,-0.0714832619888614,0.5764962733853136,5.062489638141347,0.0764433306349308,0.0776886956323009,-1.018826949065021,0.0281129072862929
0.0939543010093368,-1.050440399423291,-0.0735357363982446,0.9077359884601768,5.387233478816573,0.0985107808734446,0.0822591067220898,-1.0084457829086402,0.0242831222609257
0.1018229641679206,-1.0509179180888395,-0.0787396255849567,1.100232225352417,5.759226531793,0.0995137168819118,0.086378864983823,-1.015648065093326,0.0228852207098234
0.1099572223608183,-1.0530236403769784,-0.0780636981413994,1.1815139800500931,6.294670186767401,0.0396283434723545,0.0896134255446645,-1.021939926940295,0.0201140095672391
0.1057433422922925,-1.0549187963121514,-0.0785311247458249,1.6156984349204175,6.923437750778195,0.0291034815577498,0.0869368745125249,-1.014194367042037,0.0159781629247891
0.1070519397823653,-1.048820855721429,-0.0826157981413423,2.236092644670447,7.573458805470969,-0.0069128874835198,0.0858747022869061,-1.0121017768061995,0.0154077574017448
0.1030940390911256,-1.0418192402734492,-0.0834648557962516,2.4031788231721904,8.306911658157345,-0.0055804822573577,0.0869349023689009,-1.0059766964896786,0.0177836202615372
0.0937034925874562,-1.037930266438908,-0.08403326889456,1.9957089919203612,8.8571939040625,-0.0683150840437655,0.0798918802240677,-0.9980976116677364,0.0206846138970196
0.08463592973847,-1.0354949928559491,-0.0658271379329855,1.3185779941839777,9.04284210087181,-0.214347874411497,0.0709192386607526,-0.9960152379018336,0.0249309624544108
0.0767096509744551,-1.038819246326636,-0.0655001129519319,0.4656456770065964,8.843764077043236,-0.202749588353648,0.064670572439457,-0.9920465066604148,0.028833352996906
0.0758004021678085,-1.033178744039196,-0.0751653376428353,-0.3642819092221624,8.596196034061917,-0.1707402142463902,0.0594992961080618,-0.989936304322416,0.0314131000898069
0.0699618279313757,-1.0321163711978294,-0.0639905560607005,-1.2639439389193208,8.45585377883484,-0.2246189997221233,0.0584960397155028,-0.9922227584685918,0.0344028408085176
0.0678893858909713,-1.0419861963013843,-0.0686961308555151,-2.18710960765369,8.035642720544336,-0.1755240163954525,0.0562206802537526,-0.9944881921687256,0.0359262070028006
0.0660307209769455,-1.0368584584995777,-0.0732157973551665,-2.686058348444853,7.546491554762439,-0.1598927845933607,0.048737575759366,-0.9967680766274164,0.0321865752953262
0.0586976161916574,-1.034134625247011,-0.0636601503449074,-3.358712932564249,6.993246550505148,-0.4862987551722684,0.038754015450642,-0.9962090026802184,0.0331285744749398
0.0519396740959818,-1.0325441078310371,-0.0548207924533327,-4.243302571169423,6.338229865317202,-0.6626898208426503,0.0337982100752434,-0.9917032460681604,0.0451455194480733
0.0408045899256021,-1.0246284010117148,-0.0572157330960489,-4.9151136428144655,5.947390028597597,-0.7051112810812787,0.0337915847520039,-0.9892452042333396,0.046254053019191
0.05076993390033,-1.0287170299197064,-0.0724247370677927,-5.730429175260036,5.356960949501489,-0.923628270823947,0.0300013576507808,-0.987972702499506,0.0333279573189854
0.0563309903437807,-1.0423834142965345,-0.0766378879615782,-6.113965781567927,4.588981913500448,-0.7954099182829092,0.0294027797978772,-0.997970287350682,0.0279572524548289
0.0396161272271338,-1.0556793969317986,-0.0689805742128935,-5.87269849381814,3.761233243481691,-0.9739752531391238,0.0275212629180086,-1.0172205578206257,0.0330190089388719
0.046604155923988,-1.0543535151958778,-0.0722999758016131,-4.899183720610148,2.6276150392365705,-1.4271123056551496,0.0223106961835368,-1.0187367494142157,0.031169510205078
0.0432052432581024,-1.054004657911881,-0.0851643698037246,-3.266646931864332,1.6105783915900858,-1.1816830547402477,0.0228646480702403,-1.006615190953556,0.022292516078591
0.025091078048852,-1.0519681636321625,-0.0794979369777371,-2.691179450390289,0.5142597324152891,-0.991051720589617,0.0181350973858767,-0.9997006455901992,0.0249394698775139
0.0255738507000753,-1.0380802136491392,-0.0684471831206343,-3.1116747210048064,-0.9916654082809786,-0.966046350266764,0.0121887339879624,-1.0017703412333192,0.0324283874148548
0.0202527963796222,-1.0393930238558793,-0.0681619512244202,-3.730230143540358,-2.7395359938927357,-0.7904020902359261,0.0114530459396175,-1.0007175493770728,0.0334760197042061
0.0245694693023292,-1.0382060073974957,-0.0614295082003176,-4.156566556411792,-4.598622176032906,-0.6543294438178582,0.012808205837282,-0.9914407126937186,0.0302085030386109
0.0348895610198059,-1.0302735017840663,-0.0589336131420652,-3.7607548356404736,-6.537036607689201,-0.1739152114196474,0.018151109959359,-0.9916650067627368,0.0309693633762071
0.0354436096537531,-1.035332515902097,-0.0665386165206123,-3.5838306829370143,-8.289534585299688,0.3700778515373598,0.022649770841235,-0.9996038849665928,0.0337672677185971
0.0467556296678744,-1.0475155568449936,-0.0733690277524465,-3.719650849169809,-9.392705894103514,0.6801739824523562,0.0278123763271234,-1.0108015848627283,0.0255677918704492
0.0565795604644269,-1.0581831523168943,-0.0778361667376577,-3.325743885791383,-10.295336697579366,0.8651473848307873,0.0331074925253407,-1.022132001498009,0.0171038011487992
0.0556690057136445,-1.0548342084796922,-0.0856907182756036,-2.670322530674539,-11.101817181417603,0.8251421130180354,0.042458004620833,-1.0186816383422783,0.016835897068462
0.0607856518867454,-1.052083233157299,-0.0887477508923496,-2.1147300678400263,-11.692017905564818,0.8770248024937886,0.0567824954135537,-1.0094221901691238,0.0167448670647191
0.0790174045471871,-1.0489399448461705,-0.0874246313429587,-2.2052817720986497,-12.576557334152437,1.1192564226094022,0.0656784359594823,-1.0020154543723894,0.0157121474227987
0.0911305336813909,-1.0389809990439218,-0.0936959906100116,-3.026667809487903,-13.352684188257909,1.408082427362247,0.0720758581896099,-0.993569271144586,0.0195945019704315
0.0955114359707543,-1.0436266406833463,-0.0871773912369041,-3.837723914395221,-13.585315748748808,1.6977985325286429,0.0796647061711909,-0.9937867377113664,0.0231450265769329
