ADXL_X,ADXL_Y,ADXL_Z,ITG_X,ITG_Y,ITG_Z,MMA_X,MMA_Y,MMA_Z
0.2026518887099805,-0.5483142996035018,0.8494203987361475,-1.436084414698023,3.9432567928849913,-0.117680249963455,0.2094744805554623,-0.5510186734302914,0.8349625198752024
0.1915364092598577,-0.5443765902084686,0.8515315225472907,-1.5269199017801924,3.899277623982152,-0.1596493596439974,0.2120964380144945,-0.5529751676347847,0.8382470018520223
0.1983406069301375,-0.5476867660133725,0.851863251108495,-1.5718936256988352,3.876952045323516,-0.1385618651043637,0.2121092187377167,-0.5549635849481862,0.836455888112134
0.1977118899191097,-0.5479368475058426,0.8436689475191573,-1.6739128530713132,3.874018870048016,-0.1534150458651335,0.210809899910727,-0.5505133202025534,0.8338038859234091
0.1912800914744691,-0.5500110138992795,0.8486816254425147,-1.6048217460677532,3.953690225269377,-0.2469840990592413,0.2130943424823296,-0.5490743341858146,0.8348271792655168
0.2005901036496618,-0.5588684227359153,0.8540876244712428,-1.6227057448675704,3.9261388188633,-0.2401780526198285,0.2146933637505194,-0.5536734817928104,0.8339500540956258
0.2071945011953832,-0.5545905466578638,0.8533265141694688,-1.6367857461891586,3.871809248370068,-0.2410868777078339,0.2142136606626409,-0.5529936964303266,0.8333612438541023
0.1964782854992202,-0.5461535438516154,0.8572989300201272,-1.4837217577225643,3.949214622889013,-0.2440387962618118,0.2110094648461793,-0.5528603050555873,0.8331995026728087
0.1929353885373788,-0.5426742299652464,0.8523544060619908,-1.4868575364735972,3.9372983089410702,-0.2760942082375245,0.2128373058916053,-0.5535395592939851,0.8326557676393902
0.2052255482862915,-0.551088875303352,0.856756707554235,-1.41446178688457,3.8524101595928646,-0.294392552198328,0.2148897750542713,-0.5534836173671573,0.8325536897391037
0.2031193518106259,-0.5515380147122976,0.8560431213014693,-1.328151946626639,3.799239730223922,-0.2226310571932132,0.2118002090650432,-0.5502259770569979,0.8334114203788865
0.1972730625376927,-0.5407521898040994,0.8432581025146664,-1.2664211544903778,3.8433463684755886,-0.2083215583924346,0.2137797257043676,-0.5498797335749062,0.8349494867799955
0.1941560044995268,-0.5519488528059926,0.8496978418493046,-1.1688460665927998,3.855766364921344,-0.1712979468700071,0.2130220551495547,-0.5523793600948341,0.8345442918866948
0.193052212110678,-0.557510958825485,0.8487516004648843,-1.16855149240178,3.749751717031815,-0.17692874466772,0.2130105156013951,-0.5499164564103276,0.8335396805760361
0.1985859887693357,-0.5453681642507697,0.8538863399782322,-1.056859660034266,3.7844799979442,-0.3173762673050807,0.2163872507114129,-0.5528395245778808,0.8331725070639762
0.1952920114631631,-0.5446045226553562,0.8573778658142944,-1.1822906147967696,3.859077156465061,-0.3156525733148939,0.2136866036450055,-0.55353256578744,0.8343956284029812
0.194823879751372,-0.5427226745498399,0.8416367529143791,-1.3998818487694924,3.8734215018811686,-0.2419750488404249,0.2161027028306231,-0.5531769044427787,0.8334764403884605
0.1986886424604936,-0.5458317083949935,0.849095180961507,-1.3892310021922654,3.970398817074053,-0.3067955234583378,0.2169274313062028,-0.5563935348813236,0.8322706290187964
0.2019904793648675,-0.5497925069051915,0.8493795466685481,-1.4679535004740976,3.950893075223923,-0.3142859135505794,0.2137987944055467,-0.5543955070971545,0.8332112347316184
0.1982899303477871,-0.5428216687123406,0.8430176325473235,-1.3831312369600903,3.885296469526297,-0.2235637782446073,0.2159982222618509,-0.5545937502494039,0.8315631102502097
0.1945455687598842,-0.5485920766697019,0.8511350544619826,-1.2565922877044824,3.9292949547984346,-0.2237961368559041,0.2171536203602396,-0.5517615809319898,0.8320890614575734
0.204836868714158,-0.5496844614407383,0.8486991704472028,-1.202197828617133,3.909680591077724,-0.2404202948098279,0.2183815592162832,-0.5529440784013111,0.8317286523698011
0.1970177202293632,-0.5466874907389742,0.8474524085729516,-1.109408966181282,3.946581738492128,-0.2611947460072004,0.2162954851015889,-0.5566786548119821,0.8304520625830568
0.1918711473577343,-0.5507247645438561,0.8499508222777254,-1.1984898861290767,3.9863015127203,-0.2780378185028323,0.2141602808076407,-0.5514685127118507,0.8315046540834061
0.2009015095720069,-0.5449697233801442,0.8527920531363675,-1.2097074187582493,3.9575677075901066,-0.2002711747861899,0.2175266225211887,-0.5538387509301914,0.8307875061258061
0.1944442275743818,-0.5439247594370846,0.8539966743231202,-1.2477271005415385,3.973185805353559,-0.2083352715309321,0.2166875083343903,-0.5546621968708313,0.8340695729567787
0.1950828883518159,-0.5520147141504008,0.8537385898678868,-1.3633338781404143,3.961148244035957,-0.2259702444558324,0.2137314082528446,-0.5520787227186035,0.8351784814621662
0.1921135327409614,-0.5542286807315445,0.856049928355678,-1.2377173444318357,4.015820028945389,-0.1320690929616602,0.2153210956213089,-0.5553469360642568,0.8320354926282909
0.1868791874700208,-0.5539593352972327,0.8481911403136749,-1.2595461998715494,4.059304560159606,-0.1232852328615704,0.2150790160788478,-0.5548132996275679,0.8323595952010124
0.2032268065086906,-0.5577774063203382,0.8504372987828643,-1.3830618819605998,3.98149512872456,-0.143276643142368,0.2125825319190504,-0.5537174116143151,0.8324327445834032
0.2046174139415513,-0.5503044595724736,0.8572656254282677,-1.3173883899629284,3.9067009662733487,-0.0636130558627263,0.2148635323126096,-0.5547165902187127,0.8320794725666585
0.1906105697969283,-0.5453301797328907,0.8432822486562314,-1.3070109899288107,3.918032758735712,-0.0817880919422138,0.214815628507671,-0.5557316010221017,0.8312940153789372
0.1921262242544127,-0.548457705603721,0.8446085888145911,-1.2798653732172085,3.9342595165869474,-0.2143384151062497,0.2120014420876455,-0.5529070249167436,0.8307858173867614
0.1948168264653193,-0.5395033594327607,0.8531036859035611,-1.2602210369257378,3.878629494886719,-0.1731622425730949,0.21398079354839,-0.5536412944170064,0.8311983278375454
0.1940679766365017,-0.548789020163562,0.8487969917013216,-1.282979873533978,3.931227058076296,-0.1063991565679699,0.2153603793014109,-0.5578469516251376,0.8326688665978781
0.1985803162248258,-0.5551111692315556,0.8543903578687471,-1.2192363266707371,3.991925808235839,-0.1637309321575525,0.2145685506052427,-0.5530144022105792,0.832711836475891
0.1990926723562542,-0.5473429203421893,0.8508834559743862,-1.2182057711620675,4.024259128153454,-0.2049494393832487,0.2129287195807312,-0.5534998695595242,0.8318455341441994
0.1965353793541183,-0.5573955586439767,0.8455031882561969,-1.1979472776534994,4.066635070154827,-0.2537154158371732,0.2125012154436271,-0.5560554762946427,0.834028758956423
0.1920610102243502,-0.5523602367848721,0.851668588976883,-1.1689873495019305,3.965522034402432,-0.2321844088862932,0.2148354967266696,-0.5533645574078491,0.8320281894707839
0.1920982740123696,-0.5533330776434005,0.8454740653552526,-1.1823344196205718,3.9691108948785927,-0.2299191406683361,0.2157507235857041,-0.5566958932888185,0.830051909697754
0.1996525523700908,-0.5591355644739858,0.8441921682597258,-1.1252747093177269,3.99154354768008,-0.3046086830365049,0.2171606336904594,-0.5557339934657017,0.829800603980933
0.2001733072061633,-0.5460880949974274,0.8489097720853802,-1.1450702437129514,3.9632261632039065,-0.2610802419007065,0.217697427607865,-0.5529831306538215,0.8287475367917222
0.1996595720116183,-0.5473438460016402,0.8446470229131413,-1.2606514346217643,4.066922335773297,-0.2331973796590659,0.2148758328670305,-0.5554344308101988,0.8315857297584527
0.1953739171066421,-0.5426368727655568,0.8501206166842628,-1.3575446520369954,4.022920451376037,-0.2742892619384025,0.2148290403292553,-0.554570374681958,0.8317316651859981
0.1937974070356988,-0.548929652765324,0.8529652282816498,-1.2888197365920873,4.023276642596207,-0.2545910844103727,0.2154386573941415,-0.5543914914172767,0.8311613195041412
0.2024283377939852,-0.558122523165816,0.8456813108874749,-1.1094403664846115,4.173641887165861,-0.2225105688085276,0.2166764192821803,-0.5568452115942442,0.8300597585268936
0.1987892376747385,-0.5501415266997516,0.8481369583461806,-1.0822780111351489,4.09924142124599,-0.1940464883952142,0.2212365703593647,-0.5578981715276188,0.8295142159050316
0.1975912577672213,-0.5587881681821979,0.8474161815726788,-1.200333541362356,3.953219430503159,-0.1971964821102181,0.2200229012455575,-0.5561523654304288,0.8328196297010642
0.2031684991406538,-0.5544367611811812,0.8446280358995774,-1.3999671666094096,3.933658246459716,-0.2990076287186675,0.2146571337366669,-0.5567657908189036,0.8311918397637514
0.2004171687920054,-0.5562517386508802,0.8506302520883164,-1.4619365024809103,3.91566439229327,-0.3731612111611298,0.2122164120482282,-0.560296693857613,0.8302968302158995
0.1938445327905027,-0.5632893181243467,0.842555519431306,-1.2063487731742826,3.909753399888912,-0.3537138677350646,0.2131527071106765,-0.5584488216833838,0.8300029068275159
0.1915651922393202,-0.5562153754268802,0.8328298104208571,-0.9991669640032556,4.118190419409019,-0.382482919881023,0.2136293974648391,-0.5561589527072428,0.8273412253298319
0.1990056834956114,-0.5577260728853034,0.8440313616477603,-0.8714344924796742,4.437611246122292,-0.4124860775183497,0.2120823597277507,-0.5559671978599139,0.827469020126939
0.1989667403048151,-0.5492385481569154,0.8463608205364587,-0.533305969351399,4.595185566423035,-0.3861158641345819,0.2142168794945317,-0.5568809899406958,0.8277196737321056
0.2000405261408383,-0.5561148540372334,0.8406709271499222,-0.2329317620172516,4.552595020329284,-0.4074564360182763,0.2142195690380856,-0.5572114316369094,0.8285563867504668
0.2034833277202744,-0.5535727302154787,0.8447973926605485,-0.0114421181194865,4.433658802989062,-0.3933407152217928,0.2139148785722043,-0.5535751300532182,0.8269085464360506
0.200374722920501,-0.5386782084840549,0.844589198934839,0.1326416329951373,4.427249024704341,-0.2904928777874522,0.2171344145660449,-0.5542801169571548,0.8279724360329062
0.2033665800768703,-0.5489404397872352,0.8434321649343766,-0.0023854325054803,4.451024416780018,-0.2412423128537043,0.2165898194860442,-0.5556379849587056,0.8316656872925753
0.1954082799891627,-0.5457629659207183,0.8437950252545797,-0.1271655054634121,4.43309884858844,-0.2420159814568585,0.2169736666364545,-0.554093955816948,0.8291500269182345
0.1979802037391241,-0.5541909010475894,0.8463781466367639,-0.1716927713483277,4.400498440098526,-0.1847321979575933,0.2181095242971453,-0.5561271769769569,0.8298829070692847
0.2062777110897312,-0.5584712109638725,0.8531425074441228,-0.0899309281490975,4.348596747025711,-0.1198335360280605,0.216949363622905,-0.5575407909334402,0.8298978137943045
0.1929379088853863,-0.5459837008208221,0.8500526593661764,0.1784844772458121,4.39718746670009,-0.1596428599749059,0.2156746013177635,-0.5565032542572542,0.8257375519695316
0.1984213402466017,-0.5518737058633729,0.8455224579426075,0.3273455701855062,4.41794943868386,-0.2200023469069609,0.2158549832828946,-0.5543982266014575,0.8277238004040337
0.2044115654284048,-0.5489885083869581,0.8513140706262784,0.5171483034029412,4.464086245753894,-0.2417719916695796,0.2162991275478546,-0.5545916200371422,0.8304095561368027
0.199065658923995,-0.5541937714484764,0.8496785824272204,0.6907452510031975,4.583230398770936,-0.3007993445226583,0.2135556888886127,-0.556575845614743,0.8312633117305543
0.2023499338559818,-0.5586846777451958,0.8507315247937208,0.6737594317854141,4.513792768288248,-0.33680510373774,0.2145312371489432,-0.5562315269686802,0.8315006479758789
0.1956179512022674,-0.5489861457922813,0.8602761536725883,0.6782730356316894,4.499174674079908,-0.3377717699143118,0.2164968910994884,-0.5553877545254324,0.8315193813320692
0.1951448774127807,-0.5479862289049908,0.850617779180034,0.5994102330427037,4.59474788855733,-0.3132744803165601,0.2131737853663856,-0.5525321943793242,0.8342696862881068
0.2012276666958565,-0.546501840922512,0.8477525989507898,0.5425682221763437,4.611287108984764,-0.3048076656099905,0.2134195285529777,-0.5515220036278051,0.834089674219814
0.195771425080509,-0.5451173113210888,0.8520138322000599,0.5266094799243961,4.680378624405957,-0.2906444855396206,0.2145158014599232,-0.5516197535880665,0.8334866168596966
0.1940874156337796,-0.5447031876621072,0.8431212903745571,0.288184721820715,4.738980435099214,-0.149580733744806,0.2118077765241574,-0.5502684135192518,0.8339576429105416
0.194884914630082,-0.5516607137569348,0.849363085181191,0.0768511036324098,4.745211043804817,-0.1525830776975874,0.2115262393205016,-0.5529621923798336,0.8337603770995886
0.1903518347090794,-0.5533074168787445,0.8494621160265827,0.1725046349689988,4.677415849187567,-0.2225380900371717,0.2140091061013858,-0.5518150357335416,0.8373887461931762
0.196523763038548,-0.5516539109388615,0.8457585512369694,0.4126759545872737,4.598437052332216,-0.1146674372043641,0.2145928310314645,-0.5502696494158781,0.8371698598592048
0.2046386527848505,-0.5544493225773444,0.8545888247714977,0.4777599772778484,4.53435458519658,-0.1102778548744501,0.2135354789011071,-0.5522016680915434,0.8332563181039203
0.1958356983969408,-0.5427805036885482,0.8494836652512663,0.3556605294610298,4.35737609523669,-0.1435363002299864,0.2150511560001929,-0.5499451044285539,0.8317485630206689
0.1945102579266237,-0.5418431114977753,0.8549639240978009,0.1684788121021984,4.370817655899208,-0.1591132685340653,0.2140835049567247,-0.55220216928101,0.8320648105959205
0.1978715963914184,-0.551345618495341,0.8606790842401706,0.0078652793485345,4.50344214439152,-0.2497239838815244,0.2119465180513245,-0.554553610064297,0.8335982445170371
0.1938582336469162,-0.5528128898138828,0.846909808790666,-0.0287966461999848,4.479768003061057,-0.2605743010806485,0.214078987065827,-0.5528004028108839,0.8326603159574495
0.1933682133927335,-0.5480927236808778,0.8488533059966535,-0.0144926662289037,4.4700442764750905,-0.2381976032369329,0.2134724174751461,-0.551613491348905,0.8327353090950573
0.1945035422225384,-0.5423720826619564,0.8502500775718685,0.0714873682585184,4.477593842890904,-0.2425475905997721,0.2133624884590255,-0.5515483490387961,0.8338009687380628
0.2029881299444724,-0.5456335835390878,0.8416289537180031,0.1270209697123681,4.481635973414584,-0.2617069269260833,0.2147404414879649,-0.5537578101080753,0.8328929538519697
0.2002964974913471,-0.5417590515354743,0.8445994836003349,0.0822294649266889,4.373750026490718,-0.2012571084527114,0.2133488333832245,-0.5503528586033624,0.8321011070690804
0.1936602019680596,-0.5403790651369749,0.8460383720712383,0.1211946496730488,4.246198432439126,-0.1569232873083759,0.2144725157155385,-0.5512602112090961,0.8317896604604851
0.1988019191291872,-0.5501383221270019,0.8469027443589667,0.2147587228008618,4.334171264715435,-0.2435190980928675,0.2154373026993656,-0.5529005877993511,0.8324976591538967
0.1931664829655148,-0.5503833516083663,0.8549943205721386,0.234621711695294,4.356507099725897,-0.2401636082539343,0.2132934146365133,-0.5482136217451739,0.8336953257884526
0.1915336292005548,-0.5408436413812626,0.8607937374067618,0.2035627438675231,4.2729944722854825,-0.2885186060265392,0.2118270157611437,-0.5516120387084934,0.8353390017373504
0.1919164389305019,-0.5362930343866044,0.8574256987702277,0.2212314776974821,4.2568725976216255,-0.3349334182889433,0.2125042627404988,-0.5507604801171294,0.8360818145595543
0.192018810562196,-0.5441202059355237,0.8489800202684339,0.1924788506810466,4.241966546842056,-0.2977164505645481,0.2127996674830759,-0.5480212406884484,0.8360743825374979
0.1957472942957629,-0.544559112173343,0.854165353759996,0.1145381102030038,4.353000226042477,-0.3529634196312612,0.211144230398124,-0.5500420274278224,0.8365640592829882
0.1877314116865456,-0.5380834079902589,0.858535315930868,0.0669976895543279,4.50183530005319,-0.3092140907327425,0.2116001023351559,-0.5496170933030419,0.8381627838610536
0.1926813645965097,-0.5392707818320279,0.8543854971314568,-0.0103492591507892,4.517728080691885,-0.3165144500358771,0.2147904626818646,-0.5523693564404641,0.8391033275344936
0.2000718190841595,-0.5415456757323844,0.853346297924282,-0.0357049214840105,4.534810318921066,-0.292442615676562,0.2150398626158075,-0.5513243206081414,0.8355418974949812
0.198928472516286,-0.5431227727268977,0.8510553268556246,-0.0937227797491623,4.465447889468481,-0.1468755030677438,0.2128295842515713,-0.5490522102118611,0.8328962122863965
0.2034405984618479,-0.5443226590423705,0.8555482239740353,-0.2335779964320323,4.378309207196229,-0.1711454424294445,0.2151696161257869,-0.5480900652157191,0.8351369322568597
0.1949143331650135,-0.545246810506252,0.8507208860747,-0.2367997292823358,4.292140483455918,-0.1740103738268154,0.2171037812710344,-0.5465085051040489,0.8358482831035686
0.1880175209143666,-0.5422324394253051,0.8501113273736658,-0.0794596332265567,4.1603303115392585,-0.1967710741669265,0.2134125491054847,-0.5495794903388648,0.8342516057962267
0.197004033600731,-0.5456827894177374,0.8581692831730354,0.0625170959568734,4.2248997828262285,-0.2441255931231656,0.2123488376327029,-0.5479097161400481,0.8335707482066678
0.2052978410487118,-0.5481879505593112,0.8481604856592311,0.0795300151842096,4.278731742656246,-0.2288372592870842,0.214827810465379,-0.5471127050794476,0.8336305274847524
0.2008742020675139,-0.5399757075636032,0.8514695766342438,0.018616807114212,4.320023647589072,-0.227782429491475,0.2158942894404067,-0.5505809083699433,0.8365398705611415
0.1952492311195269,-0.5449975698461172,0.8516755379884663,-0.0427816116299658,4.424529201741377,-0.2089680634732066,0.2142910214386307,-0.5511788615798068,0.8363422133817848
0.2005685002547252,-0.5519287841842673,0.8509178833743591,-0.0543389279826959,4.419442987090165,-0.2162116825011268,0.2118589356998227,-0.5530820057668522,0.8343321330718994
0.1948992709449241,-0.55023812069749,0.8643255808276566,-0.0711437657635234,4.51024297940104,-0.1883809491761133,0.2118475691895293,-0.5514431987080196,0.8351987602588996
0.1902699652094545,-0.5513706073121092,0.8529599877549969,-0.0384705110907296,4.566197164316944,-0.2070838422303236,0.2134629107385768,-0.5498234319950022,0.8331094123114566
0.1963588910431813,-0.5514412279123551,0.8539948047963999,0.0298187574551692,4.480539089266024,-0.1608951578667349,0.2135767727820218,-0.5503345388342189,0.8351959224931221
0.1960129552970513,-0.5472259031846639,0.8601388122062857,0.0368425099255162,4.436386111227132,-0.0792460281619912,0.211713362290849,-0.5494829094217495,0.8357747797507233
0.199302563178953,-0.5459825489797239,0.8477873283005068,0.1652901916044994,4.37927003839021,-0.1738491182696041,0.2123051607877733,-0.5503040236519515,0.8329752791798628
0.1993739866822946,-0.5423144284859995,0.8517615812617236,0.0704009038443337,4.36111410957597,-0.163463640020992,0.2146874058564467,-0.5465562804056654,0.8363758875472583
0.1987267085418719,-0.5357821610782507,0.8529659114156174,-0.2570242706138993,4.3651439634283,-0.1264890377990893,0.2141325022696973,-0.5433651061734468,0.8374430139397043
0.1998112561688044,-0.5417892448245248,0.8564235061542319,-0.2394202730524015,4.366486869466649,-0.1823944168386133,0.2136110593305624,-0.5439478693592695,0.837101455812731
0.1955322748026552,-0.539577615280043,0.8601043006550424,-0.1742605635233502,4.3532387959542485,-0.157882791110247,0.213535720420405,-0.5451422937334612,0.8362947421246392
0.1973310214244459,-0.5374335530766108,0.8539162844825983,-0.2090308790193849,4.256097010163983,-0.107984887393109,0.211377387979315,-0.5481149787885203,0.8371303309033218
0.1961014640663496,-0.5440783417883068,0.8603649852775634,-0.269334075537788,4.239071447870224,-0.1605290900754986,0.2109566808447969,-0.5458124256555943,0.8390728582801015
0.1958935138728588,-0.5395831669837945,0.8556945993464972,-0.5019163104647166,4.209149710836966,-0.2649608678534028,0.2131710725765446,-0.5444522541751565,0.838574882922822
0.1927074214758335,-0.546368849812066,0.8556631856290658,-0.7871171125846445,4.083801370048941,-0.2918828588803126,0.2124527936798055,-0.5480920738257068,0.8408499807846465
0.1868806516682545,-0.5494109138951027,0.8710286352995252,-0.980910477724471,4.048898323710247,-0.3032852573306839,0.2083639465182158,-0.5508426635792673,0.8376105926034423
0.1920953204421815,-0.5411554761076377,0.8591301354753695,-0.875092675906735,4.051915360589697,-0.2983492609838107,0.2103080680910738,-0.552971577219838,0.8330565722576188
0.191133509287643,-0.5421046691054653,0.8505011738625159,-0.7138742982162171,4.172783594798228,-0.317385776701405,0.2130241679579799,-0.5506631938852702,0.8328243453323823
0.1940317994811706,-0.5425167271453961,0.8515856483650295,-0.7028741709536612,4.392775212901908,-0.3585717955477454,0.2088355763515169,-0.5478623756342289,0.8327107138169036
0.1976488205212274,-0.5505285828065984,0.8468000957084079,-0.6787265413924577,4.424383952184385,-0.3884914177050768,0.2103752239214653,-0.5492591079251741,0.8341042393051159
0.1972409996373647,-0.552461112217776,0.8584287639501975,-0.657027628163365,4.406840016539888,-0.3946523041951641,0.2133990027459035,-0.5502643254564731,0.832684063259525
0.19929237958917,-0.5398421921080929,0.8604607865206264,-0.4550077647969005,4.486429960087065,-0.2426715824170521,0.2116354409547005,-0.5488120119901114,0.8340853628990245
0.1917169912669049,-0.5382835596249311,0.8549899216459433,-0.2998482921480062,4.469508880741167,-0.1680813096455768,0.213834184140307,-0.5467401217079073,0.8358760571188248
0.1966395238375352,-0.5481120116540044,0.8596324528837651,-0.3730252101684034,4.371322795023402,-0.1776868679284189,0.2152176187661269,-0.5484288556594834,0.8349307288357122
0.1974059931258012,-0.5516905785853333,0.8597205940474295,-0.3457919848810992,4.3587949989801205,-0.1065419298277136,0.2146502465326183,-0.5488368597434363,0.8390648240931644
0.1873632146140733,-0.5466164323439862,0.8547615634464822,-0.2945253924215713,4.347265183011594,-0.1267110047363883,0.2146085559970905,-0.5476366595628976,0.8376832681820944
0.1987864156845825,-0.5489107703179628,0.8472696331488638,-0.2699637268549767,4.255053398760431,-0.1869952402483225,0.2131393243500194,-0.5496991443751402,0.8335135740665766
0.202775157017565,-0.5481616385766122,0.848369590184312,-0.198232545659355,4.213537202845662,-0.2596417168424618,0.2142597854249058,-0.5484718378002714,0.8368066084238096
0.1984373775599326,-0.5406634416803842,0.8547925314173135,-0.1708888861697051,4.236227899911459,-0.3227453012865166,0.2163105664545411,-0.5462461654493767,0.8373256726496295
0.1994579438595122,-0.5416658244430137,0.8565044104686403,-0.2305596300065176,4.313793963728475,-0.2779162988727897,0.214426914061541,-0.5457392442616997,0.8352069251489476
0.1948864720257419,-0.5385490969282157,0.8556085288750905,-0.230659859183998,4.376531520823424,-0.172769861366871,0.2121761286065696,-0.5464028595302488,0.8357954545296262
0.1995926037198514,-0.5389115795720073,0.8574355297560678,-0.1665399984907952,4.247700057095509,-0.1492711320692922,0.213514717904264,-0.5463691900684247,0.8358635015824303
0.1996066528406831,-0.5434382892821927,0.8590381753372445,-0.2459603026398526,4.172508304309147,-0.2331421650584147,0.212586886595521,-0.5436865466745814,0.8354177978783048
0.1917289607232899,-0.5398808695680948,0.8526511654867215,-0.3292035623572716,4.208870349798535,-0.1816955939272392,0.2110509372283852,-0.545955375039997,0.8359793081093565
0.1940915546077626,-0.5438867827258524,0.8567904583541344,-0.3631775816784131,4.146157356208367,-0.1261380811827218,0.2134944738554033,-0.5469915736788982,0.8387380140079554
0.1923250296668274,-0.5386777283837184,0.8568864860371569,-0.4237256707614107,4.200499465958578,-0.161934526471068,0.2124368676250893,-0.545600368485238,0.8390495031216918
0.1946210930831721,-0.533496928318969,0.8507250331093563,-0.4770757877456577,4.288043619230881,-0.0902740225485194,0.2116856266690833,-0.5466622901663776,0.8346128171895589
0.1992281612949797,-0.5444952062539706,0.8574176003326497,-0.5674095002932147,4.205189804787011,-0.0622445110367123,0.2121042249814084,-0.5455997435909105,0.8358129968122112
0.1926080153215852,-0.5417563449172391,0.8500149122995333,-0.5641038269196157,4.168551333269165,-0.1004541990441282,0.2098961365440989,-0.5472974019636561,0.8385735358080607
0.1915403451722668,-0.5422873267625445,0.8536906959799518,-0.492380087463875,4.202199488622044,-0.0913300034716033,0.2119702661760335,-0.5486944756473917,0.8373151650802453
0.1912304896748793,-0.5431982261107666,0.8605076564716662,-0.4908319334025142,4.15350273073989,-0.0177248889612295,0.2140805503555866,-0.5480652978463142,0.839052577548672
0.1950568559510927,-0.5393638200024902,0.8511641348486418,-0.5596747049120151,4.03750500493865,-0.0076608261221953,0.2142915934033588,-0.5473707100005993,0.8384564667667873
0.2025656081112086,-0.5493323644045491,0.8653973485694784,-0.7036910387486165,3.942774488521613,-0.121463807550781,0.2141639344645846,-0.5456116851095821,0.8369051826838824
0.1952213964074243,-0.5430886611188812,0.8603045874214958,-0.760407019393999,3.914600875640988,-0.1160347149119574,0.2124392927518418,-0.5481386717812999,0.836989960692399
0.1918216085199156,-0.538281964240253,0.843556319175662,-0.6838830060854633,3.982173252422311,-0.1307758720787911,0.2120262584697916,-0.5486132405433599,0.8363647177268103
0.193591575585247,-0.5456783379357392,0.8553198641770005,-0.6380335354721298,4.023391512997061,-0.2326067744042863,0.2104574410624884,-0.5476513878651121,0.8375681744641398
0.1974953830224297,-0.5402014299092293,0.8561468332243389,-0.627350773215401,3.993046734836615,-0.2111447783321774,0.2107450598815912,-0.5481085252164588,0.8363102780775071
0.2030357833256519,-0.5444192117388142,0.8497839404558408,-0.6404568661298329,4.018246251082319,-0.2507022961353707,0.2118362749413404,-0.548853764932132,0.8372805867296036
0.1966053723208083,-0.5492572645925166,0.849852392838334,-0.6773465986203255,3.972951084163715,-0.3287306142041979,0.210384589317598,-0.5503090057570569,0.8400471236667639
0.1963074493804651,-0.5453879839576408,0.8521633952903789,-0.6433108640875791,3.933085275889271,-0.3128975814469246,0.2117283596605996,-0.5473014565578367,0.8393084765037777
0.1932852405402258,-0.5451902509035934,0.8548281715519075,-0.6167229104928124,3.9901019785207335,-0.3101369672704762,0.212604058026516,-0.5468982337239896,0.8374033471880011
0.1888382420653099,-0.5442965323802335,0.8532602712292365,-0.6116248850878037,3.93380528875928,-0.2676610136115574,0.2131439856801423,-0.5455599290823481,0.8364404926034036
0.1978178549306551,-0.5463582770400911,0.8546922512903488,-0.5986438395015434,3.918405139379313,-0.1804202885625821,0.2134674491089681,-0.5456643079385097,0.8407530374338329
0.1938779012629257,-0.542374394859966,0.857885736108908,-0.5996479442709866,3.964053035832409,-0.143213938950021,0.2111023888613442,-0.5509714685194111,0.839234645915211
0.2019999551607587,-0.5424009290459821,0.861192985942456,-0.5082394867236582,3.986764781424644,-0.2034038037523829,0.2119443478880534,-0.5484396338829153,0.8361413412901424
0.2166594026583771,-0.5444766361685576,0.8647527751205835,-0.4808716714824105,4.02648797666104,-0.2256991451117963,0.2134874427361191,-0.5460148060374554,0.8410717380142956
0.1967777111847951,-0.5381774655883769,0.8629342079526255,-0.5632472580190961,3.997736882204289,-0.1792727691636327,0.2134866798717423,-0.5454302536997377,0.839533823692966
0.1910916064025647,-0.5434309414198639,0.8577721692005212,-0.6205057686912834,4.042134356221366,-0.2121113363512876,0.2129636399112973,-0.5457883773228573,0.8371287834999244
0.2023518304250775,-0.5478742781208247,0.8573584153914071,-0.7436567471548772,4.079729325980613,-0.1295348038987664,0.212044052501746,-0.5463727839116572,0.8380317293978935
0.1960730716697802,-0.5439546191112243,0.8575011884182788,-0.8411855975883856,3.984094464293565,-0.0784332926015717,0.2143797627840977,-0.5460526251237923,0.8361772932155792
0.1963481532214701,-0.5425432480893401,0.852765266149542,-0.7578829927185204,3.9096687070633287,-0.1934095872826623,0.2154201335985816,-0.55143897982914,0.8346817219802996
0.2037885293935121,-0.5511167174952434,0.8539691431089816,-0.6435332565940608,3.935907825121267,-0.1460163427671279,0.2147900205506644,-0.549010095492285,0.8346702774641174
0.2045219001351586,-0.5535757611021699,0.8603595571365493,-0.5678479942664977,4.014431454584215,-0.1583376602661604,0.2150322355477703,-0.5464739441766948,0.837160144105362
0.1971833556472341,-0.5366640155573064,0.8578939255765924,-0.5080670057934233,3.9933383308703783,-0.2424971216654095,0.2138436643075295,-0.5489291263241426,0.8365899022128188
0.1916522914922001,-0.5374278012227974,0.8522961822915461,-0.5458867729463971,4.019190291655743,-0.215264406371965,0.2137719922795231,-0.5467392947351388,0.8361524397634772
0.2010347501238674,-0.5471370504231604,0.8538592106881261,-0.5401555279075976,4.127222377435951,-0.1902347456271743,0.2130185942997821,-0.5481664900511358,0.8357027140495294
0.2037961504624005,-0.5428039503204303,0.8518206787807021,-0.4999971795449814,4.080018538161536,-0.0882496844563892,0.2124479966875591,-0.5455909696031463,0.8333862346063392
0.1958510611062614,-0.5427378437772739,0.8533766532157,-0.5245434603174111,3.9954673587674794,-0.0833685538216795,0.213837409396469,-0.545326299096358,0.8382660828675529
0.1946591608912154,-0.5393295102982902,0.8612194073033018,-0.5140640153715026,4.034615272408471,-0.0753881040652119,0.2119934863543802,-0.547857754979999,0.8404116253782481
0.1951187300074906,-0.5392122524779492,0.8508265336621262,-0.4839289354334553,4.114776283328342,-0.0215014016985191,0.2114413883187966,-0.5444937501007835,0.836858489958173
0.1973773796147268,-0.5416536323721058,0.8472480555649824,-0.5016366533651245,4.1267004169268855,-0.1534572881009272,0.214444966882967,-0.5476505249428161,0.834930398641544
0.1940484086433628,-0.5355126650136759,0.8616178432280286,-0.5468009437010483,4.187702008643647,-0.1318975954957615,0.2150893218934781,-0.5472522628046146,0.8375627636130318
0.1880646118136312,-0.5445011380462883,0.8585845545884077,-0.5031228152397714,4.235506112294447,-0.04799142878428,0.2131531188642461,-0.5451345200986651,0.8387930417210463
0.193392579636071,-0.542874201960512,0.850965249409103,-0.5656705551736934,4.079876094881097,-0.0927714148219728,0.210250877728765,-0.5459473026603543,0.8353332932681793
0.192693775940124,-0.532353467244704,0.856987997507074,-0.5913814802279521,4.036404752988283,-0.103843303447853,0.2098932978884252,-0.5418174258440667,0.8385915082519511
0.1903382457728714,-0.5449520342904793,0.8565791258119996,-0.4561219833488116,4.086785486639165,-0.1254560954329191,0.2117319696804453,-0.5454712563446238,0.8377033340702674
0.1942956317589222,-0.5407519228057341,0.8528129646328173,-0.5997336731382527,4.034833205024334,-0.1163852458592125,0.2123276733354509,-0.5482916575507641,0.8374151415536797
0.1912732408177007,-0.5360456747931359,0.8612969896698545,-0.6920363999077862,4.104428737525529,-0.1293901356301833,0.2127961666448026,-0.5445181080874689,0.8399600647315615
0.1952276901083041,-0.54833787081436,0.8559380411995103,-0.736364725288423,4.18437521770354,-0.1251884184249762,0.2129620007935394,-0.5443224252184758,0.8323981893752759
0.1997987718992397,-0.5446504503047404,0.8471093756921552,-0.8952002284780844,4.173310738766976,-0.0425134271529254,0.2121831895016958,-0.5447503914119871,0.8349060153663957
0.1965589910647962,-0.5476353546805035,0.8549307915387179,-0.6821448219044548,4.127246275902856,-0.0646098331138398,0.2127370854900259,-0.5499539222116026,0.8408581849999124
0.2009115292199398,-0.549154347263028,0.8505259156238756,-0.4509340494984126,4.056043903701789,-0.1441928655548799,0.2158985250235051,-0.551449232069777,0.8381177474699444
0.1975982312601104,-0.5401654673210481,0.85594180292659,-0.4239639148340487,4.073055682701916,-0.1500052406245438,0.2157620025930181,-0.5459408193262685,0.8367970084712493
0.1926224133405813,-0.5401410837962346,0.8676579939742883,-0.4334611656863564,4.094605736387521,-0.2121087563665855,0.2126376850185132,-0.5483700958895928,0.837442475786724
0.1978538014200958,-0.5382830385456322,0.8597946998090376,-0.6791922050067392,4.067954996686017,-0.3429532903154743,0.2123347124576197,-0.5479437938718611,0.8396813697037371
0.1942643492673581,-0.5449659571320654,0.8610243184395944,-0.914909739872228,4.028591662527624,-0.3724688304758624,0.2114634893569976,-0.5440856068860318,0.8396143833328467
0.1955017992699301,-0.5492602153343411,0.861518418655494,-0.8856568065140731,3.940213783427236,-0.3234138124516052,0.2117556269572394,-0.5497746315997221,0.8377059475028346
0.2048806261682233,-0.5436694257724038,0.8578918726628598,-0.7717195986317784,3.975270156168432,-0.2616463351180884,0.2135255137947045,-0.5500927424481449,0.8336177457059162
0.2020880026376016,-0.5468066506620402,0.8544932454096362,-0.6494503049124362,4.250086150200795,-0.297173591776317,0.2116319362656566,-0.5469497229466993,0.8340661293942735
0.1964858506638919,-0.5440730808355989,0.8509978009677523,-0.5760157964315658,4.424620457647537,-0.3530551838142378,0.2098242575326943,-0.5503555587226528,0.8375794324863768
0.1955364481001512,-0.5398247514477098,0.8656236850009909,-0.5658419304314525,4.3045681048827245,-0.2861597072764849,0.2113751517508607,-0.5478165131383559,0.8348671731371515
0.1951555723442744,-0.5402252785795384,0.8577922968419206,-0.3854002412494239,4.192330472937544,-0.2469475241453172,0.2138523900969585,-0.5445977150208667,0.837337609380367
0.1964545827106059,-0.5373636956352006,0.8446362793484603,-0.1528029535029687,4.209887071898223,-0.2031651365803311,0.2142145464560623,-0.544157437269809,0.8361452811208907
0.1958431071606069,-0.5319446435600175,0.8589747117102344,-0.2103815987773213,4.212789556835596,-0.1707156842032899,0.2135913250060259,-0.5417234071288295,0.8319666324074382
0.1947050876262189,-0.5302618687039156,0.8548121539090203,-0.4296971128127916,4.200860618888292,-0.186288118446683,0.2146481021314681,-0.5437779159442978,0.8378350123994119
0.1938761859581468,-0.5416185947739787,0.8598347052373934,-0.6088849341899867,4.190463542277087,-0.1785300730960154,0.2147412478151708,-0.5459272029352187,0.8364215790947788
0.1938063558828802,-0.5437350450857631,0.8652711459114704,-0.6661239015626171,4.1795761160565466,-0.2204317237723761,0.2153371241388136,-0.5462666835852474,0.8336484351100855
0.1966593617605837,-0.5396455594134484,0.8440258875770468,-0.6050141979371784,4.210722267021129,-0.2276702524945759,0.2194822355104988,-0.5449932254157596,0.8375561953982699
0.1959336008000831,-0.5410568498071404,0.848181072742088,-0.55483455151191,4.206302129794308,-0.1733476008625036,0.21828292670223,-0.5442971454593959,0.8350157533123357
0.199361721959093,-0.5340628446490758,0.8561530523525294,-0.4915677603906555,4.172520349674547,-0.1206904545672813,0.2133613819229894,-0.5476632866748625,0.8336658425411474
