ADXL_X,ADXL_Y,ADXL_Z,ITG_X,ITG_Y,ITG_Z,MMA_X,MMA_Y,MMA_Z
0.0730261474049565,-1.0331033065991464,0.0432058119010623,-2.5448619342585017,4.2051673845357005,-0.5163615915430636,0.0570196618645309,-0.9885286653482556,0.1383562141023732
0.0728963393361644,-1.0293349857004548,0.0401296107073158,-2.5093432801979367,4.637585165524646,-0.5661014826486064,0.0594113247725182,-0.9893796794643336,0.1357420039958136
0.0805455591976145,-1.028865445438608,0.0281497627131951,-2.441322738853401,5.166847610908565,-0.6606502165299986,0.0617317087352317,-0.9889799357003236,0.1348835912505999
0.0800010547502548,-1.0338107485300634,0.0231851647245482,-2.654721571309828,5.616508264547042,-0.7973597075331419,0.0636276094796385,-0.9908960844672816,0.1327151924596978
0.0787347086194519,-1.0238076379883507,0.048717274933386,-3.2196669525477257,6.125233104087098,-0.8988484439470773,0.0622645288546522,-0.9908927627630986,0.1301058291996914
0.0798193146765655,-1.0455505497883888,0.0243214946373511,-3.649872337521373,6.690334425894302,-0.8997558848878409,0.0635766898481417,-0.9916339332561346,0.1307969418642367
0.071463082995188,-1.05545540418589,-0.003220204847315,-3.9945253275542862,7.1399215669959615,-0.8874036304208166,0.062981438050498,-0.9913789930270396,0.1289977525848234
0.0736256278849264,-1.0307712180686726,0.0339123783126621,-4.267768744681132,7.478218868430522,-0.8559428565181015,0.0579541107486537,-0.9903812321423118,0.1283304537704407
0.0691267322054237,-1.0255139276043457,0.0331415941802045,-4.536930222617778,7.619558733912587,-0.910344387653533,0.0556085355391688,-0.9881727160023852,0.128119056607534
0.0630798777118541,-1.0226144565261015,0.0211347620782038,-4.819880899235674,7.749207830805803,-0.981767957415457,0.0486929246168875,-0.98320601005928,0.1246796734669271
0.0676676665850549,-1.023875415831807,0.0318898220114726,-4.982002656815043,7.852764543902196,-1.0311922130615794,0.0426479790187348,-0.9806074115449994,0.1235746293053528
0.0542506598806555,-1.0239213321640523,0.0316013042940054,-5.254084728184144,7.904778564067421,-1.1272892991592731,0.0408830220562253,-0.978762184262336,0.1242375629281918
0.0475283580177494,-1.0281605673195338,0.0336531599424505,-5.4917426591669285,7.8746257579407395,-1.0477371598143492,0.0356236150841825,-0.9788046051460588,0.1262417091350431
0.0565384931713405,-1.036674676496658,0.0279603280790136,-5.8321257187170366,7.626088155111883,-0.9856261068047109,0.0336482278684917,-0.981584395298326,0.1288367968182772
0.0575652175177809,-1.02460355164903,0.0312897148508139,-6.2183061558778805,7.408983575391207,-0.9801334921731985,0.0340263034156714,-0.9819965682810295,0.1302518051204212
0.0499803820433968,-1.0282064790892167,0.0359842646122719,-6.371775126977997,7.030512494861661,-0.8602018059845821,0.0335893089295831,-0.9820482814924968,0.1310692953669787
0.0436633453609643,-1.0336612535236769,0.0355295427038139,-6.607756006169769,6.423185666907815,-0.8041910459737784,0.030712848963922,-0.9839292282974632,0.1315537162692256
0.0421020653628836,-1.0264646712997114,0.0425949289563963,-6.705063244781002,5.8592395892236535,-0.7368689519713998,0.0263619458477754,-0.9846280181444076,0.1320573537297774
0.0374549238905462,-1.0357321593385111,0.0356373388379036,-6.6357634562885774,5.219842847033215,-0.6651356782745068,0.0285700057684809,-0.9837979861069854,0.1304986318560509
0.0409966264038986,-1.0352481066009402,0.0338476666891957,-6.524408440918211,4.556179078743198,-0.6202563811545314,0.0299298943138889,-0.9867245443285568,0.129346917822756
0.0458468617588462,-1.0265901938212316,0.0305317374687078,-6.42535849028395,4.010632558734168,-0.5768157945895136,0.0294629190853752,-0.989756139062919,0.1272917559592332
0.047054509594724,-1.0315847625120669,0.0200995509245251,-6.68328508789828,3.612999038583288,-0.611703638581765,0.0339530450404585,-0.988533612117219,0.1232580296236191
0.0576140929577081,-1.03199055363826,0.0272631662155508,-6.893724573866403,3.2625035755595357,-0.6241788176712536,0.0374917926505301,-0.9849760590104176,0.1235138677187241
0.0603093459471715,-1.0292623933614378,0.0231005712476207,-6.849254483394936,2.974335516669188,-0.7161156894450351,0.0427313432643423,-0.9823482175757136,0.123148581221922
0.0595131325129253,-1.0310646993488173,0.021277776022871,-6.817234597362656,2.804801409939377,-0.8920516251418563,0.0480263911018233,-0.9879098551893556,0.1212571786981689
0.0644664687677079,-1.0306238738558378,0.0304480261601644,-6.732417305738195,2.596652618080703,-0.9212494313439556,0.0475929681799248,-0.9924203553898924,0.1204377281806522
0.0681556288589804,-1.0346731316509925,0.0251028527564365,-6.653558033627736,2.53681108789407,-0.9205818328337076,0.0515960847663231,-0.9906261539049684,0.1171942055698933
0.0763142343565299,-1.0395606873630998,0.0242740168521281,-6.632087224547742,2.666068799097141,-0.9901036581082576,0.0567408966456622,-0.9901455416195872,0.1151047302143348
0.0749425020559879,-1.030633631642745,0.0208630600448368,-6.6771859277316645,2.816505228234854,-1.0326869527264704,0.0550427804306166,-0.9904238373411288,0.1146694787953301
0.0692765556567112,-1.0277032106409032,0.0202063128598677,-6.8464181563428586,2.966101307112375,-1.108297011062701,0.0552370275731828,-0.989796786537968,0.1157768093317026
0.075601210538898,-1.0335705219349838,0.0260635284110749,-7.024512125864725,3.013985587195664,-1.1638258584514187,0.0579912987130462,-0.9848618937781448,0.1164891849496475
0.0728392432216707,-1.0284372305606877,0.0215942341600082,-7.174265026428531,3.102637553530805,-1.1334338075602213,0.0565132249148685,-0.9835340190929712,0.1152621758589475
0.0640641920398893,-1.032659765973209,0.0269470705343643,-7.268863789318035,3.274712750426764,-1.1596639513279683,0.0501455319250619,-0.9867352114924096,0.1151836406521883
0.0673152278523302,-1.032257284314832,0.0248137512734055,-7.282828754799308,3.4155891344472096,-1.136258315056995,0.0479378502972037,-0.9870135694090262,0.1131932640151972
0.0713111409913729,-1.0209634206162157,0.0074967321059664,-7.377861152911217,3.517732107335497,-1.0407315060053206,0.0510667450115001,-0.9883154578103304,0.1106069588136765
0.064422876012744,-1.0289816752796297,0.0039790962315234,-7.607902176123064,3.5082102206079178,-1.0457352929593065,0.0493939509164609,-0.9860847361506262,0.1074526821944708
0.060152872256594,-1.0282669631739294,0.0116025082386467,-7.932363627190832,3.47397155780871,-1.088235109292273,0.0479330732055212,-0.9843331529277696,0.1067173096588129
0.0644231903999835,-1.0290235763863875,0.0175745268471001,-8.274077680195324,3.5989621311344537,-1.1426598428052306,0.0494903649106967,-0.98778124687241,0.1096424521266622
0.0667404587199361,-1.043058955803841,0.0109884270470929,-8.566476283047319,3.803699225917313,-1.2803389093839803,0.0518864489349791,-0.9901375221115948,0.1044554454064158
0.0755478806866747,-1.037663107658334,0.004298893734131,-8.811573936664308,4.042279802992555,-1.4008381429519356,0.0577594096071188,-0.993691328219105,0.0967979341429608
0.0836124491192067,-1.0348331687697376,0.005079283560852,-8.928533964480781,4.4765706292284815,-1.415044832432652,0.0624835226746141,-0.992512746222168,0.0956237761229316
0.0886732011299317,-1.0313608586138567,-0.0004520029285036,-8.844587482709162,4.987571531811553,-1.4991727473056051,0.067030037815845,-0.983306005817332,0.0932911383547699
0.0972342455715192,-1.0193227492117565,-0.0055755462862966,-8.623327956580122,5.587341783289586,-1.676907840342359,0.0724027090703385,-0.9784325722915924,0.0910891707120715
0.0936288634499505,-1.0129641046382285,-0.0004711005991234,-8.356975132902775,6.394630513846487,-1.918849639960072,0.075848154015903,-0.9759564526024308,0.0966628128540375
0.0887837750800937,-1.0066945827494482,0.0121610882375241,-7.989377362118962,7.050117605179046,-2.2054485566614965,0.076437027651105,-0.9707721852810254,0.1018194518963661
0.0914480500227464,-1.0026136290776453,0.0116645407228427,-7.900850478273313,7.472398107846563,-2.4006482961263464,0.0745289281874851,-0.9644102222446344,0.0964460968641937
0.0926463201922551,-0.9913949754861462,-0.0037117625266386,-8.447533546055354,7.994635700938478,-2.6168088383342645,0.0765452479841697,-0.95237966802664,0.0915448571531964
0.089122411637045,-0.99802779271166,0.0041428644433723,-8.774331724211308,8.698830783786873,-2.7782742165438923,0.0757628468981785,-0.950571660988991,0.100111162666019
0.0901383462076935,-1.0172678700837523,0.022884314483333,-8.345934573674091,9.401034961001924,-2.940689013811292,0.0713440823612658,-0.966113148334944,0.1142499045602311
0.0869128105097483,-1.0169121028451538,0.0274587702435035,-7.486150208544814,10.18735342933815,-3.1427339944623327,0.0690327102039416,-0.9762098034287632,0.1258047279368062
0.0691918567056422,-1.0204607430119026,0.0407506481902792,-6.269862959211593,11.125482779423653,-3.030542457217511,0.0613810656300386,-0.9767085578166178,0.1328735284155606
0.0703175775325399,-1.0124622393032423,0.0440307027028773,-5.15226707388189,11.845004027518906,-2.802776471066657,0.0559650524127958,-0.9702591644920208,0.1319052883134561
0.0702132870514685,-0.998072306778882,0.0372030457438749,-4.43049513013879,12.395712085635466,-2.617285760873114,0.0516135746187287,-0.9619018296398594,0.133477464857225
0.0570342831890573,-1.0049580552466542,0.0453454772925626,-3.612145565775935,12.899136626868469,-2.48816508901712,0.0414485927514666,-0.9667310999377884,0.1400074179760961
0.0556107681228049,-1.0140219138957265,0.0446561163171031,-2.503467988964805,13.073823540560428,-2.504938488187141,0.0352530266117367,-0.9755346329207376,0.1413134058008774
0.0442362714536309,-1.0116105314462849,0.0456950360180507,-1.2576193794021997,12.947213578160929,-2.398872839697654,0.0307709674795375,-0.9734074655992094,0.1415528406730635
0.0386488516010789,-1.0053038739826985,0.0493015041886664,-0.0762986464874687,12.797979387369178,-2.197831357288542,0.027178528546551,-0.9688826846157697,0.14050293924471
0.0491396101460248,-1.0136744380317042,0.0400804892869075,0.7091746088665953,12.67906031114668,-2.095211981196455,0.0286006752749436,-0.9663660523458396,0.1375986362141433
0.0480972103935362,-1.0172559375099806,0.0486303739236877,1.2012724142794704,12.603872977676234,-2.048108549175072,0.0285169705938112,-0.967205378999102,0.1404327611546088
0.0467069758149337,-1.0207080611231256,0.0617666589953293,1.9016573542308135,12.613891746660116,-1.9493329899641476,0.0285590071745226,-0.9772807404088708,0.1487333710185274
0.0620442246923974,-1.0367175631831371,0.0577272691124735,2.728498175905088,12.419001226559253,-1.7276508746283727,0.0370436697296014,-0.9846082440261406,0.1577505176617325
0.0698492769905914,-1.0329014758246091,0.0719737344394429,3.476018595543032,12.11645431322544,-1.3124139625343445,0.046953689315356,-0.9841073122474326,0.1651868311768239
0.0580704031170054,-1.0274739170942455,0.0860378791095002,4.233613196236398,12.037647116131858,-0.81365668668694,0.0491121311990044,-0.9800952116832916,0.1681143651165927
0.057917240750475,-1.0226763853311829,0.0637552628357029,4.741588310401202,12.072749502859386,-0.5235606874576753,0.0479989840631258,-0.9700361262321182,0.1573245123554057
0.0662917973808509,-1.00420060962878,0.045541103825004,4.879818338250353,12.063274794557424,-0.3439824637741829,0.0482093810342811,-0.9621753970137976,0.1432071578904842
0.0582022362767087,-0.9971381165299272,0.0364205217015705,4.564694162468871,11.847673506939712,-0.3007235662064755,0.0449319583190044,-0.9563144582630893,0.1360900839279119
0.0441536260336731,-0.996678317706316,0.0283969162839423,3.891384925742739,11.473892533132853,-0.4387589933452593,0.0339551771604171,-0.9489467571790924,0.1305172586327788
0.0453722483352528,-0.993851301366639,0.0369016203802994,3.4897351680691573,11.065470012020231,-0.3979247656106153,0.0282150991980511,-0.9488842850502512,0.1337217465318606
0.0490634916900814,-0.98637232943023,0.029222839952764,2.852744947583156,10.657231751706297,-0.5063083530675165,0.0321398364775645,-0.9456106232068198,0.1237609551783834
0.0414823773602531,-0.9765061363150024,0.015273435657793,1.421245279114791,10.060080354925145,-1.064079686549105,0.0326000133929625,-0.93489110171928,0.1036647127699284
0.0394229048089238,-0.97408932436832,0.0173475812994015,0.2768243055052867,9.507111782902184,-1.5235250154623177,0.0274872519552891,-0.9301163103209076,0.1096859520789858
0.0429474766231583,-0.962003962699687,0.0075310174792999,-0.240853254964657,9.429765271507296,-1.6747106075768623,0.0227461510418064,-0.9216137358914616,0.1071228728952041
0.050359169013599,-0.935079599125786,-0.0074655313272198,-0.921878093323923,9.161317511059016,-1.7802518412309134,0.0278005823892277,-0.9036107694043776,0.0831702950374093
0.0551116696954771,-0.9136086152865368,-0.0223923292905587,-2.0184582843545145,8.968451691012135,-2.2388801012678488,0.0397288378358544,-0.8817263287043502,0.0687342959554853
0.0630614561780264,-0.9020052783545084,-0.0377683251102578,-3.341190803473,9.40137308147256,-2.9805839701901595,0.0523587641262169,-0.866836465298912,0.0598464333751929
0.0854243196466578,-0.8844322076852732,-0.036968442086508,-4.671729844193778,10.182152847932514,-3.5596257708799235,0.0680323789242242,-0.8570632991790905,0.0568460087796792
0.0988007124960562,-0.8533192474353839,-0.0291041935124736,-5.899011179999835,11.648420592792869,-4.404411319122023,0.0842491766005653,-0.8299046646017172,0.0645612973995903
0.1184610806320148,-0.8327316110925724,0.004962824646943,-6.174954121973814,13.52593147948044,-5.567126102523079,0.1011080598715274,-0.8092343107524187,0.0971624348374489
0.1336413694659448,-0.8228396979512185,0.0381791418904805,-5.091859039490316,16.21265490204399,-6.442812228032727,0.1089055206385876,-0.7969122760551045,0.127410702624027
0.1266604695334307,-0.7904291492768925,0.0128946329578956,-4.285375131482216,20.249084427156895,-7.160857860328201,0.1058324082010227,-0.7613480217957573,0.1106406552681332
0.1196717172522614,-0.7653157294321727,0.0290700410455393,-3.2097086531051384,25.040834478964857,-7.599040856796162,0.0991589208502006,-0.7351345125765926,0.1207777861719346
0.0938154320422925,-0.7738242835029404,0.1119200427854753,-0.181897760792308,29.949996660840664,-7.608129925646022,0.0845772197375903,-0.7382838059369858,0.1873222519840952
0.088312474094512,-0.784161392322231,0.183662929455637,3.329495559276374,33.14785840963736,-7.942586881280532,0.0731842197284966,-0.7484741502581881,0.2650492421478357
0.0976899668401687,-0.7954379674555903,0.2602080131041909,6.480925912090904,34.16958673458132,-9.516564653613775,0.0724016424726895,-0.7568939238115061,0.3461427336398241
0.06039705786765,-0.806870743756054,0.2942222036911212,8.796331223268059,34.09611970511385,-12.239993598176392,0.0566286237541394,-0.7634077489672528,0.3793114241011285
0.0196714530413626,-0.8046984514943973,0.2834326245450594,10.22138801195872,33.79322986124529,-14.704092231827262,0.0163019588169119,-0.7668223793546806,0.3702321520294201
-0.0125753520723056,-0.802231878681489,0.2490021371072895,11.761017336090944,33.868050266217544,-15.790650904077545,-0.0172158624784278,-0.7669770767022482,0.3360761752945244
-0.0313180543547119,-0.8194044650573138,0.1874301968538183,13.253850309682695,34.10913717710419,-15.002536633503906,-0.0345199549690077,-0.7794064933173759,0.2843297136063216
-0.0210406910509563,-0.8427433139610284,0.1970573085767492,16.261457424269114,35.48444513408085,-12.6191430494851,-0.0348905194005568,-0.8074262183984338,0.2872301114830968
-0.0082375339519306,-0.8547134991228255,0.2104284708293265,19.34993457038884,36.52486875870643,-9.834840095870982,-0.0122114053413218,-0.8280084329055633,0.2949404715980709
0.0028547180327407,-0.877562384842625,0.2083506097919248,20.323377200121893,35.56937476392735,-7.563673778182477,-0.0035064677916259,-0.8463346811715464,0.3038210785302881
-0.0015517942547754,-0.8990678443246773,0.2523776568827651,21.871308580551418,35.00732463961297,-6.145581812520017,-0.0121325220861228,-0.8670554984623351,0.3403411404362378
-0.0112440693364742,-0.9068529074178542,0.2187750586338548,23.5377821292553,34.48731791430222,-4.467730564928368,-0.0173416168157425,-0.8725287527416841,0.3115541727556989
-0.0119980305908855,-0.8988444766897403,0.196100713542171,26.30104169671777,34.07236915866965,-2.049657296230224,-0.0259885585652964,-0.863360384122113,0.292605671439157
-0.001805682525498,-0.8546656183731067,0.2465227799513314,31.317451653878933,35.04590632744208,-0.3462218984137918,-0.0120634950655683,-0.8301014485962128,0.3277165788871192
0.0069038736787367,-0.8191749705046152,0.2390151680622502,33.93258665030024,35.48907483950083,0.1586980522556001,-0.0026391077158931,-0.7888627822348023,0.3241090193358457
-0.0125684719424066,-0.8167177413095901,0.1921127464795392,32.74782800395081,34.27217995407209,0.0629440351145661,-0.0220583452723277,-0.7789374969838949,0.2785566653977888
-0.0172161332439482,-0.8105297092377808,0.1497426349015325,29.82209279010873,33.499563762518875,-0.4235443327445778,-0.0197536957161616,-0.7736032696814024,0.2351627489778494
-0.0082279788571934,-0.7597827742535928,0.1435395384915339,29.840548219497038,37.74870901765366,-2.114442792587832,-0.0130855877663541,-0.7338790642431967,0.236680125675926
0.0105908103727957,-0.6726856515162378,0.1069433217346977,30.347117648630256,44.44841124059124,-4.90575814628384,0.0068339012738511,-0.6647388645075151,0.2017540697367646
0.0505533401975598,-0.6276790886928793,0.0474037275671559,24.65870554541453,47.88078991763853,-7.244313249933176,0.0446925520192081,-0.6082994324273348,0.1437404387533708
0.059802078905111,-0.6054042657163204,0.0542964986003775,19.142436329592964,50.71756880739774,-8.947010421623311,0.0495455030752874,-0.5799238860924327,0.1506673550429885
0.0841580253165885,-0.5541738698198678,0.0256728428490568,13.629099328575505,55.350828043911584,-11.366256967936303,0.0735376262454732,-0.5428449337887523,0.1177896470763466
0.1387541212037961,-0.5221709334439579,-0.0390544508201481,4.302144802508885,62.54065350875722,-15.373902481644036,0.1233798016181261,-0.5128846318010685,0.0611237480845625
0.1582502170953407,-0.4901196268854511,-0.0670273309536671,-3.0269911026270595,72.47846797554612,-19.528220919909213,0.1379795036516894,-0.4877944124379689,0.0411277492555535
0.1690917229000141,-0.4491876614750562,-0.07729541766121,-8.640208998817608,82.16653179210515,-21.753037962386383,0.1513683147735058,-0.4539817595455532,0.0198911022352197
0.1854302595068494,-0.4430853352358213,-0.1281090080039992,-14.947030687478051,90.37564958603394,-23.038734477762308,0.1689632717779898,-0.4444210651114841,-0.0235747732711562
0.1561107446038651,-0.4434733580299108,-0.1715805272666118,-21.52201082102788,99.08134003979248,-24.284862611525643,0.1328658935299622,-0.4438961707185783,-0.065456793879292
0.1153342478538277,-0.4463459745859292,-0.1656444242542369,-26.155846162518383,107.73769234180584,-25.391146701747942,0.0975955453267617,-0.4454907036578721,-0.0674124237696157
0.0811652973242653,-0.4245891015259944,-0.1822269280820689,-32.292191616399705,111.85590797446464,-28.36668224864898,0.0721385780069139,-0.4185865775608197,-0.0761870569255693
0.0036719419369649,-0.4422468163466436,-0.1680354426202122,-41.83494904674306,110.9656422961952,-31.847918959495257,0.0015578085070673,-0.4340184535294488,-0.0733492805369608
-0.0245435821299855,-0.5720628734763759,-0.209897096195609,-53.03716869824814,109.76404809582854,-37.74773180802285,-0.0228052993936829,-0.5670490744810472,-0.1156570758321348
-0.0276726478784541,-0.6878966055849809,-0.271022426397656,-68.16454436880757,112.1747306958084,-48.89150241647807,-0.0342738867349343,-0.6644827420311817,-0.1747556889989005
-0.0237553067217007,-0.7465625790627661,-0.2569327062830586,-71.74854881425455,111.63661470080363,-57.45527249959939,-0.0332657373808208,-0.710349817795308,-0.1614391583722201
0.0163395444064714,-0.7817685484552873,-0.2638043298531469,-69.51317525720721,109.04837516417314,-64.00981684435173,-0.0075976014518191,-0.7645976026192427,-0.1682778675164918
-0.0716621679491469,-0.8959476597134424,-0.2140517961822601,-80.3396288771466,112.49287310703382,-69.44030214168787,-0.0940648204554242,-0.8759150920162866,-0.1097539897473057
-0.1006244934324497,-1.0722660156882895,-0.2823058313696882,-92.90462914534298,111.6981791248762,-71.24715792753037,-0.1161371404670978,-1.0440857447245937,-0.166681444959078
-0.1015884675891828,-1.183438146331186,-0.4493330062693879,-107.11067247439712,112.22901041255724,-76.27913559753202,-0.1345385227442025,-1.1526542993616535,-0.3692264263224701
-0.2363577651027494,-1.338113158286065,-0.5526758186983483,-117.0523504359376,115.271422241415,-78.46621605129772,-0.2524582853545355,-1.2899744027758218,-0.4460172610960469
-0.2535922042150393,-1.536498335648643,-0.6962133482616064,-123.33656910335964,110.32483160418148,-78.9216040258263,-0.2670081728198141,-1.4643278593454023,-0.579912036093011
-0.3677613533638605,-1.6388217283422706,-0.8933816960649126,-132.99437072190543,112.91838238324236,-84.49954827096903,-0.3730301866853964,-1.5810389728493943,-0.81026561087505
-0.4352369326052884,-1.7658697403367696,-1.1878443719985678,-147.8514207527232,116.01555164080852,-87.61705442605103,-0.4454718923050722,-1.7523607078409713,-1.1230454404390025
-0.2245679810960888,-2.202125788998796,-1.3394236229756142,-180.3396904643473,118.43704765571124,-92.7724433618754,-0.3270340224956946,-2.136358170500495,-1.35418306328184
-0.0466321900074012,-2.645183988751982,-1.464142031144509,-187.2406975387561,129.0133691233155,-102.84616306982764,-0.1528642067950296,-2.518586169334179,-1.402955437612805
0.2631585760890692,-2.672602913188197,-1.527391406270422,-160.4901978602521,130.2314364209398,-116.84231395713032,0.19184379417332,-2.5534350901381164,-1.4148898477809273
0.4550308288060226,-2.358483020764492,-1.010826677061676,-138.57451998199662,135.5315297113688,-128.42945202720173,0.3715488860651336,-2.2753116061865333,-0.9903121694843702
0.3294735603530855,-1.6340418422422045,-0.3770368644096726,-113.4573252780194,147.67274062669478,-124.36672099706988,0.2961175875499811,-1.6298534755306366,-0.3107375390687665
0.3071114097716844,-0.8339206528754138,-0.1900001545957928,-108.42618800826226,144.94333518876076,-112.71018520431488,0.2942782915075312,-0.8383138612428029,-0.100883409408737
0.3084279330868325,-0.3819361601826889,-0.3432854388592174,-131.19100514535984,141.1743651540025,-103.45706475380312,0.2801109281254043,-0.3836006511123805,-0.2515807991387396
0.2496914862988397,-0.2455290740018435,-0.4650927742800791,-155.20149082585044,150.2780460737453,-100.12587733470971,0.2301469545860694,-0.2752795719473559,-0.3506788631425405
0.2409813340419249,-0.390199862596283,-0.2872751662656576,-184.7056101168504,162.57962641321234,-102.46024341449083,0.2220320494291228,-0.3818393468007053,-0.2164087770507503
0.2550627922746096,-0.5641459000682028,0.114130905533584,-203.0858677327255,169.44850509941446,-105.74095160345018,0.2401659022923589,-0.5301648675959798,0.1964134335446236
0.2891807294440408,-0.7928444289655676,0.4895536439871837,-194.0678270784916,169.97730367941202,-104.66224482087544,0.2703425401270959,-0.735967365021094,0.5912197312951669
0.378766876631938,-1.0434269710811546,0.5904759504986937,-175.33619639931172,163.09935494235123,-98.19131367349776,0.346251988090281,-0.955121931021918,0.6847772316478854
0.3690663631357398,-1.0985024503584508,0.520558572144056,-149.8055016846539,154.72935704268565,-102.79393599014465,0.3389230040454992,-1.0234986808659197,0.6191882726606164
0.2474963073005835,-1.1364591478812005,0.4584092627702958,-118.44116904532316,148.72781968991163,-115.83105283716802,0.2253531192456463,-1.0612631853070138,0.5428747241324969
0.1648609689911546,-1.079172432901757,0.3849903152713884,-90.0750689450902,141.57638127891306,-126.3706181096812,0.1619335488223401,-0.9952275789395216,0.4817300628868379
0.0233882824488441,-0.7793567035145619,0.226292927774471,-61.12041610175731,133.80792592340032,-137.72808301451693,0.032843255501951,-0.7381154671217234,0.339859824732734
-0.0292556881895841,-0.3613166733219924,0.0471460821351867,-39.78132629381127,123.740289111426,-140.63084544640054,-0.031659271966068,-0.3679636798903034,0.1491962602662468
0.0799180788389742,-0.2141395449264792,0.0665139128125549,-32.50183699273504,115.02725441001112,-137.10846183665538,0.0937148270839166,-0.229585242187963,0.1710696580921407
0.2957844716270114,-0.4703821154931129,0.2604382314808537,-38.6766948901479,109.74535718101974,-138.73060204316562,0.2863475066322072,-0.4679477257625702,0.3486213718443038
0.4545513401261117,-0.6486138913760745,0.4020848607695514,-50.13960312058328,111.27133559904202,-144.8273298531348,0.401729995743162,-0.6164222535102778,0.4907505998566973
0.5268726010227812,-0.7737925250609698,0.3786106195006454,-51.59558759178244,120.02464588531792,-146.4939656967679,0.4883658093852791,-0.737657938396838,0.483428406649826
1.0082474434953896,-1.0254893512113874,0.2633008808145111,-50.37223640870558,120.62692854633669,-144.28896318893138,0.9445261134536472,-0.993531896772004,0.3348440527715686
1.4274562150819228,-1.2533685118045883,0.2008901517891392,-51.20049489443328,119.31865417793904,-152.27407907701442,1.339410881192871,-1.1990837746439744,0.2732890250487075
1.5390182906382155,-1.304978795383251,0.1467089718495465,-46.23106021958099,118.76988684655466,-167.84483089290265,1.4661365093816137,-1.2296890880672182,0.2343707912270612
1.7270100904413062,-0.9976703782485216,-0.0624187466365443,-30.91795685581977,111.3885616662375,-185.67148771800103,1.679398429465214,-0.9707811332197472,0.020611352139305
1.771265111874698,-0.8305513935325157,-0.2035171906638173,-27.7508683864192,111.29827279107133,-195.097471266602,1.7175846499949718,-0.8513983782253377,-0.074771041003855
2.229223893589352,-1.0621243511406278,-0.212343970992606,-44.23567315682292,111.7930318557072,-191.99307298924356,2.132023065203517,-1.0414610387790173,-0.0542602277714227
2.989437345249481,-1.1728632993785677,-0.426191761668107,-42.14966079502162,109.33199655766248,-201.46836754215803,2.8974255661364285,-1.1406185225218235,-0.3223563424355281
3.193931589967484,-1.1166983779278916,-0.5837784989428073,-16.94120976824436,110.6613976270262,-218.30129448290143,3.1180860541821223,-1.1049319060932437,-0.5226180145927587
3.1152921837555168,-0.918314466435525,-0.3547392361999153,16.862014121226004,101.17096129579215,-228.2227405417561,3.07823858773044,-0.9257444427261164,-0.2735449040437179
2.706606047615292,-0.6550647098675356,-0.0433194070790569,45.84013299128427,93.26656112555848,-238.0672479110729,2.644102744752347,-0.674140758969729,0.0338734450402305
1.8377423091283132,-0.5955239205394619,0.0152663897124738,57.9904734525516,99.16624512005905,-243.30578831508865,1.711173713044618,-0.569340648588783,0.1052976122563496
1.1149592972596218,-0.5271431334980536,0.021613318820863,66.15065749414802,101.64340324507312,-242.10525667383996,1.0810281209093602,-0.4984733420045686,0.151689527195387
0.8101959890937211,-0.3558739324835718,0.2143828744968891,70.18698713139044,93.8399426694336,-233.62235241563008,0.8355380681266599,-0.367848337580777,0.3013885938062279
0.7641014327331738,-0.3113027243310657,0.2994329512341583,64.79546913145103,74.7373923343953,-218.8609678381164,0.7519376924307462,-0.3256543773956723,0.3708087351135056
0.8379753903919325,-0.3359179002821435,0.2365364257898779,56.82403043284828,55.5591648121686,-205.26490858282835,0.8249807567908007,-0.3470636755103171,0.3372887821823269
0.9016400820816248,-0.2657909067606455,0.1810601352918279,48.48215340101853,48.85990598315904,-193.8238469837937,0.8929404621437743,-0.287504513007954,0.265338151450484
0.9094225550573478,-0.1458163939525853,0.1852566336529816,40.93004398115709,42.45387335207481,-184.94438406622567,0.8971042242560487,-0.16478194079327,0.2672380036012139
0.8862470692769091,-0.042313708275639,0.2702745097199551,39.39632740641816,30.290646700382617,-177.35725727156168,0.8731928085537206,-0.0515395726622659,0.348287865096842
0.8448461325549195,0.102760783304895,0.2105504999133723,39.98778017077688,20.092039657841223,-168.42015305762277,0.8338327538395051,0.0756423229278549,0.2857470199207971
0.9726308065207884,0.3770787150007437,0.1594138444507153,38.07967688512035,12.208258161634229,-158.1596545198722,0.9504415073181768,0.3242691214796417,0.2484971409114448
1.2067965964422314,0.4710231204321465,0.1857644441725331,34.582450939365344,8.24608403466046,-136.58199637869453,1.1737735417053723,0.412504785210969,0.2762520911317513
1.1135476354706348,0.1274042104503977,0.1539714705331424,22.275161345674075,9.834560475008873,-103.77433380744304,1.0985024334004576,0.0992282527679261,0.2319406998410457
0.8539541962030752,-0.0567070338372742,0.1923229244664658,17.61592101658925,5.47554070857822,-83.52065794745488,0.8486243969568394,-0.0600566543835452,0.2627887359918167
0.7974692483494992,0.1587868725993087,0.128622263788124,29.319015186645384,-2.466020494396783,-77.6446098280261,0.7787346898025413,0.135963480479063,0.2291249137600518
0.7909542566819809,0.3862157215397852,0.1106556090975622,32.86526601531313,-0.5101594074155499,-74.79175835612146,0.7763660484631725,0.3449577732819441,0.198904004085727
0.8425558628692802,0.4662905299366039,0.1114885573498961,27.07963998273294,4.516738061842964,-73.72132157839577,0.8186872216007963,0.4206060072171982,0.1865974232973448
0.9936584697858,0.2894025117630616,-0.1107644667520856,20.796849122829624,11.212158046351544,-70.33453742635476,0.9550209534900042,0.2647017838210394,-0.0046492674356226
1.0120223331703757,0.1607204681892831,-0.0407878921105739,19.25341285824712,18.69373658262288,-68.16321708667888,1.0028214130937254,0.1516512298188504,0.0429816789621091
0.921476786677316,0.264381054271337,0.1371583856933209,23.595164264572844,15.781677583763845,-66.04279313969555,0.9094993602076864,0.247119120233053,0.2135305059237254
0.8897222371244083,0.3701992267313171,0.0191359989968506,25.58536111870708,9.03415900824888,-60.33520780758037,0.8588221488547072,0.3383132238109778,0.1037150746143085
0.9083902308666744,0.5199480666550048,-0.0528700495416151,24.54763951157491,6.585540380010763,-56.52844422489754,0.8909597277295375,0.4558351681248798,0.0344597648845008
0.93355252188465,0.5925727094027582,-0.0319804790079631,19.430159042657685,8.294557521452788,-52.53868432658405,0.9123462830716392,0.5292424452992465,0.0726096805827609
0.950835966519864,0.530617411610272,-0.0414638355282947,12.629567362131128,12.645046934323537,-46.05048034271444,0.9260573554292896,0.4795937563262257,0.0527793369900588
0.9276404159823992,0.4974819405391202,-0.0693812722129265,8.66348138528044,15.989871063124376,-38.37009355345796,0.904881834139181,0.4440669280981381,0.022288629026865
0.9328779792017172,0.4988257193743286,-0.0594615458910828,7.833975149910721,18.92295736703678,-30.852930323067152,0.909421176817548,0.4562089068266924,0.0293998776973573
0.9798879171903656,0.5001584796143709,-0.0231773593510877,9.74474826100857,22.90430946465388,-24.527459993409884,0.9590597633062816,0.4542576411950784,0.0701055108562291
0.9440438112743136,0.4692079059726336,0.0268064979966322,11.50100786600593,26.657120704865324,-16.947586671948834,0.9271236664894904,0.4249015765727402,0.1202618380150526
0.8438893750756783,0.4882845242316032,0.1177616161419699,16.056824889352164,25.791997733221752,-8.15815254448255,0.8412457135833233,0.4526439197166906,0.191760814561969
0.7910344064833918,0.5612403318505716,0.1294491162916461,23.382752760669103,22.012695386711467,0.6163430116682364,0.7794537703260467,0.5205254359080561,0.2111935706494988
0.8075199085015747,0.6276870196902612,0.0698064383564185,25.583789508023276,22.37205901213832,7.55673918010468,0.7882699308922334,0.5728193991375131,0.1477026227161957
0.770260700265674,0.6621508167266841,0.0647650790546548,20.952851021073855,23.398311871676487,12.369175726137014,0.7754310981133281,0.6013796247977851,0.1406061721460438
0.668696448111421,0.6542161544548244,0.1229930127866437,16.441467107278918,18.267299935391414,18.30363633163347,0.6734934160607942,0.6043152226469681,0.2016634532541763
0.6155685354000026,0.6638266493036677,0.1718797791441071,15.003904805662833,8.962935170617238,25.415100478678635,0.6080823997436174,0.6056808532405299,0.236697660271789
0.5593913898327116,0.6013346905908814,0.1959480917107294,13.291349109546475,-0.1454731347761725,33.19272895238051,0.5595575259371182,0.5525369271925195,0.2728968990341884
0.5459864726394534,0.5094770681930025,0.1915713704882943,15.888896062346952,-9.547707561612166,42.092954299013314,0.5487173536075637,0.4802184752202199,0.2696072595653881
0.6147238815523041,0.4886055749419847,0.0970862119249139,23.12309241857712,-18.266774713895757,50.96070538602414,0.6042527863863232,0.445032572768579,0.1706194448067846
0.6669479005643333,0.4772663464474187,0.033618332892849,28.15021798655892,-23.446246964973795,58.06236228078755,0.6505867230199038,0.4368093026588259,0.1259495645310275
0.738785104741558,0.523672064442612,0.0522202938526217,33.12650878108128,-25.095016858264422,61.88987749108406,0.7310604868853479,0.4849103864122222,0.1439831069932699
0.7655378642734417,0.570431725070039,0.0486087332016491,36.63703042852576,-22.651936671621872,62.73835927269717,0.7554706500194606,0.5207407229150294,0.1419438707545942
0.7560032276694137,0.5631650542945559,0.0552200770281529,35.338472747708366,-20.799732999128462,63.64378302771991,0.7471837634356209,0.5152106530457351,0.1541700181082684
0.8590816741427776,0.5306722029942851,0.0382358642617607,34.092902035460845,-21.692922335438173,65.76422853292141,0.8356784617175748,0.4853807602789151,0.1304083431454869
0.9108360040388704,0.4817628001275229,-0.0041938175831,35.38876273067761,-19.676525144384065,66.28664489516035,0.8735809548531828,0.4394724535766538,0.0878720452960239
0.8843399833829155,0.5252636284367196,-0.0269139336667486,38.68036132577463,-17.507626317288203,65.9412434108665,0.8769909010436244,0.4716269719850641,0.0620009458372297
0.9280461598146984,0.5774090864135959,-0.0635240391864073,39.72363291317605,-16.175810501390405,65.8432275803279,0.9104729835906328,0.5156267486887534,0.0288199673961302
0.937902837860254,0.5197422056602174,-0.0839839695174453,34.384124263402924,-12.609957055744893,63.598936645578185,0.906612316131228,0.465576050896167,0.0164170439951117
0.9386124734285892,0.4488413669648268,-0.1063509851495352,27.926471090114354,-10.491490073761836,59.798746944482495,0.930095427160694,0.4014435012429389,-0.0068043393588444
0.9689741939788548,0.3916787371466456,-0.1244855979258237,24.62139703447604,-8.522310397076481,55.53707091764974,0.9461839095428638,0.3511077834086933,-0.0351484708326763
