ADXL_X,ADXL_Y,ADXL_Z,ITG_X,ITG_Y,ITG_Z,MMA_X,MMA_Y,MMA_Z
0.1185540980148342,-0.8873684769214288,-0.4423962628788095,-0.6249147047028124,3.5972477877113005,-0.3383787717008949,0.0975232488993359,-0.8734567956899862,-0.3716677349737984
0.1042301878927939,-0.8803463425900228,-0.4485140535467427,-0.7355912110046084,3.6041036314187065,-0.3856751187652987,0.0980672147292241,-0.8750352110959703,-0.3682762603646753
0.1076006415081617,-0.8732375737373728,-0.4467288601829898,-0.5991390405317589,3.657643314025533,-0.317774874101476,0.1012863324055046,-0.8759164314222061,-0.3693133265483662
0.11042170328824,-0.8774187306032993,-0.445064805644618,-0.4250412762315939,3.745559931944925,-0.2060034313546351,0.0981363333292133,-0.8741119804666132,-0.3736453466887223
0.108457875225526,-0.8798571934759927,-0.452989635086519,-0.1637302439773258,3.8492623174601466,-0.1458446211095356,0.1006405734446446,-0.8756478812796553,-0.3705342049253272
0.1118870215830788,-0.8765388430889448,-0.4504014234426511,0.0808797171984415,3.890166723689529,-0.0849292408242673,0.1021618753714048,-0.876005231129564,-0.3698995779054446
0.1144159101622449,-0.8842163881112521,-0.4419010216669403,0.0262897482138674,3.847069012440661,-0.1725358680400542,0.0976100253234106,-0.874183604129811,-0.3717575010619487
0.1069812771696848,-0.884561736397631,-0.4484384518039036,-0.1143039217004998,3.8503429681919896,-0.3326066148302327,0.0972046652778783,-0.8758233053442714,-0.3726374052274688
0.1091829321156702,-0.8797003243914558,-0.455799893720836,-0.0602876126852109,3.797548350797826,-0.4931288755259369,0.0951225297082631,-0.8756556894465933,-0.3738775152553989
0.1113389674392378,-0.8787452881448716,-0.450699356615675,0.0699396711688626,3.5887077467364152,-0.6026017264997436,0.0927454439349323,-0.8736705334684353,-0.3735950367968432
0.1049193863755494,-0.873445857553919,-0.4401127821207056,0.2022537289424274,3.4431117130922013,-0.5835188713195976,0.0993369226397166,-0.8724529031583035,-0.3731192082085324
0.1142758376394807,-0.8807477309330257,-0.4379155880577632,0.313960720575309,3.4661724654656427,-0.6341913334868936,0.1023984036866618,-0.8710834552902155,-0.3668322324703325
0.1109211456403925,-0.8826899964458175,-0.4419896267071561,0.3228617986785327,3.4715580421366616,-0.7227604993263945,0.0997651160469149,-0.8727881882407983,-0.362873685434513
0.1118315333982016,-0.8791518766577634,-0.4431051613635474,0.2568185641079124,3.434198645971388,-0.7551122408641749,0.0993547110491909,-0.8742313918750757,-0.3654154849310703
0.1235087411514154,-0.8842688177867988,-0.4465174438005741,0.1646478030877069,3.4407699683586066,-0.7514092488134323,0.0966581002858038,-0.8732882049949486,-0.3636819392055639
0.1120358515743074,-0.8818922634913755,-0.4463651723646606,0.1870957028086642,3.437184725928923,-0.55189778049872,0.0997802012313695,-0.8729734307171302,-0.3632387765027668
0.1129473710948933,-0.8829821391089111,-0.4470565442815845,0.3425828201304433,3.394188267697385,-0.3329337304988938,0.1037379024620835,-0.873020489000681,-0.3648269505088735
0.1218610309812905,-0.8823975659686254,-0.4485315737714941,0.430153550094123,3.3900620286950383,-0.2151390965422091,0.0991935068027562,-0.8758332609604506,-0.3666502930090656
0.1184773931961861,-0.8758276682482646,-0.4442202713775364,0.3074667219449107,3.510873042554069,-0.1251048117846768,0.0988966490424755,-0.8782037592025405,-0.3703788031594438
0.1101989520305029,-0.8787567046100375,-0.4463290002184676,0.0247056203371826,3.630999188914768,-0.2221933761690269,0.0975888958171925,-0.8769102354423634,-0.3702960465779504
0.1079005758177685,-0.8840495164808932,-0.4474928316671869,-0.0642942616558007,3.6936518323553456,-0.3020957727020655,0.0970662199807666,-0.8768155222044947,-0.369462484868084
0.113473325707775,-0.8838026817914437,-0.4490826034134511,0.1014574832660714,3.883007002894966,-0.2847142029340287,0.101579903426164,-0.876845950985641,-0.3701585028605016
0.1109410538907517,-0.8801559356158895,-0.4537640931988549,0.251949626582728,4.051102312860293,-0.376369291170685,0.1003334062199015,-0.8758039614875475,-0.3691843191926319
0.114293984568409,-0.8831843512544473,-0.4508899260737322,0.5075900127824575,4.036654255220435,-0.4692607939528497,0.0983336377719256,-0.875458134713464,-0.366975479787489
0.1151831721539584,-0.8830970399961814,-0.4460827882713104,0.8412965292505443,4.048333723710603,-0.5257532087768672,0.0974905712053538,-0.8732745777546358,-0.3637572115977762
0.1142131177029727,-0.8771854392016158,-0.4446488116814155,0.9128031233950054,4.075040671825452,-0.4763516748179634,0.0984896866069231,-0.871581793544018,-0.3631716910757754
0.1194916207258286,-0.885255432083383,-0.4463257444631562,0.7556022411320122,3.998743438720773,-0.3749494926594797,0.1004582284669462,-0.8734573686348293,-0.3637328562589688
0.1150911914217019,-0.884832659199497,-0.4424258017103283,0.5488027392485022,3.94016944238599,-0.3818851978214382,0.1005520859636819,-0.8749759028812902,-0.3627025506869032
0.1175796804111939,-0.8809157577462943,-0.4404981140054253,0.3371390553230216,3.939049919548752,-0.3447507638511169,0.1011037525986054,-0.8742734314907501,-0.3635026317685774
0.1162945473198806,-0.8905231144289516,-0.4428720611219583,0.143600420049771,3.935258631370647,-0.3297047803661729,0.1007881581036707,-0.8746004844161129,-0.3622342804448862
0.1107657518763241,-0.8856838073506061,-0.4394836738823579,-0.0017586013603355,3.944009917698508,-0.4686816048405768,0.1024762665146367,-0.8760846755021717,-0.3606339623478466
0.1218047985659509,-0.8872786300187829,-0.4408776936793797,-0.1016597476083179,3.992129912466999,-0.5812736147319378,0.1036205133855935,-0.8752893075778292,-0.3611922080481727
0.1204270432169439,-0.8940880080042541,-0.4400383132526909,-0.2903805659247686,4.015244840410894,-0.6231592528675033,0.1025712089002066,-0.8764729194798849,-0.3591181266584413
0.112189162556603,-0.8844695812678353,-0.4402327713848479,-0.3512401901138171,3.937621802175503,-0.7146150900798375,0.1017910936376279,-0.8800350894007412,-0.3601765549908395
0.1205204763492497,-0.8857995122640906,-0.4437181239887343,-0.1248061108150346,3.9039308535943,-0.8001321427108881,0.1025304085399928,-0.8776382633669766,-0.3648280712679014
0.1220459943769352,-0.8888065102991274,-0.4439789298371046,-0.0309250825221766,4.003015173982662,-0.782097510009318,0.1026271784187396,-0.8753863305886496,-0.365798681218188
0.1152861235029264,-0.8825932094280668,-0.4515052882834726,-0.0310153557435148,4.038364429721353,-0.7165941920731023,0.0998708081189421,-0.8778358300961207,-0.3664324209326201
0.1116088988578842,-0.8767249560979204,-0.4473728878719987,0.0712672246232067,4.009512753157204,-0.6079765886646132,0.1002151683691842,-0.878846035876717,-0.3691154851840321
0.1132729649039252,-0.88152564810258,-0.4443511360693147,0.2540809815830556,4.064209223887463,-0.4748817969789757,0.1001790858681096,-0.8784164416712308,-0.3693624085106202
0.1209024324793759,-0.8905491605356206,-0.4528488236262282,0.3832593110651447,4.149984102649274,-0.4328964798638254,0.0995165324706577,-0.8764061549202664,-0.3692764912743453
0.1158739864899058,-0.883877441349979,-0.4424934120862038,0.308485880994265,4.212224077737509,-0.4246735198045097,0.1001237590801865,-0.877191632390387,-0.3684294143114443
0.1128566721904235,-0.8836075740056583,-0.4358886482251936,0.3225366196154894,4.185983224314918,-0.4268673857232682,0.0999930620898872,-0.8782343565968649,-0.3630731505598352
0.1183441387932928,-0.8871655756360056,-0.443437817618513,0.2956175234064739,4.147579086583225,-0.4915648384945336,0.101764445062323,-0.8754831295096309,-0.3632573275936644
0.1157221933988376,-0.8805653672729653,-0.4424233784966779,0.1492102682268651,4.166997222259717,-0.6200814361615801,0.1005867221512733,-0.8763502857652835,-0.3646132375899206
0.121294281073635,-0.8815452506288981,-0.4424984618125781,0.0485248771221495,4.091717034152375,-0.9427239969990402,0.0997850172391771,-0.8768295082801093,-0.3584812823519331
0.1218046289441485,-0.8861293837725273,-0.4456745655817473,-0.1200026343597727,4.0541198325659575,-1.3228113058098343,0.1032678434732691,-0.8759587456866325,-0.3592003750264539
0.1172994861138068,-0.883675732107774,-0.4431228635065485,-0.2132229119341874,4.180289058207783,-1.5413916142163615,0.1033830068686072,-0.8760491004049977,-0.3642648598528355
0.1233104184898586,-0.8838694151127758,-0.444651020571786,-0.4490657038404153,4.345328940855475,-1.6749455288973003,0.1009903022916818,-0.8744937590358697,-0.3629264709565956
0.1150628419064889,-0.88600493346806,-0.439321688978311,-0.796095114249305,4.52964625705228,-1.6856678856754816,0.1016621409393768,-0.8759704805358264,-0.3615156758537961
0.1123533582149155,-0.8823403271807615,-0.4324024721591713,-0.9750639576427969,4.691210836607354,-1.6101491036474924,0.1032958957256652,-0.8785559969327158,-0.3612785509263587
0.1218226137630971,-0.8868506329291692,-0.4458573923895964,-1.0699772529963436,4.834430634629474,-1.5496464590678318,0.1027987510178568,-0.8766690996110073,-0.3589673230378284
0.1156112108503401,-0.8889885719624849,-0.44550595717443,-0.8164019739854278,5.042282342850446,-1.3903173467765066,0.1039238439488108,-0.8745621563305157,-0.3589563996209923
0.1157248794178775,-0.8854951588415743,-0.4384844406977106,-0.41591332085901,5.168969763672441,-1.115960714481716,0.1034250327413153,-0.8774282229289943,-0.3611441879524915
0.1209978261851539,-0.8902199371930777,-0.4470474923854403,0.0081982683350241,5.188367077945125,-0.8173389939853903,0.0996606292482588,-0.8783745409621899,-0.3600664714230235
0.1168104775437463,-0.8886949260821304,-0.4412987450549762,0.5851125501510785,5.179444124947944,-0.4882616915761039,0.1018739149227873,-0.8759805595779612,-0.3576950118972284
0.1152042734053538,-0.8864614602124077,-0.4358374984926444,0.8892740651687375,5.099789482413426,-0.15582191002922,0.1043161761348382,-0.8778580858885321,-0.3565748334623482
0.1134118243190138,-0.8814861181940888,-0.4395534892368049,1.0269569412860535,5.062431010793008,0.1196052267238385,0.1030739005712745,-0.8768156986737802,-0.3573609691805337
0.117144772393694,-0.8760655618212623,-0.4408272595211251,0.9441929644594746,5.03378057350873,0.3713308954140082,0.1045792551144132,-0.8757791946038768,-0.358819986302996
0.1220062179122547,-0.8827002772475592,-0.43867529277751,0.4914155659259346,5.009919469648297,0.6007390022968265,0.1045785080978359,-0.8782034652499521,-0.3578717699779051
0.1197194886626911,-0.8838344993130884,-0.433033906064948,0.0260367570772521,4.967028644148646,0.7793830233714301,0.1058136715253695,-0.8743854896094436,-0.3581772110499102
0.1208940794694606,-0.880277439496654,-0.4361807457458735,-0.4496559759057946,4.810449122337634,0.8933658633342766,0.108684333426567,-0.873587801532755,-0.3599304636272833
0.1172350110526861,-0.8784152616866773,-0.4424461104539193,-0.8212251620419437,4.777669025407778,0.9692074847462564,0.1084306532114249,-0.8750481390385597,-0.3585712654137013
0.1204313319308794,-0.8816649778754109,-0.4441349884709876,-1.1395288253346318,4.803153568874548,0.9422312865960936,0.1099547496743847,-0.8739421666460168,-0.358134177523282
0.1309742083920039,-0.885665528089308,-0.4361817445567342,-1.4167027342198348,4.767438988698317,0.7831893451294286,0.1098549115999349,-0.8755859575739677,-0.3602220731699396
0.1238280545705907,-0.8846429926312008,-0.4371466038792971,-1.5257224779584302,4.738062465870309,0.6418523035980647,0.1100679400698996,-0.8748893156010069,-0.3616129174797262
0.1227060136706731,-0.8847035791601799,-0.4455305918994516,-1.6336957655058435,4.737674612303011,0.3800689148723845,0.1107655018690015,-0.8739555974594,-0.3652527874120328
0.1282644310535371,-0.88233289448633,-0.4438673671396119,-1.6228324507048737,4.853565664920392,0.0211863944934536,0.1082588155674041,-0.8738201953088082,-0.3658254868136549
0.1223301338701623,-0.8861617758866411,-0.44628155323546,-1.7926339974624048,4.961949708418697,-0.2194449520337789,0.1109202575610564,-0.8747448259592037,-0.3605518488663013
0.1213500474368293,-0.8863595128843137,-0.4396066471918295,-2.197786145596698,4.980003109191488,-0.4149532391324148,0.1107006077676078,-0.8756416914536121,-0.3613812901932452
0.1203622821193652,-0.8797365275426052,-0.4374816440131402,-2.431150409193177,4.887792858937979,-0.4229104977116685,0.1074627960399016,-0.8734232407911968,-0.3641984411136182
0.1177354594226067,-0.8812270953999767,-0.442226437337832,-2.610012377968365,4.777310338210679,-0.277440976753352,0.1080683761662981,-0.8736791315405602,-0.3594735788027775
0.1178678664804109,-0.878272301494429,-0.4404157807292864,-2.6838929621747547,4.7478903418480005,-0.1697660393294459,0.1038233181554846,-0.8750079546898788,-0.358131273938219
0.1154948100663875,-0.8816867165539446,-0.4427511364485973,-2.6363954350976835,4.605321608022267,0.0294063648318128,0.101064271096736,-0.8771325763191271,-0.3614481706298784
0.1183001834407459,-0.8892971776470477,-0.439421806566744,-2.411542262910305,4.387417320247344,0.2345971119652179,0.1043992532320788,-0.879221551953154,-0.3584859375169788
0.1214911032695362,-0.8843588225171315,-0.4454462057611624,-2.003924040796182,4.241486240442788,0.3931458484751078,0.1055368028923645,-0.8811863166141625,-0.3563557990098593
0.1234024203349197,-0.8880006966767923,-0.4436283082102744,-1.5311063244006484,4.0225986722360565,0.5133249807257669,0.1026721019425957,-0.8848990665006232,-0.3583072902509077
0.1207021491363801,-0.8961496135451594,-0.4334510427936071,-0.8153141239393288,3.746858087037888,0.509902776259747,0.1015840243791415,-0.8839704618860396,-0.3591626424731058
0.1133783333826747,-0.894117209412977,-0.4412337887277153,-0.3173310467421688,3.603727585827632,0.5259175522008719,0.1019035836808373,-0.8824654782614791,-0.3605710900158275
0.1158287930219263,-0.8887073113683387,-0.4406105877716408,-0.2119893790746333,3.4771795339783447,0.4965872787703086,0.1008534504517021,-0.88119043332922,-0.3616659759424417
0.1167255699149867,-0.8852067643090901,-0.4433099001864574,-0.1975184219579256,3.3192156320104718,0.3765213124028858,0.1016773370961056,-0.8760255920998633,-0.36409724133831
0.1172429307775095,-0.88357011170772,-0.445545726847589,-0.526427768649324,3.2170769218567057,0.2087269489954368,0.1010334045461896,-0.8742806578934871,-0.3623066598955695
0.1186762177403658,-0.8807165717519814,-0.4356911295922146,-0.9587572790038732,3.1583337352576386,-0.0524070831730973,0.100101540116011,-0.8764143833064546,-0.3559531352933978
0.1119205412056798,-0.8867449790817512,-0.4332771896107862,-1.2287350939661992,3.204983259294933,-0.1136531577046706,0.0996967827182775,-0.8781685381912322,-0.3565890254096762
0.1150512427036319,-0.8889338232652151,-0.4304875415659152,-1.5719297001346926,3.2532551238757645,-0.0629861790392512,0.0992906266802446,-0.8758213262188552,-0.3579879017425244
0.1224765571075629,-0.8813589464914275,-0.434052453093101,-1.8341448963067464,3.2357363023937675,-0.0590015830967144,0.1015763540654388,-0.8723680572050827,-0.3567270756445251
0.1199928435464608,-0.8859531997285652,-0.4403369593726221,-1.7849527165553745,3.2443791833894715,0.1198537856798903,0.1021814115505745,-0.8758117597477052,-0.3588973930460499
0.1158473522583656,-0.8862554665220682,-0.4431708525090304,-1.5490237266224651,3.2695347716920296,0.3338493157155054,0.1036474323147005,-0.8780911448156041,-0.3625165470568384
0.1115622298418503,-0.8817760756609719,-0.4457996378364109,-1.2417020655028428,3.3647762189638626,0.5820020808226428,0.1036018181350973,-0.8760101488474195,-0.3639580395384293
0.113542417527062,-0.8820597898918505,-0.441706368728003,-0.9466801506334992,3.4930704845390697,0.8434760763057121,0.1035141207246681,-0.8777064206320779,-0.3636315707813801
0.1197079213628082,-0.8773210256310859,-0.4453010250797129,-0.7891914485895573,3.549407431951876,0.9616100501457764,0.1059797929337406,-0.8773030719050126,-0.3648679814773846
0.1160482292775628,-0.8822606025249513,-0.4516127713849296,-0.6314290522900928,3.6253810236572535,1.035198452162002,0.1019673947154117,-0.8735568788748764,-0.3647580794038498
0.1153569340503218,-0.8881192913815812,-0.4518223373047906,-0.3978145126897995,3.661030193069694,1.060106418116177,0.1013339386856644,-0.8742911531481482,-0.3666912154412985
0.118528431506882,-0.8785811297584297,-0.4547773259621351,-0.1600900777367729,3.544883029532905,1.058742228927326,0.1028642282140447,-0.8750114797889251,-0.3705010443146438
0.1114080359359798,-0.8746153047216333,-0.4526388792046711,-0.013085851621336,3.490727890031024,0.9462465103945128,0.0994795901209862,-0.8736968238007887,-0.3675553510929066
0.1125307761130295,-0.8800752862902296,-0.4421515263518527,-0.0125619841248335,3.529349194036483,0.7592004513926468,0.1002985203659947,-0.8734341642732781,-0.3667785984903284
0.120223579272014,-0.8827198501041098,-0.4453275136462628,-0.0221367531200833,3.4750756694394607,0.6561710316594199,0.0999478015140965,-0.8725583799618934,-0.3671355938771553
0.1156752788123794,-0.8845442850430778,-0.454409715236929,-0.1213892365681538,3.450183436835709,0.5288734583900998,0.1001890380746304,-0.8726547467394966,-0.3635258848526883
0.1160179948583809,-0.881686315099761,-0.4440942916782606,-0.2220334862591151,3.554185877402045,0.4313850238429947,0.1024730478217074,-0.8729134465606357,-0.3631209065614289
0.1206049859789245,-0.879444612620393,-0.4394134477909541,-0.2776591349795181,3.602729238537309,0.4224427470938005,0.0993689009254102,-0.8732864722300275,-0.3630284543500995
0.1158692474221793,-0.885477035705773,-0.4387208347295191,-0.409171909141951,3.575922780771299,0.4254904554893109,0.0993976206463549,-0.8767912623107676,-0.3617007386424135
0.1143004973399873,-0.8871733271444798,-0.4388748809950484,-0.3264543077933348,3.6874551460951466,0.3521013463427284,0.102293398036755,-0.8788162775621136,-0.3602709989211933
0.1142379982600513,-0.8845690230392254,-0.4472917214956797,-0.1871044456622633,3.87414664931791,0.3259996993841162,0.1019586533087157,-0.8800381700993669,-0.3609551069695875
0.1143994405506758,-0.882148884626429,-0.4424625990715309,-0.1330948419091769,4.008460121739716,0.4010761054633061,0.102685728362551,-0.8819089755943379,-0.3614792700993766
0.12205850813177,-0.8845367140242768,-0.4400448055173542,0.0110773008573504,4.166117644997466,0.3950657879024179,0.1038136742177014,-0.8814644135270214,-0.3611020011624484
0.1248524531752232,-0.8894321773483602,-0.4394005075994609,0.0581382310738082,4.18408156774195,0.4450381059668998,0.1037438548309107,-0.8801947849420477,-0.3658688826069882
0.1133209127331221,-0.8808286171816269,-0.4429010827266951,0.0347623517145429,4.142920623784196,0.4467170895978266,0.1030560529871668,-0.8775372816869003,-0.3658949983786277
0.1058030310276313,-0.8793948613505884,-0.447297892413603,0.0460559796538237,4.231556064024738,0.4237409430037059,0.1020580619351485,-0.8776428573646062,-0.360693466446531
0.113866059157333,-0.8901068626181896,-0.438435445029297,0.1616234448691498,4.231276112624394,0.4641750488370184,0.1014539061982813,-0.8795668736462889,-0.3588210264825985
0.1174650097241384,-0.8879603040033326,-0.4344165544497832,0.3538887561465697,4.209698369182552,0.2970415656851418,0.1005240066449613,-0.8789200000630628,-0.3569626726138138
0.1153820906296147,-0.8842326817910471,-0.4287567557314504,0.5793534093108949,4.271050090035297,0.212556653348632,0.1013706717407924,-0.8792649751550339,-0.3570361528409983
0.1165216155140525,-0.8885028844351016,-0.4376544738922931,0.9168335983326572,4.273789266731944,0.2453039467744174,0.1010820424640487,-0.8794790250231148,-0.3576769379485823
0.1143183480686893,-0.8893208529277233,-0.4453920388434108,1.0613893619183845,4.127156724949012,0.2213072273559027,0.0976579182859983,-0.8803191447830353,-0.3569542559936066
0.1109233312727006,-0.8811897356168192,-0.4383819192661473,0.9950757336101868,3.961177191462904,0.263856852380335,0.09690095978239,-0.8788696401241961,-0.3584812311696084
0.1108382575032594,-0.8795710457529268,-0.4434840616223645,0.9360330962471946,3.8792177714359073,0.2483048888204447,0.0982647786023084,-0.8763803439821395,-0.3595293493027957
0.1117172026743802,-0.88801952897211,-0.4416362248267597,0.9281262802077564,3.674947926529613,0.2377332825250552,0.0986427122134977,-0.8775935028364237,-0.3592042825963473
0.1108211772729731,-0.8885897668655898,-0.4388466144619444,1.005125402623934,3.450562969483048,0.2159478608037125,0.0985275963788025,-0.8751434736462058,-0.3577600978183604
0.1105218502761584,-0.8857171140317024,-0.4344936422439648,0.9725822380991676,3.318066383049968,0.1097593212536305,0.0980721628051113,-0.8758045145622777,-0.355993205880018
0.1072914552609466,-0.8885334264119216,-0.4325287253328004,0.9354023658551672,3.2284679482544703,0.0904372320738345,0.0966137689983084,-0.8793670265838254,-0.3563009125077022
0.1031350842719909,-0.8937931859798895,-0.433793347246667,0.9391533577356184,3.3049181652106028,0.0916683593634715,0.0957847779366107,-0.8781270194935429,-0.3543304573762816
0.1044214631245857,-0.8884124054263327,-0.4277704241041711,0.8204316393157027,3.4682570058923243,0.0648992275387623,0.0947342381057344,-0.880659840453719,-0.3505074205798625
0.1039655566478403,-0.8798933518186385,-0.431995214953729,0.7075238844083468,3.5444653470870287,0.1656939029548864,0.0937100387242376,-0.8822778517991687,-0.3508858426480643
0.0996138790024497,-0.8828919110875181,-0.4297877297837487,0.4469260827653169,3.4459354873693617,0.4135712898607073,0.0948556976489698,-0.8803395080184446,-0.3546440483149321
0.1004344822805774,-0.8796758402015816,-0.4352184790340933,0.0346162956036512,3.279241513836304,0.6496722743266337,0.0952810551508501,-0.8777416282103434,-0.3585148509397947
0.1146320043853858,-0.8840531272050339,-0.4424748923815825,-0.2423767765330621,3.120263765786694,0.8446103933350568,0.0981293548496984,-0.8756922555118455,-0.3629174496852844
0.1217380386792332,-0.8920420590722125,-0.4371131812608705,-0.4083784083489873,2.912166471759286,0.92497155670741,0.1012824856634666,-0.8774618602010626,-0.3657492270632949
0.1136117405874795,-0.8809266083984506,-0.4441914165644645,-0.460161653511465,2.725925707912112,0.7604580233031207,0.1021547220271718,-0.8771325633652367,-0.3647909287843062
0.1160978328421982,-0.8795771158813483,-0.4475388062682087,-0.325981922409198,2.540033951840324,0.480170435788215,0.1054769453934748,-0.8753444389453078,-0.3642025067718425
0.1206041949660711,-0.8827062074927707,-0.4469386074392262,-0.0057429473507734,2.4241039876837784,0.1608049695616165,0.1040772004695261,-0.874826662584455,-0.3648560003910788
0.1226530330324155,-0.8859475355209456,-0.4432712215040935,0.483226463259066,2.5330092187797946,-0.1271870468158117,0.1036001963481539,-0.8775656723154625,-0.3644604345987341
0.1276434059773784,-0.8926197317494382,-0.4402048714111598,1.1679303323118717,2.818966423674101,-0.4190574442931633,0.1090964852016707,-0.8802464526317333,-0.3623939439686569
0.1210597861933756,-0.8877522494937341,-0.4457242644177278,1.960588989721132,3.108513088809497,-0.7812452856571839,0.1060291313987658,-0.8813062661423796,-0.3633907160166837
0.1159539185949097,-0.8923620660114284,-0.4498653627527092,2.603898989937006,3.308508101976773,-1.0363432109644368,0.1020574536048972,-0.8856544316786905,-0.3681539962446126
0.1175791456202009,-0.8987942575799746,-0.4488679629245602,3.178461051434592,3.473086721497526,-1.119286618097692,0.1041459871283255,-0.8828799224361757,-0.3652636638596293
0.1128824175452007,-0.8942834723059466,-0.4343214032620609,3.721677135788896,3.491540598756059,-0.9983456784704642,0.1015995531605271,-0.879920066790641,-0.3592868004364633
0.1074889159761461,-0.8941111915536613,-0.4298790546962862,3.926218177655396,3.471457434151547,-0.7215875711682173,0.097025073761526,-0.8840243868403929,-0.3583389568644379
0.10412017976757,-0.8925115644196414,-0.4381564864497945,3.818934989798791,3.687233566871434,-0.3176335555153196,0.0940753180811938,-0.8821948773675141,-0.3524535837140279
0.1038208618123545,-0.8895974631491768,-0.4295466864111575,3.692100775100773,4.019955553490162,0.2494921004807999,0.0928503444994102,-0.8812308526092159,-0.3445511503142339
0.1091741514409148,-0.8884837556870904,-0.4193122450211159,3.377878334173066,4.469023378454165,0.7113227034336714,0.093067213177338,-0.8828537709630928,-0.3398609432201998
0.1116257641123981,-0.8930451443740299,-0.4178993731620875,2.707372644033552,5.055573794573421,0.9580018945491487,0.0928457695006165,-0.8833438142155913,-0.3350079018775623
0.1077540235736917,-0.900864931953172,-0.4149989947147149,2.212470476425771,5.573547868852113,1.010778559431111,0.0919591581379786,-0.8886088781185764,-0.335343824920202
0.1073796494008019,-0.9017723035963012,-0.4182096341668665,1.95106811921494,5.946414592316221,0.7180814673276508,0.0914070332503623,-0.8928311349596165,-0.3357866394493703
0.1116772249944435,-0.9039204508248464,-0.4211545340275066,1.6123039143508535,6.127320271054872,0.2693072044369728,0.0962297462264025,-0.8917357601868255,-0.3347000665621559
0.1124737685388166,-0.9012802862508348,-0.418660519098063,1.4014762136398156,6.0821347530546,-0.1106655957708168,0.0983393435096002,-0.8898322871543387,-0.3381028989827377
0.1145956985600652,-0.896152533709986,-0.4200222472990553,1.2535766907116834,5.861702001715827,-0.4215669415906357,0.0987116223172945,-0.8890580819024552,-0.3399404571902078
0.120305982588044,-0.8960168965780974,-0.4185640238727947,1.130465243718501,5.5869523049588,-0.5442249607848699,0.1063332604374697,-0.8870910506538499,-0.3431021065613947
0.1237071755162768,-0.8925944320727177,-0.4219200062134822,1.0344439808493044,5.226482526880332,-0.6690182248106041,0.1100000120583264,-0.8843154524233865,-0.3485123822546365
0.1255678517476302,-0.8905943885985934,-0.4268963637844076,0.8223360129375921,4.713048093129312,-0.9340127478210166,0.1105044855394007,-0.8827830751683403,-0.3517899887783247
0.1261001138242274,-0.8886398408622225,-0.424477039536547,0.7661014404777386,4.221131242155691,-1.1022169145914122,0.1107704270311897,-0.8822143469633645,-0.352936824519405
0.1266564229127136,-0.8910007249419158,-0.4287452392714952,0.8658173224156384,3.876194023080377,-1.2419468292352729,0.1085380636079585,-0.8812100430996178,-0.3508693563017268
0.128797739766893,-0.8929915159528796,-0.4291567531532839,1.0786305717504274,3.637394767285385,-1.4047255011340036,0.1075888727403581,-0.8814857100278437,-0.3478121965206331
0.1259916439679591,-0.889495815010106,-0.4200302742735596,1.291787406672542,3.3556186816973845,-1.44606577525321,0.1073963471068471,-0.8853992472810621,-0.3413947815571133
0.1187276426850939,-0.889596910473895,-0.4144927573492668,1.1650970868896606,3.118438563323205,-1.3815758388614168,0.1048309266829827,-0.883735029217072,-0.3368771729033296
0.1152389532063848,-0.8856892343678431,-0.4192131042517316,1.0156873949963394,2.953821499711148,-1.3227662032474283,0.1008406663045077,-0.8794825782036465,-0.3394917197362341
0.1131333267338097,-0.8899335528224644,-0.4210722411132354,0.8018458545290698,2.7579343983218623,-1.312491631143666,0.1002176828299194,-0.8828496871430402,-0.3408009235976381
0.1106405432104925,-0.8924945185265403,-0.4187219579919672,0.3557126944167886,2.666632730721324,-1.3508643407144765,0.0963681734200813,-0.8823912788388497,-0.3402944300081973
0.1043396270968067,-0.8850802194649088,-0.4244097318225441,0.0826103333815694,2.5736936620916664,-1.4333022437669585,0.0929329414925523,-0.8810308737948086,-0.3427714192844001
0.0979313654767988,-0.8902662045347255,-0.4213072933474413,-0.089404783895429,2.579797130378453,-1.518406811573914,0.0921177922202487,-0.8864082722615968,-0.3459265181398824
0.1006167614821165,-0.8920402103313051,-0.4173640715119222,-0.3028286687811258,2.694897014305537,-1.6157145810069955,0.0860445893407449,-0.8848940512326199,-0.3442091243218506
0.0987472294249719,-0.8908829636301543,-0.4169253404249595,-0.4720630258952396,2.716420471468338,-1.704974727026029,0.0870607607354981,-0.8810401398058797,-0.3440442377598945
0.0978987074921874,-0.8864656439566062,-0.4189571047784525,-0.6715958830527737,2.9198424004577745,-1.761439037027044,0.0916499474703642,-0.8808918251036107,-0.3494048220012458
0.1048050205528928,-0.8814490422102126,-0.4300398521400507,-0.8107043436079919,3.213913176155289,-1.7103783047928405,0.0910158049100403,-0.8779251374373532,-0.3513018412073417
0.1064358246939264,-0.8852174588029571,-0.4330328661730241,-0.8104311125500345,3.449611869322217,-1.626170009510878,0.0950680484528918,-0.876885554973535,-0.352048821027725
0.1121571824311625,-0.8803425095136674,-0.4363940326801038,-0.8951358179442386,3.658450897906426,-1.541600007189495,0.100118627126965,-0.8773870520443378,-0.352188872256667
0.1154387992508325,-0.8832856603910967,-0.4357431812522928,-1.075883019998224,3.7131492472763834,-1.3408850885648873,0.0995433820758601,-0.8770737630767202,-0.3501113882405972
0.1096567517115209,-0.8812470475350778,-0.4281223946830876,-1.2016171573246337,3.6960679243006074,-1.225455895463372,0.1006419637842832,-0.8743454866660418,-0.3476539436283773
0.1100749377346295,-0.8752624802854103,-0.4260299160561151,-1.4040816747816482,3.612663905629098,-1.0922065718344396,0.1036000221035464,-0.8728005160278296,-0.342736887345349
0.1156301431561691,-0.8857566238960694,-0.4203545962776406,-1.713628431294158,3.4976309999924307,-0.9234806023789458,0.1028738975608508,-0.8768157374341099,-0.3416827606768897
0.1222790066643456,-0.8877313379177609,-0.4239409105848232,-1.8582090686890775,3.561695449182001,-0.799085235617992,0.1048169352695704,-0.8785186868889077,-0.3416221646941864
0.1262567132251251,-0.8981687472422177,-0.4271543224950771,-1.733950028178498,3.761105293388487,-0.5909137100271039,0.1085633043452162,-0.8825409462363856,-0.3408242328742432
0.1251318920909133,-0.9055030920797292,-0.4149356749960613,-1.5197865627009834,3.911026949717581,-0.4789071685940116,0.1098911034241407,-0.8891832422309477,-0.3424184132175182
0.1288164396351212,-0.904587012515964,-0.4246180386141244,-1.209670392677103,4.109456874048022,-0.2794244062308285,0.1124655067634776,-0.8940674243098562,-0.3423022456217915
0.1367022168397574,-0.9114685114945852,-0.4379568960471264,-0.7482442617013095,4.423716271840029,-0.0747877935707516,0.1155954039172859,-0.8978658860023564,-0.3446258737943518
0.1357767786835349,-0.9075354339636992,-0.4238021818522245,-0.2408615309879874,4.748004438732708,0.0223473699221325,0.1168884197800285,-0.8976470446470524,-0.3443103032830354
0.1327472216670958,-0.914291014911226,-0.4219853149847764,0.3002642438325266,5.014845624058737,0.1953098241009271,0.1135784624934973,-0.8980123256616892,-0.3447775116987711
0.1329872693407177,-0.9174609100320784,-0.4247188427537191,0.9881052258240266,5.126346997733794,0.2905068076176905,0.1121229510544531,-0.8967256903560868,-0.3484132089719771
0.133448815893305,-0.9072333916889646,-0.422347683727213,1.846289440012021,5.175927367507223,0.4127238976080828,0.1136358772927195,-0.8947586053936457,-0.3454521051040369
0.1317263782148966,-0.9045877500223256,-0.4274418879812864,2.568723938021962,5.141651089426944,0.373395645733947,0.1111196101629863,-0.8930796796889129,-0.3464156107854622
0.1218299954157075,-0.9026100637250968,-0.4204443009350139,3.0153972286238457,4.990255557884742,0.2309522899848199,0.1107041075061745,-0.8886207250864135,-0.3455886342074247
0.1200258442221987,-0.8959339073722001,-0.4204315194966314,3.178272634083957,4.936667833274029,0.088949364976364,0.1090360756057955,-0.8841886359060748,-0.3394779351300143
0.1194117216840482,-0.8811254711674315,-0.4207470826527594,2.953187009760104,4.855421760416378,-0.2149435503750079,0.1031383623960168,-0.8776046886000801,-0.3379356320588454
0.1136047654353578,-0.8829661178799091,-0.4093964344385928,2.420638829810654,4.679310447226843,-0.2835304437700424,0.0997939516917721,-0.8748946028380528,-0.3320813840027078
0.1158024437227194,-0.889386854992739,-0.4111705162743676,1.66004259848958,4.580658278182242,-0.3672230019324852,0.0971228559425351,-0.8765312000160839,-0.3294508943469014
0.1113375424789172,-0.8823237717783564,-0.40937531227475,0.9536845980848871,4.487464664654415,-0.4908983931515265,0.0977004304635747,-0.8759990475067696,-0.3317638680094476
0.1120137674597989,-0.8807783462409942,-0.4057032746700126,0.3991650122746438,4.332088497988108,-0.451643935439684,0.100763408241634,-0.8766770454443615,-0.3278221745987839
0.1179451049496942,-0.8847595529466845,-0.4104802728568406,-0.2989552287624624,4.187631426065616,-0.4925527287197278,0.1025706893544454,-0.8809665261209276,-0.3270601527857126
0.1151001758425245,-0.8976557551627513,-0.4144067542690691,-1.0116013166783713,4.012026933656824,-0.4165032783341206,0.1036578029859625,-0.8846291487982244,-0.3283450449138568
0.1179545967484069,-0.8953042346053917,-0.4174866461653298,-1.5513639013012872,3.752727758753571,-0.4330972850025371,0.1018997883214386,-0.8841029824779076,-0.3289806905048417
0.1194128761931126,-0.8892458090174216,-0.4123149188699503,-2.000066892954841,3.4730869543148333,-0.4626569778919941,0.1034598258544487,-0.8844431504886721,-0.3334188018808678
0.1148500461405851,-0.902130849333518,-0.4157913830832961,-2.324658687394041,3.121463846421809,-0.3002893289875692,0.1066808890128792,-0.8857822974079528,-0.3337376097678591
0.1146432897196717,-0.8996196328699371,-0.420039009019903,-2.5503859259191723,2.673408648631524,-0.2499570888078854,0.1053584509455912,-0.8878212922157562,-0.3324300223919164
0.1178068835850317,-0.896303291806269,-0.4085244868445726,-2.716799462275823,2.239348164107972,-0.1609766360589147,0.1062164875544766,-0.8889744915678026,-0.3311210198678583
0.1203108056836653,-0.9014194359799363,-0.4120322819589119,-2.748762409765005,1.8579595337013215,-0.0590414315292004,0.1055809236789272,-0.8870628376179168,-0.3295288724722542
0.1219934312427154,-0.9012642432933556,-0.4151281205442839,-2.599926852928516,1.5777002318742563,0.0079644373187826,0.1025179975185858,-0.8894451668801278,-0.3333751036905935
0.1144065027018147,-0.9054510586849492,-0.4155755247915045,-2.2941844733698966,1.433572680203148,0.0648332090959367,0.1027848073816009,-0.8916511619171092,-0.3330363417562342
0.110653852923349,-0.909727472165471,-0.4279916498053581,-1.933455296558088,1.3735148149057823,-0.0246618832145498,0.1021441755477107,-0.8918763350778962,-0.3319675111391963
0.1180114593527567,-0.910120516976014,-0.4202106884861462,-1.4988964797362074,1.4597114932058974,-0.1390440986824658,0.103142274636665,-0.8936842180102575,-0.3352855351421344
0.1138867799468575,-0.9046310844670788,-0.4138212921546595,-0.941296946560868,1.6859122661027552,-0.2422352762478746,0.1029656551706807,-0.8925853278299731,-0.3353683080240779
0.1197406514167646,-0.8978608956061266,-0.4232000847438356,-0.3973511649591124,1.9967171783976805,-0.3078739632639201,0.1002447662732611,-0.8913170026175041,-0.3364719658040456
0.1261619068476826,-0.8984503992340922,-0.4294604347206412,-0.0915228442500938,2.516895089853462,-0.2823996305834748,0.1045188110290266,-0.8893616141433954,-0.3362007350669924
0.1174806107441176,-0.9006397278879874,-0.4291440725685955,0.0096279896909652,2.9962671319202245,-0.1953393309216017,0.1069283503804913,-0.8868711832277899,-0.3363244164579103
